	 Inner loop 2	303.702763819	0.0459220794761	-6.52703260363e-16	-0.342027548297	0.393185113514	-0.051254	9.64347834398e-05	0.0
	 Inner loop 2	303.702763819	0.0459220794761	-6.52703260363e-16	-0.342027548297	0.393185113514	-0.051254	9.64347834398e-05	0.0
Outer loop 	1	0.0459220794761	0.0
	 Inner loop 2	304.255527638	0.0459220794761	-6.52703260363e-16	-0.342027548297	0.393185113514	-0.051254	9.64347834398e-05	0.0
	 Inner loop 2	304.255527638	0.0459220794761	-6.52703260363e-16	-0.342027548297	0.393185113514	-0.051254	9.64347834398e-05	0.0
Outer loop 	2	0.0459220794761	0.0
	 Inner loop 2	304.808291457	0.0459220794761	-6.52703260363e-16	-0.342027548297	0.393185113514	-0.051254	9.64347834398e-05	0.0
	 Inner loop 2	304.808291457	0.0459220794761	-6.52703260363e-16	-0.342027548297	0.393185113514	-0.051254	9.64347834398e-05	0.0
Outer loop 	3	0.0459220794761	0.0
	 Inner loop 2	305.361055276	0.0459220794761	-6.52703260363e-16	-0.342027548297	0.393185113514	-0.051254	9.64347834398e-05	0.0
	 Inner loop 2	305.361055276	0.0459220794761	-6.52703260363e-16	-0.342027548297	0.393185113514	-0.051254	9.64347834398e-05	0.0
Outer loop 	4	0.0459220794761	0.0
	 Inner loop 2	305.913819095	0.0459220794761	-6.52703260363e-16	-0.342027548297	0.393185113514	-0.051254	9.64347834398e-05	0.0
	 Inner loop 2	305.913819095	0.0459220794761	-6.52703260363e-16	-0.342027548297	0.393185113514	-0.051254	9.64347834398e-05	0.0
Outer loop 	5	0.0459220794761	0.0
	 Inner loop 2	306.466582915	0.0459220794761	-6.52703260363e-16	-0.342027548297	0.393185113514	-0.051254	9.64347834398e-05	0.0
	 Inner loop 2	306.466582915	0.0459220794761	-6.52703260363e-16	-0.342027548297	0.393185113514	-0.051254	9.64347834398e-05	0.0
Outer loop 	6	0.0459220794761	0.0
	 Inner loop 2	307.019346734	0.0459220794761	-6.52703260363e-16	-0.342027548297	0.393185113514	-0.051254	9.64347834398e-05	0.0
	 Inner loop 2	307.019346734	0.0459220794761	-6.52703260363e-16	-0.342027548297	0.393185113514	-0.051254	9.64347834398e-05	0.0
Outer loop 	7	0.0459220794761	0.0
	 Inner loop 2	307.572110553	0.0459220794761	-6.52703260363e-16	-0.342027548297	0.393185113514	-0.051254	9.64347834398e-05	0.0
	 Inner loop 2	307.572110553	0.0459220794761	-6.52703260363e-16	-0.342027548297	0.393185113514	-0.051254	9.64347834398e-05	0.0
Outer loop 	8	0.0459220794761	0.0
	 Inner loop 2	308.124874372	0.0459220794761	-6.52703260363e-16	-0.342027548297	0.393185113514	-0.051254	9.64347834398e-05	0.0
	 Inner loop 2	308.124874372	0.0459220794761	-6.52703260363e-16	-0.342027548297	0.393185113514	-0.051254	9.64347834398e-05	0.0
Outer loop 	9	0.0459220794761	0.0
	 Inner loop 2	308.677638191	0.0459220794761	-6.52703260363e-16	-0.342027548297	0.393185113514	-0.051254	9.64347834398e-05	0.0
	 Inner loop 2	308.677638191	0.0459220794761	-6.52703260363e-16	-0.342027548297	0.393185113514	-0.051254	9.64347834398e-05	0.0
Outer loop 	10	0.0459220794761	0.0
	 Inner loop 2	309.23040201	0.0459220794761	-6.52703260363e-16	-0.342027548297	0.393185113514	-0.051254	9.64347834398e-05	0.0
	 Inner loop 2	309.23040201	0.0459220794761	-6.52703260363e-16	-0.342027548297	0.393185113514	-0.051254	9.64347834398e-05	0.0
Outer loop 	11	0.0459220794761	0.0
	 Inner loop 2	309.783165829	0.0459220794761	-6.52703260363e-16	-0.342027548297	0.393185113514	-0.051254	9.64347834398e-05	0.0
	 Inner loop 2	309.783165829	0.0459220794761	-6.52703260363e-16	-0.342027548297	0.393185113514	-0.051254	9.64347834398e-05	0.0
Outer loop 	12	0.0459220794761	0.0
	 Inner loop 2	310.335929648	0.0459220794761	-6.52703260363e-16	-0.342027548297	0.393185113514	-0.051254	9.64347834398e-05	0.0
	 Inner loop 2	310.335929648	0.0459220794761	-6.52703260363e-16	-0.342027548297	0.393185113514	-0.051254	9.64347834398e-05	0.0
Outer loop 	13	0.0459220794761	0.0
	 Inner loop 2	310.888693467	0.0459220794761	-6.52703260363e-16	-0.342027548297	0.393185113514	-0.051254	9.64347834398e-05	0.0
	 Inner loop 2	310.888693467	0.0459220794761	-6.52703260363e-16	-0.342027548297	0.393185113514	-0.051254	9.64347834398e-05	0.0
Outer loop 	14	0.0459220794761	0.0
	 Inner loop 2	311.441457286	0.0459220794761	-6.52703260363e-16	-0.342027548297	0.393185113514	-0.051254	9.64347834398e-05	0.0
	 Inner loop 2	311.441457286	0.0459220794761	-6.52703260363e-16	-0.342027548297	0.393185113514	-0.051254	9.64347834398e-05	0.0
Outer loop 	15	0.0459220794761	0.0
	 Inner loop 2	311.994221106	0.0459220794761	-6.52703260363e-16	-0.342027548297	0.393185113514	-0.051254	9.64347834398e-05	0.0
	 Inner loop 2	311.994221106	0.0459220794761	-6.52703260363e-16	-0.342027548297	0.393185113514	-0.051254	9.64347834398e-05	0.0
Outer loop 	16	0.0459220794761	0.0
	 Inner loop 2	312.546984925	0.0459220794761	-6.52703260363e-16	-0.342027548297	0.393185113514	-0.051254	9.64347834398e-05	0.0
	 Inner loop 2	312.546984925	0.0459220794761	-6.52703260363e-16	-0.342027548297	0.393185113514	-0.051254	9.64347834398e-05	0.0
Outer loop 	17	0.0459220794761	0.0
	 Inner loop 2	313.099748744	0.0459220794761	-6.52703260363e-16	-0.342027548297	0.393185113514	-0.051254	9.64347834398e-05	0.0
	 Inner loop 2	313.099748744	0.0459220794761	-6.52703260363e-16	-0.342027548297	0.393185113514	-0.051254	9.64347834398e-05	0.0
Outer loop 	18	0.0459220794761	0.0
	 Inner loop 2	313.652512563	0.0459220794761	-6.52703260363e-16	-0.342027548297	0.393185113514	-0.051254	9.64347834398e-05	0.0
	 Inner loop 2	313.652512563	0.0459220794761	-6.52703260363e-16	-0.342027548297	0.393185113514	-0.051254	9.64347834398e-05	0.0
Outer loop 	19	0.0459220794761	0.0
	 Inner loop 2	314.205276382	0.0459220794761	-6.52703260363e-16	-0.342027548297	0.393185113514	-0.051254	9.64347834398e-05	0.0
	 Inner loop 2	314.205276382	0.0459220794761	-6.52703260363e-16	-0.342027548297	0.393185113514	-0.051254	9.64347834398e-05	0.0
Outer loop 	20	0.0459220794761	0.0
	 Inner loop 2	314.758040201	0.0459220794761	-6.52703260363e-16	-0.342027548297	0.393185113514	-0.051254	9.64347834398e-05	0.0
	 Inner loop 2	314.758040201	0.0459220794761	-6.52703260363e-16	-0.342027548297	0.393185113514	-0.051254	9.64347834398e-05	0.0
Outer loop 	21	0.0459220794761	0.0
	 Inner loop 2	315.31080402	0.0459220794761	-6.52703260363e-16	-0.342027548297	0.393185113514	-0.051254	9.64347834398e-05	0.0
	 Inner loop 2	315.31080402	0.0459220794761	-6.52703260363e-16	-0.342027548297	0.393185113514	-0.051254	9.64347834398e-05	0.0
Outer loop 	22	0.0459220794761	0.0
	 Inner loop 2	315.863567839	0.0459220794761	-6.52703260363e-16	-0.342027548297	0.393185113514	-0.051254	9.64347834398e-05	0.0
	 Inner loop 2	315.863567839	0.0459220794761	-6.52703260363e-16	-0.342027548297	0.393185113514	-0.051254	9.64347834398e-05	0.0
Outer loop 	23	0.0459220794761	0.0
	 Inner loop 2	316.416331658	0.0459220794761	-6.52703260363e-16	-0.342027548297	0.393185113514	-0.051254	9.64347834398e-05	0.0
	 Inner loop 2	316.416331658	0.0459220794761	-6.52703260363e-16	-0.342027548297	0.393185113514	-0.051254	9.64347834398e-05	0.0
Outer loop 	24	0.0459220794761	0.0
	 Inner loop 2	316.969095477	0.0459220794761	-6.52703260363e-16	-0.342027548297	0.393185113514	-0.051254	9.64347834398e-05	0.0
	 Inner loop 2	316.969095477	0.0459220794761	-6.52703260363e-16	-0.342027548297	0.393185113514	-0.051254	9.64347834398e-05	0.0
Outer loop 	25	0.0459220794761	0.0
	 Inner loop 2	317.521859296	0.0459220794761	-6.52703260363e-16	-0.342027548297	0.393185113514	-0.051254	9.64347834398e-05	0.0
	 Inner loop 2	317.521859296	0.0459220794761	-6.52703260363e-16	-0.342027548297	0.393185113514	-0.051254	9.64347834398e-05	0.0
Outer loop 	26	0.0459220794761	0.0
	 Inner loop 2	318.074623116	0.0459220794761	-6.52703260363e-16	-0.342027548297	0.393185113514	-0.051254	9.64347834398e-05	0.0
	 Inner loop 2	318.074623116	0.0459220794761	-6.52703260363e-16	-0.342027548297	0.393185113514	-0.051254	9.64347834398e-05	0.0
Outer loop 	27	0.0459220794761	0.0
	 Inner loop 2	318.627386935	0.0459220794761	-6.52703260363e-16	-0.342027548297	0.393185113514	-0.051254	9.64347834398e-05	0.0
	 Inner loop 2	318.627386935	0.0459220794761	-6.52703260363e-16	-0.342027548297	0.393185113514	-0.051254	9.64347834398e-05	0.0
Outer loop 	28	0.0459220794761	0.0
	 Inner loop 2	319.180150754	0.0459220794761	-6.52703260363e-16	-0.342027548297	0.393185113514	-0.051254	9.64347834398e-05	0.0
	 Inner loop 2	319.180150754	0.0459220794761	-6.52703260363e-16	-0.342027548297	0.393185113514	-0.051254	9.64347834398e-05	0.0
Outer loop 	29	0.0459220794761	0.0
	 Inner loop 2	319.732914573	0.0459220794761	-6.52703260363e-16	-0.342027548297	0.393185113514	-0.051254	9.64347834398e-05	0.0
	 Inner loop 2	319.732914573	0.0459220794761	-6.52703260363e-16	-0.342027548297	0.393185113514	-0.051254	9.64347834398e-05	0.0
Outer loop 	30	0.0459220794761	0.0
	 Inner loop 2	320.285678392	0.0459220794761	-6.52703260363e-16	-0.342027548297	0.393185113514	-0.051254	9.64347834398e-05	0.0
	 Inner loop 2	320.285678392	0.0459220794761	-6.52703260363e-16	-0.342027548297	0.393185113514	-0.051254	9.64347834398e-05	0.0
Outer loop 	31	0.0459220794761	0.0
	 Inner loop 2	320.838442211	0.0459220794761	-6.52703260363e-16	-0.342027548297	0.393185113514	-0.051254	9.64347834398e-05	0.0
	 Inner loop 2	320.838442211	0.0459220794761	-6.52703260363e-16	-0.342027548297	0.393185113514	-0.051254	9.64347834398e-05	0.0
Outer loop 	32	0.0459220794761	0.0
	 Inner loop 2	321.39120603	0.0459220794761	-6.52703260363e-16	-0.342027548297	0.393185113514	-0.051254	9.64347834398e-05	0.0
	 Inner loop 2	321.39120603	0.0459220794761	-6.52703260363e-16	-0.342027548297	0.393185113514	-0.051254	9.64347834398e-05	0.0
Outer loop 	33	0.0459220794761	0.0
	 Inner loop 2	321.943969849	0.0459220794761	-6.52703260363e-16	-0.342027548297	0.393185113514	-0.051254	9.64347834398e-05	0.0
	 Inner loop 2	321.943969849	0.0459220794761	-6.52703260363e-16	-0.342027548297	0.393185113514	-0.051254	9.64347834398e-05	0.0
Outer loop 	34	0.0459220794761	0.0
	 Inner loop 2	322.496733668	0.0459220794761	-6.52703260363e-16	-0.342027548297	0.393185113514	-0.051254	9.64347834398e-05	0.0
	 Inner loop 2	322.496733668	0.0459220794761	-6.52703260363e-16	-0.342027548297	0.393185113514	-0.051254	9.64347834398e-05	0.0
Outer loop 	35	0.0459220794761	0.0
	 Inner loop 2	323.049497487	0.0459220794761	-6.52703260363e-16	-0.342027548297	0.393185113514	-0.051254	9.64347834398e-05	0.0
	 Inner loop 2	323.049497487	0.0459220794761	-6.52703260363e-16	-0.342027548297	0.393185113514	-0.051254	9.64347834398e-05	0.0
Outer loop 	36	0.0459220794761	0.0
	 Inner loop 2	323.602261307	0.0459220794761	-6.52703260363e-16	-0.342027548297	0.393185113514	-0.051254	9.64347834398e-05	0.0
	 Inner loop 2	323.602261307	0.0459220794761	-6.52703260363e-16	-0.342027548297	0.393185113514	-0.051254	9.64347834398e-05	0.0
Outer loop 	37	0.0459220794761	0.0
	 Inner loop 2	324.155025126	0.0459220794761	-6.52703260363e-16	-0.342027548297	0.393185113514	-0.051254	9.64347834398e-05	0.0
	 Inner loop 2	324.155025126	0.0459220794761	-6.52703260363e-16	-0.342027548297	0.393185113514	-0.051254	9.64347834398e-05	0.0
Outer loop 	38	0.0459220794761	0.0
	 Inner loop 2	324.707788945	0.0459220794761	-6.52703260363e-16	-0.342027548297	0.393185113514	-0.051254	9.64347834398e-05	0.0
	 Inner loop 2	324.707788945	0.0459220794761	-6.52703260363e-16	-0.342027548297	0.393185113514	-0.051254	9.64347834398e-05	0.0
Outer loop 	39	0.0459220794761	0.0
	 Inner loop 2	325.260552764	0.0459220794761	-6.52703260363e-16	-0.342027548297	0.393185113514	-0.051254	9.64347834398e-05	0.0
	 Inner loop 2	325.260552764	0.0459220794761	-6.52703260363e-16	-0.342027548297	0.393185113514	-0.051254	9.64347834398e-05	0.0
Outer loop 	40	0.0459220794761	0.0
	 Inner loop 2	325.813316583	0.0459220794761	-6.52703260363e-16	-0.342027548297	0.393185113514	-0.051254	9.64347834398e-05	0.0
	 Inner loop 2	325.813316583	0.0459220794761	-6.52703260363e-16	-0.342027548297	0.393185113514	-0.051254	9.64347834398e-05	0.0
Outer loop 	41	0.0459220794761	0.0
	 Inner loop 2	326.366080402	0.0459220794761	-6.52703260363e-16	-0.342027548297	0.393185113514	-0.051254	9.64347834398e-05	0.0
	 Inner loop 2	326.366080402	0.0459220794761	-6.52703260363e-16	-0.342027548297	0.393185113514	-0.051254	9.64347834398e-05	0.0
Outer loop 	42	0.0459220794761	0.0
	 Inner loop 2	326.918844221	0.0459220794761	-6.52703260363e-16	-0.342027548297	0.393185113514	-0.051254	9.64347834398e-05	0.0
	 Inner loop 2	326.918844221	0.0459220794761	-6.52703260363e-16	-0.342027548297	0.393185113514	-0.051254	9.64347834398e-05	0.0
Outer loop 	43	0.0459220794761	0.0
	 Inner loop 2	327.47160804	0.0459220794761	-6.52703260363e-16	-0.342027548297	0.393185113514	-0.051254	9.64347834398e-05	0.0
	 Inner loop 2	327.47160804	0.0459220794761	-6.52703260363e-16	-0.342027548297	0.393185113514	-0.051254	9.64347834398e-05	0.0
Outer loop 	44	0.0459220794761	0.0
	 Inner loop 2	328.024371859	0.0459220794761	-6.52703260363e-16	-0.342027548297	0.393185113514	-0.051254	9.64347834398e-05	0.0
	 Inner loop 2	328.024371859	0.0459220794761	-6.52703260363e-16	-0.342027548297	0.393185113514	-0.051254	9.64347834398e-05	0.0
Outer loop 	45	0.0459220794761	0.0
	 Inner loop 2	328.577135678	0.0459220794761	-6.52703260363e-16	-0.342027548297	0.393185113514	-0.051254	9.64347834398e-05	0.0
	 Inner loop 2	328.577135678	0.0459220794761	-6.52703260363e-16	-0.342027548297	0.393185113514	-0.051254	9.64347834398e-05	0.0
Outer loop 	46	0.0459220794761	0.0
	 Inner loop 2	329.129899497	0.0459220794761	-6.52703260363e-16	-0.342027548297	0.393185113514	-0.051254	9.64347834398e-05	0.0
	 Inner loop 2	329.129899497	0.0459220794761	-6.52703260363e-16	-0.342027548297	0.393185113514	-0.051254	9.64347834398e-05	0.0
Outer loop 	47	0.0459220794761	0.0
	 Inner loop 2	329.682663317	0.0459220794761	-6.52703260363e-16	-0.342027548297	0.393185113514	-0.051254	9.64347834398e-05	0.0
	 Inner loop 2	329.682663317	0.0459220794761	-6.52703260363e-16	-0.342027548297	0.393185113514	-0.051254	9.64347834398e-05	0.0
Outer loop 	48	0.0459220794761	0.0
	 Inner loop 2	330.235427136	0.0459220794761	-6.52703260363e-16	-0.342027548297	0.393185113514	-0.051254	9.64347834398e-05	0.0
	 Inner loop 2	330.235427136	0.0459220794761	-6.52703260363e-16	-0.342027548297	0.393185113514	-0.051254	9.64347834398e-05	0.0
Outer loop 	49	0.0459220794761	0.0
	 Inner loop 2	330.788190955	0.0459220794761	-6.52703260363e-16	-0.342027548297	0.393185113514	-0.051254	9.64347834398e-05	0.0
	 Inner loop 2	330.788190955	0.0459220794761	-6.52703260363e-16	-0.342027548297	0.393185113514	-0.051254	9.64347834398e-05	0.0
Outer loop 	50	0.0459220794761	0.0
	 Inner loop 2	331.340954774	0.0459220794761	-6.52703260363e-16	-0.342027548297	0.393185113514	-0.051254	9.64347834398e-05	0.0
	 Inner loop 2	331.340954774	0.0459220794761	-6.52703260363e-16	-0.342027548297	0.393185113514	-0.051254	9.64347834398e-05	0.0
Outer loop 	51	0.0459220794761	0.0
	 Inner loop 2	331.893718593	0.0459220794761	-6.52703260363e-16	-0.342027548297	0.393185113514	-0.051254	9.64347834398e-05	0.0
	 Inner loop 2	331.893718593	0.0459220794761	-6.52703260363e-16	-0.342027548297	0.393185113514	-0.051254	9.64347834398e-05	0.0
Outer loop 	52	0.0459220794761	0.0
	 Inner loop 2	332.446482412	0.0459220794761	-6.52703260363e-16	-0.342027548297	0.393185113514	-0.051254	9.64347834398e-05	0.0
	 Inner loop 2	332.446482412	0.0459220794761	-6.52703260363e-16	-0.342027548297	0.393185113514	-0.051254	9.64347834398e-05	0.0
Outer loop 	53	0.0459220794761	0.0
	 Inner loop 2	332.999246231	0.0459220794761	-6.52703260363e-16	-0.342027548297	0.393185113514	-0.051254	9.64347834398e-05	0.0
	 Inner loop 2	332.999246231	0.0459220794761	-6.52703260363e-16	-0.342027548297	0.393185113514	-0.051254	9.64347834398e-05	0.0
Outer loop 	54	0.0459220794761	0.0
	 Inner loop 2	333.55201005	0.0459220794761	-6.52703260363e-16	-0.342027548297	0.393185113514	-0.051254	9.64347834398e-05	0.0
	 Inner loop 2	333.55201005	0.0459220794761	-6.52703260363e-16	-0.342027548297	0.393185113514	-0.051254	9.64347834398e-05	0.0
Outer loop 	55	0.0459220794761	0.0
	 Inner loop 2	334.104773869	0.0459220794761	-6.52703260363e-16	-0.342027548297	0.393185113514	-0.051254	9.64347834398e-05	0.0
	 Inner loop 2	334.104773869	0.0459220794761	-6.52703260363e-16	-0.342027548297	0.393185113514	-0.051254	9.64347834398e-05	0.0
Outer loop 	56	0.0459220794761	0.0
	 Inner loop 2	334.657537688	0.0459220794761	-6.52703260363e-16	-0.342027548297	0.393185113514	-0.051254	9.64347834398e-05	0.0
	 Inner loop 2	334.657537688	0.0459220794761	-6.52703260363e-16	-0.342027548297	0.393185113514	-0.051254	9.64347834398e-05	0.0
Outer loop 	57	0.0459220794761	0.0
	 Inner loop 2	335.210301508	0.0459220794761	-6.52703260363e-16	-0.342027548297	0.393185113514	-0.051254	9.64347834398e-05	0.0
	 Inner loop 2	335.210301508	0.0459220794761	-6.52703260363e-16	-0.342027548297	0.393185113514	-0.051254	9.64347834398e-05	0.0
Outer loop 	58	0.0459220794761	0.0
	 Inner loop 2	335.763065327	0.0459220794761	-6.52703260363e-16	-0.342027548297	0.393185113514	-0.051254	9.64347834398e-05	0.0
	 Inner loop 2	335.763065327	0.0459220794761	-6.52703260363e-16	-0.342027548297	0.393185113514	-0.051254	9.64347834398e-05	0.0
Outer loop 	59	0.0459220794761	0.0
	 Inner loop 2	336.315829146	0.0459220794761	-6.52703260363e-16	-0.342027548297	0.393185113514	-0.051254	9.64347834398e-05	0.0
	 Inner loop 2	336.315829146	0.0459220794761	-6.52703260363e-16	-0.342027548297	0.393185113514	-0.051254	9.64347834398e-05	0.0
Outer loop 	60	0.0459220794761	0.0
	 Inner loop 2	336.868592965	0.0459218735399	-6.26086188547e-05	-0.342090156916	0.393185113514	-0.051254	9.64347834398e-05	0.0
	 Inner loop 2	336.868592965	0.0459218996736	7.94515882583e-06	-0.342028010601	0.393183721054	-0.0512539999996	0.000106234705273	-3.91559685153e-06
	 Inner loop 2	336.868592965	0.0459218967309	7.24156666706e-11	-0.342035008911	0.393183877861	-0.0512539999997	0.000105131122421	-3.47465603422e-06
	 Inner loop 2	336.868592965	0.0459218967309	-9.18394285859e-12	-0.342035008983	0.393183877863	-0.0512539999997	0.000105131111093	-3.47465150821e-06
Outer loop 	61	0.0459218967309	-3.47465201521e-06
	 Inner loop 2	337.421356784	0.0459213051743	-0.000124284166976	-0.34216675382	0.393182642211	-0.0512539999988	0.000113827441294	-6.94930403412e-06
	 Inner loop 2	337.421356784	0.0459213531276	1.45784651736e-05	-0.342044581146	0.393179877989	-0.0512539999944	0.000133281616309	-1.4722295261e-05
	 Inner loop 2	337.421356784	0.0459213480953	6.24378260493e-10	-0.342057406794	0.393180168191	-0.051253999995	0.000131239223307	-1.39062492004e-05
	 Inner loop 2	337.421356784	0.0459213480951	-7.32171037666e-11	-0.342057407408	0.393180168204	-0.051253999995	0.000131239125572	-1.39062101502e-05
Outer loop 	62	0.0459213480951	-1.39062142469e-05
	 Inner loop 2	337.974120603	0.0459200177739	-0.000237632268799	-0.342317437987	0.393176458544	-0.0512539999848	0.000157347159289	-2.43377764786e-05
	 Inner loop 2	337.974120603	0.0459200935781	2.30444639621e-05	-0.342088674026	0.393171173094	-0.0512539999606	0.000194545356864	-3.92004608733e-05
	 Inner loop 2	337.974120603	0.045920086889	3.69861396791e-09	-0.342108893621	0.393171640341	-0.0512539999632	0.000191256941981	-3.78865619277e-05
	 Inner loop 2	337.974120603	0.0459200868878	-3.58089161377e-10	-0.342108897181	0.393171640423	-0.0512539999632	0.00019125636301	-3.78863305979e-05
Outer loop 	63	0.0459200868879	-3.78863510149e-05
	 Inner loop 2	338.526884422	0.0459173521753	-0.000447903712121	-0.342608290132	0.393163112629	-0.0512539999019	0.000251273692413	-6.18664877904e-05
	 Inner loop 2	338.526884422	0.0459174448384	2.8166832241e-05	-0.342192376383	0.393153149365	-0.051253999793	0.000321393643223	-8.98831866256e-05
	 Inner loop 2	338.526884422	0.0459174393997	1.32984868666e-08	-0.342216970712	0.393153738846	-0.0512539998005	0.000317244965819	-8.8225566447e-05
	 Inner loop 2	338.526884422	0.045917439397	-8.30033150068e-10	-0.342216983055	0.393153739141	-0.0512539998005	0.00031724288392	-8.82247346161e-05
Outer loop 	64	0.0459174393971	-8.82247834844e-05
	 Inner loop 2	339.079648241	0.04591253901	-0.000684699828756	-0.343009767751	0.393135837832	-0.051253999508	0.000443229598335	-0.00013856321595
	 Inner loop 2	339.079648241	0.0459125755155	1.10946669854e-05	-0.342405949366	0.393120604633	-0.0512539991567	0.000550438557077	-0.000181398972034
	 Inner loop 2	339.079648241	0.0459125749685	1.06514313531e-08	-0.34241556678	0.393120847533	-0.0512539991631	0.000548729061524	-0.000180715936442
	 Inner loop 2	339.079648241	0.0459125749679	-1.62373761138e-10	-0.342415576163	0.39312084777	-0.0512539991631	0.000548727393728	-0.000180715270068
Outer loop 	65	0.0459125749679	-0.000180715280075
	 Inner loop 2	339.63241206	0.0459047486955	-0.000899912817268	-0.34351408297	0.393087956409	-0.0512539980872	0.00078021183131	-0.000273205776662
	 Inner loop 2	339.63241206	0.0459046312074	-3.5696462378e-05	-0.342770786401	0.393067929589	-0.0512539972173	0.000921157566186	-0.000329521192752
	 Inner loop 2	339.63241206	0.0459046261758	-5.42740884219e-08	-0.342740138894	0.393067102367	-0.0512539971779	0.000926979430002	-0.000331847341064
	 Inner loop 2	339.63241206	0.0459046261685	-2.23528730551e-09	-0.342740094148	0.39306710116	-0.0512539971778	0.000926987930653	-0.000331850737532
Outer loop 	66	0.0459046261681	-0.000331850883423
	 Inner loop 2	340.185175879	0.045893137281	-0.00107515651266	-0.344139766112	0.393013354449	-0.0512539940218	0.00130524917279	-0.000482986486767
	 Inner loop 2	340.185175879	0.0458927803533	-0.000108399305514	-0.343317536743	0.39298941777	-0.0512539922395	0.0014737119073	-0.000550296426992
	 Inner loop 2	340.185175879	0.0458927396	-2.21991203502e-07	-0.343225565351	0.39298673375	-0.0512539920251	0.00149260163524	-0.000557843891199
	 Inner loop 2	340.185175879	0.0458927395248	-2.2832197317e-08	-0.343225396034	0.392986728808	-0.0512539920247	0.00149263641934	-0.000557857789319
	 Inner loop 2	340.185175879	0.0458927395162	-1.40807504545e-14	-0.343225376623	0.392986728241	-0.0512539920247	0.00149264040709	-0.000557859382641
	 Inner loop 2	340.185175879	0.0458927395162	-1.14665221762e-15	-0.343225376623	0.392986728241	-0.0512539920247	0.00149264040709	-0.000557859382641
Outer loop 	67	0.0458927395162	-0.000557859382641
	 Inner loop 2	340.737939698	0.0458768812519	-0.00120551063049	-0.34491617427	0.392906355374	-0.0512539842535	0.0020582925184	-0.000783867881863
	 Inner loop 2	340.737939698	0.0458762313243	-0.000197266283385	-0.344070076409	0.392879500893	-0.0512539810735	0.00224729030661	-0.000859382682592
	 Inner loop 2	340.737939698	0.0458761025557	-4.86351542257e-07	-0.343905022425	0.39287424649	-0.0512539804171	0.00228427000014	-0.000874158062849
	 Inner loop 2	340.737939698	0.0458761022897	-8.07551009093e-08	-0.343904682248	0.392874235655	-0.0512539804157	0.00228434625291	-0.000874188529937
	 Inner loop 2	340.737939698	0.0458761022367	-8.46592761172e-14	-0.343904614518	0.392874233498	-0.0512539804154	0.00228436143498	-0.000874194595996
	 Inner loop 2	340.737939698	0.0458761022367	-1.86682266867e-14	-0.343904614518	0.392874233498	-0.0512539804154	0.00228436143499	-0.000874194595999
Outer loop 	68	0.0458761022367	-0.000874194595999
	 Inner loop 2	341.290703518	0.0458552072045	-0.0012913567673	-0.345875214309	0.392761738756	-0.0512539636773	0.00307608246291	-0.00119052980936
	 Inner loop 2	341.290703518	0.0458542483728	-0.000290795091959	-0.345048482887	0.392732949506	-0.0512539585695	0.00327869685842	-0.00127148517846
	 Inner loop 2	341.290703518	0.045853967069	-7.94387545911e-07	-0.344809006023	0.392724581908	-0.0512539570219	0.00333758674898	-0.00129501486308
	 Inner loop 2	341.290703518	0.0458539664723	-1.80953052703e-07	-0.344808499528	0.392724564197	-0.0512539570186	0.00333771139653	-0.00129506466649
	 Inner loop 2	341.290703518	0.0458539662963	-3.05019898228e-13	-0.344808350121	0.392724558973	-0.0512539570176	0.0033377481655	-0.00129507935768
	 Inner loop 2	341.290703518	0.0458539662963	-6.20905236948e-14	-0.344808350121	0.392724558973	-0.0512539570176	0.00333774816555	-0.0012950793577
Outer loop 	69	0.0458539662963	-0.0012950793577
	 Inner loop 2	341.843467337	0.0458274188393	-0.00133665643372	-0.347048751237	0.392574884447	-0.0512539245405	0.00439113489611	-0.0017159641194
	 Inner loop 2	341.843467337	0.0458261685288	-0.000378812567034	-0.346271017572	0.392545055507	-0.051253916983	0.00460106648124	-0.00179984310004
	 Inner loop 2	341.843467337	0.0458256704579	-1.07610981311e-06	-0.34596451785	0.392533257655	-0.0512539138944	0.00468409797989	-0.00183301865799
	 Inner loop 2	341.843467337	0.0458256694419	-3.07800888974e-07	-0.345963894556	0.392533233639	-0.0512539138881	0.00468426700455	-0.00183308619245
	 Inner loop 2	341.843467337	0.0458256690349	-7.04400947293e-13	-0.345963644852	0.392533224017	-0.0512539138855	0.00468433471943	-0.00183311324819
	 Inner loop 2	341.843467337	0.0458256690349	-1.98394252415e-13	-0.345963644851	0.392533224017	-0.0512539138855	0.00468433471954	-0.00183311324823
Outer loop 	70	0.0458256690349	-0.00183311324825
	 Inner loop 2	342.396231156	0.0457929186059	-0.00134760418469	-0.348466558603	0.392341889061	-0.0512538559164	0.0060309212736	-0.0023711471388
	 Inner loop 2	342.396231156	0.0457914175784	-0.000454206210265	-0.347754974172	0.392311778493	-0.0512538454426	0.0062428349118	-0.00245581805644
	 Inner loop 2	342.396231156	0.0457906501538	-1.27722163987e-06	-0.347394489155	0.392296468653	-0.0512538399762	0.00635058325627	-0.00249886932619
	 Inner loop 2	342.396231156	0.0457906487205	-4.33694040724e-07	-0.347393817962	0.392296440112	-0.0512538399659	0.00635078412229	-0.00249894958299
	 Inner loop 2	342.396231156	0.0457906479836	-1.15241496901e-12	-0.347393472875	0.392296425438	-0.0512538399606	0.00635088739622	-0.00249899084649
	 Inner loop 2	342.396231156	0.0457906479836	-3.93770953344e-13	-0.347393472874	0.392296425438	-0.0512538399606	0.00635088739639	-0.00249899084656
Outer loop 	71	0.0457906479836	-0.0024989908466
	 Inner loop 2	342.948994975	0.0457512211711	-0.00133126297157	-0.350154586594	0.392059626859	-0.0512537433101	0.0080174400734	-0.00316486844495
	 Inner loop 2	342.948994975	0.0457495224317	-0.000513260862194	-0.349516465933	0.392029836833	-0.0512537295419	0.00822709777935	-0.0032486379961
	 Inner loop 2	342.948994975	0.0457484518706	-1.37463853493e-06	-0.349117461029	0.392011142677	-0.0512537207182	0.00835866443147	-0.00330120596323
	 Inner loop 2	342.948994975	0.045748450106	-5.33154188071e-07	-0.349116805309	0.392011111913	-0.0512537207036	0.00835888094589	-0.0033012924724
	 Inner loop 2	342.948994975	0.0457484489879	-1.47598253064e-12	-0.349116389855	0.392011092421	-0.0512537206943	0.00835901812679	-0.00330134728357
	 Inner loop 2	342.948994975	0.0457484489879	-5.74059896841e-13	-0.349116389854	0.392011092421	-0.0512537206943	0.00835901812702	-0.00330134728366
Outer loop 	72	0.0457484489879	-0.00330134728372
	 Inner loop 2	343.501758794	0.0457019582046	-0.00129453418477	-0.352133874014	0.391725759403	-0.0512535684321	0.0103671488579	-0.00410370372084
	 Inner loop 2	343.501758794	0.0457001177429	-0.00055509701883	-0.351569668822	0.391696740023	-0.0512535510979	0.0105713828783	-0.00418530621737
	 Inner loop 2	343.501758794	0.0456987313644	-1.37377148315e-06	-0.351147510413	0.391674952198	-0.0512535378591	0.0107247223027	-0.00424657358028
	 Inner loop 2	343.501758794	0.0456987294018	-5.91890997065e-07	-0.351146914516	0.391674921398	-0.0512535378402	0.0107249390668	-0.0042466601892
	 Inner loop 2	343.501758794	0.0456987279161	-1.54605148128e-12	-0.351146463418	0.391674898083	-0.051253537826	0.0107251031592	-0.00424672575299
	 Inner loop 2	343.501758794	0.0456987279161	-6.61014645797e-13	-0.351146463417	0.391674898083	-0.051253537826	0.0107251031595	-0.00424672575309
Outer loop 	73	0.0456987279161	-0.00424672575316
	 Inner loop 2	344.054522613	0.0456448756457	-0.00124354984102	-0.354420132628	0.391338703745	-0.0512533091503	0.0130911881922	-0.0051921042226
	 Inner loop 2	344.054522613	0.0456429461027	-0.000580774432207	-0.353926036789	0.391310770203	-0.0512532880891	0.0132877802427	-0.00527065334033
	 Inner loop 2	344.054522613	0.0456412507317	-1.2969264281e-06	-0.353494391228	0.391286289097	-0.0512532693709	0.013460074576	-0.00533949421076
	 Inner loop 2	344.054522613	0.0456412487115	-6.0801236797e-07	-0.353493878261	0.39128625996	-0.0512532693485	0.0134602796365	-0.0053395761435
	 Inner loop 2	344.054522613	0.0456412469285	-1.4310375801e-12	-0.353493425534	0.391286234245	-0.0512532693287	0.0134604606161	-0.00533964845458
	 Inner loop 2	344.054522613	0.0456412469285	-6.73763128622e-13	-0.353493425533	0.391286234245	-0.0512532693287	0.0134604606163	-0.00533964845467
Outer loop 	74	0.0456412469285	-0.00533964845475
	 Inner loop 2	344.607286432	0.0455798253767	-0.00118340942521	-0.357023858295	0.390897570407	-0.0512529396104	0.0161958180734	-0.00643257115635
	 Inner loop 2	344.607286432	0.0455778525094	-0.000592434324692	-0.356593783792	0.390870925861	-0.0512529147645	0.0163833383715	-0.00650749562019
	 Inner loop 2	344.607286432	0.0455758705564	-1.17159380207e-06	-0.356163844725	0.390844211304	-0.0512528895644	0.0165713513921	-0.00658261695319
	 Inner loop 2	344.607286432	0.0455758685972	-5.88299789089e-07	-0.356163420751	0.390844184921	-0.0512528895394	0.0165715370695	-0.00658269114131
	 Inner loop 2	344.607286432	0.0455758666211	-1.14519158045e-12	-0.356162993139	0.390844158312	-0.0512528895141	0.0165717243404	-0.00658276596612
	 Inner loop 2	344.607286432	0.0455758666211	-5.77388831191e-13	-0.356162993139	0.390844158312	-0.0512528895141	0.0165717243406	-0.00658276596619
Outer loop 	75	0.0455758666211	-0.00658276596626
	 Inner loop 2	345.160050251	0.0455067533469	-0.00111814401631	-0.359950783964	0.390402082379	-0.0512524304964	0.019682988065	-0.00782588347777
	 Inner loop 2	345.160050251	0.045504774629	-0.000592643610664	-0.359577712621	0.390376841526	-0.0512524018981	0.0198606293831	-0.00789686075673
	 Inner loop 2	345.160050251	0.0455025393047	-1.02270579249e-06	-0.359158025509	0.39034837092	-0.0512523693305	0.020061001214	-0.00797692010043
	 Inner loop 2	345.160050251	0.0455025374903	-5.43368917732e-07	-0.359157685614	0.390348347829	-0.0512523693039	0.0200611637199	-0.0079769850303
	 Inner loop 2	345.160050251	0.0455025354336	-8.56627269119e-13	-0.359157300316	0.390348321655	-0.0512523692739	0.0200613479341	-0.0079770586338
	 Inner loop 2	345.160050251	0.0455025354336	-4.54209586609e-13	-0.359157300315	0.390348321655	-0.0512523692739	0.0200613479342	-0.00797705863386
Outer loop 	76	0.0455025354336	-0.00797705863392
	 Inner loop 2	345.71281407	0.0454256859414	-0.00105080653851	-0.363202513667	0.389852484997	-0.0512517493963	0.023550971528	-0.00937135130158
	 Inner loop 2	345.71281407	0.0454237305586	-0.000583966600633	-0.362879342741	0.389828695604	-0.0512517171508	0.0237183976873	-0.00943824707414
	 Inner loop 2	345.71281407	0.0454212812542	-8.69172784908e-07	-0.362475990982	0.389798932521	-0.0512516764852	0.023927865773	-0.00952194086178
	 Inner loop 2	345.71281407	0.0454212796335	-4.83956889518e-07	-0.362475724623	0.389798912841	-0.0512516764582	0.0239280042831	-0.00952199620401
	 Inner loop 2	345.71281407	0.0454212775974	-6.02493749335e-13	-0.362475389989	0.389798888115	-0.0512516764242	0.0239281782969	-0.00952206573192
	 Inner loop 2	345.71281407	0.0454212775974	-3.39547834294e-13	-0.362475389988	0.389798888115	-0.0512516764242	0.023928178297	-0.00952206573195
Outer loop 	77	0.0454212775974	-0.00952206573201
	 Inner loop 2	346.265577889	0.0453367159869	-0.000983617642468	-0.366777219644	0.389249454576	-0.0512508612345	0.0277950086598	-0.0110670728301
	 Inner loop 2	346.265577889	0.0453348056109	-0.000568725562564	-0.366497241741	0.389227115753	-0.0512508255024	0.0279522259278	-0.0111298896005
	 Inner loop 2	346.265577889	0.0453321840184	-7.23391420786e-07	-0.366114209834	0.389196488796	-0.0512507761844	0.0281677738312	-0.0112160126029
	 Inner loop 2	346.265577889	0.0453321826112	-4.18906016087e-07	-0.366114004587	0.389196472364	-0.0512507761578	0.0281678894752	-0.0112160588089
	 Inner loop 2	346.265577889	0.0453321806751	-3.9353936776e-13	-0.366113722213	0.389196449757	-0.0512507761213	0.0281680485764	-0.0112161223784
	 Inner loop 2	346.265577889	0.0453321806751	-2.25888752148e-13	-0.366113722213	0.389196449757	-0.0512507761213	0.0281680485765	-0.0112161223784
Outer loop 	78	0.0453321806751	-0.0112161223785
	 Inner loop 2	346.818341709	0.0452399893634	-0.00091812438359	-0.370670325902	0.3885940114	-0.0512497287375	0.032407918856	-0.0129101790249
	 Inner loop 2	346.818341709	0.045238139272	-0.000548894650234	-0.370427465369	0.388573088356	-0.0512496897184	0.0325551720815	-0.0129690146234
	 Inner loop 2	346.818341709	0.0452353864567	-5.92261803295e-07	-0.370067056072	0.38854197881	-0.0512496313748	0.032774116375	-0.0130564946667
	 Inner loop 2	346.818341709	0.0452353852616	-3.54515132091e-07	-0.370066899857	0.38854196531	-0.0512496313494	0.0327742113815	-0.0130565326269
	 Inner loop 2	346.818341709	0.0452353834796	-2.36970165712e-13	-0.37006666692	0.388541945181	-0.0512496313115	0.0327743530502	-0.0130565892312
	 Inner loop 2	346.818341709	0.0452353834796	-1.403460681e-13	-0.37006666692	0.388541945181	-0.0512496313115	0.0327743530503	-0.0130565892312
Outer loop 	79	0.0452353834796	-0.0130565892312
	 Inner loop 2	347.371105528	0.0451356928191	-0.000855348816738	-0.374875134042	0.387887440604	-0.0512483129029	0.0373806575241	-0.014897056084
	 Inner loop 2	347.371105528	0.0451339130901	-0.000526077271545	-0.374664031916	0.387867876131	-0.0512482708209	0.0375183493348	-0.0149520713821
	 Inner loop 2	347.371105528	0.0451310674975	-4.7867852164e-07	-0.374327266128	0.387836612475	-0.0512482032526	0.0377383782273	-0.0150399847811
	 Inner loop 2	347.371105528	0.0451310665004	-2.9469883648e-07	-0.374327148291	0.387836601524	-0.0512482032289	0.0377384552973	-0.0150400155747
	 Inner loop 2	347.371105528	0.0451310649033	-1.51732792997e-13	-0.37432695954	0.387836583983	-0.0512482031908	0.037738578748	-0.0150400648999
	 Inner loop 2	347.371105528	0.0451310649033	-9.05248098704e-14	-0.37432695954	0.387836583983	-0.0512482031908	0.037738578748	-0.0150400648999
Outer loop 	80	0.0451310649033	-0.0150400648999
	 Inner loop 2	347.923869347	0.0450241154028	-0.00077468265745	-0.379383370119	0.387131222786	-0.0512465734508	0.042724038127	-0.0170235405687
	 Inner loop 2	347.923869347	0.045022460606	-0.000487228927042	-0.37920428717	0.387113433512	-0.0512465297421	0.0428501544731	-0.0170735640069
	 Inner loop 2	347.923869347	0.0450196540609	-3.5955201879e-07	-0.378901135575	0.387083275929	-0.0512464553512	0.0430639554454	-0.0171583671277
	 Inner loop 2	347.923869347	0.0450196532922	-2.26311035238e-07	-0.378901052641	0.387083267671	-0.0512464553308	0.0430640139894	-0.0171583903489
	 Inner loop 2	347.923869347	0.0450196519865	-4.93285967629e-14	-0.378900911776	0.387083253645	-0.0512464552961	0.043064113427	-0.0171584297903
	 Inner loop 2	347.923869347	0.0450196519865	-2.97747937417e-14	-0.378900911776	0.387083253645	-0.0512464552961	0.043064113427	-0.0171584297903
Outer loop 	81	0.0450196519865	-0.0171584297903
	 Inner loop 2	348.476633166	0.044905772792	-0.000723184699941	-0.384213449258	0.386329923307	-0.0512444774346	0.0484048186856	-0.0192767946807
	 Inner loop 2	348.476633166	0.0449041889601	-0.000464398203742	-0.384056256982	0.386313247307	-0.0512444310503	0.048523042521	-0.0193236875928
	 Inner loop 2	348.476633166	0.0449013452854	-2.87427342038e-07	-0.383774489896	0.386283316877	-0.0512443475163	0.0487352331075	-0.0194078519619
	 Inner loop 2	348.476633166	0.0449013446554	-1.8468893663e-07	-0.383774427542	0.386283310248	-0.0512443474977	0.048735280103	-0.0194078706024
	 Inner loop 2	348.476633166	0.044901343523	-3.57838758624e-14	-0.383774315452	0.386283298331	-0.0512443474644	0.048735364585	-0.0194079041118
	 Inner loop 2	348.476633166	0.044901343523	-2.65690247581e-14	-0.383774315452	0.386283298331	-0.0512443474644	0.048735364585	-0.0194079041118
Outer loop 	82	0.044901343523	-0.0194079041118
	 Inner loop 2	349.029396985	0.0447806875318	-0.000685350788951	-0.38933332922	0.385483343018	-0.0512419803294	0.0544066157431	-0.0216573784332
	 Inner loop 2	349.029396985	0.0447791526593	-0.000448073886099	-0.389192760269	0.385467469958	-0.0512419307362	0.0545191471611	-0.0217020134755
	 Inner loop 2	349.029396985	0.0447762529195	-2.35284657299e-07	-0.388927575519	0.385437490304	-0.0512418367902	0.0547316867208	-0.0217863162631
	 Inner loop 2	349.029396985	0.0447762523922	-1.53905687771e-07	-0.388927527346	0.385437484854	-0.0512418367731	0.0547317253598	-0.0217863315891
	 Inner loop 2	349.029396985	0.0447762513951	-3.35564909193e-14	-0.38892743624	0.385437474546	-0.0512418367407	0.0547317984348	-0.0217863605739
	 Inner loop 2	349.029396985	0.0447762513951	-2.65065747129e-14	-0.38892743624	0.385437474546	-0.0512418367407	0.0547317984348	-0.0217863605739
Outer loop 	83	0.0447762513951	-0.0217863605739
	 Inner loop 2	349.582160804	0.0446489661418	-0.000637332741665	-0.394718179648	0.384591650761	-0.0512390361393	0.0607282322847	-0.0241648170361
	 Inner loop 2	349.582160804	0.0446475097135	-0.000423222180361	-0.394594421688	0.384576821709	-0.0512389844533	0.0608333622516	-0.0242065163286
	 Inner loop 2	349.582160804	0.0446446297637	-1.84319657752e-07	-0.394350008497	0.384547505115	-0.0512388820097	0.061041201072	-0.0242889545908
	 Inner loop 2	349.582160804	0.0446446293423	-1.22449314605e-07	-0.394349972761	0.384547500826	-0.0512388819946	0.061041231481	-0.0242889666523
	 Inner loop 2	349.582160804	0.0446446285082	-2.54726795212e-14	-0.394349902036	0.384547492337	-0.0512388819649	0.0610412916643	-0.0242889905237
	 Inner loop 2	349.582160804	0.0446446285082	-2.58126853225e-15	-0.394349902036	0.384547492337	-0.0512388819649	0.0610412916643	-0.0242889905237
Outer loop 	84	0.0446446285082	-0.0242889905237
	 Inner loop 2	350.134924623	0.0445109552632	-0.00059298679877	-0.400365675547	0.383657510127	-0.0512356062722	0.0673507848937	-0.0267916204735
	 Inner loop 2	350.134924623	0.0445095750539	-0.000399151818474	-0.400256316675	0.383643646411	-0.0512355527066	0.0674490711521	-0.0268306052422
	 Inner loop 2	350.134924623	0.0445067319392	-1.43670528016e-07	-0.40003129203	0.383615093315	-0.0512354421401	0.067651497185	-0.0269108965484
	 Inner loop 2	350.134924623	0.0445067316047	-9.67408230745e-08	-0.400031265571	0.383615089955	-0.051235442127	0.0676515210018	-0.0269109059952
	 Inner loop 2	350.134924623	0.044506730915	1.94289029309e-15	-0.400031211028	0.38361508303	-0.0512354421002	0.0676515700977	-0.0269109254688
	 Inner loop 2	350.134924623	0.044506730915	1.7763568394e-15	-0.400031211028	0.38361508303	-0.0512354421002	0.0676515700977	-0.0269109254688
Outer loop 	85	0.044506730915	-0.0269109254688
	 Inner loop 2	350.687688442	0.0443669146491	-0.000552135326577	-0.406265007566	0.382682673724	-0.0512316500154	0.0742618485311	-0.0295328604139
	 Inner loop 2	350.687688442	0.0443656076903	-0.000376084731241	-0.406168012674	0.382669700413	-0.0512315947689	0.074353822299	-0.0295693413638
	 Inner loop 2	350.687688442	0.0443628149176	-1.11454475496e-07	-0.405960946247	0.38264198226	-0.0512314765036	0.0745503290369	-0.0296472848102
	 Inner loop 2	350.687688442	0.0443628146537	-7.59380893722e-08	-0.405960926692	0.38264197964	-0.0512314764924	0.0745503476056	-0.0296472921754
	 Inner loop 2	350.687688442	0.0443628140894	-1.51961776496e-14	-0.405960884879	0.38264197404	-0.0512314764685	0.0745503873076	-0.029647307923
	 Inner loop 2	350.687688442	0.0443628140894	-4.30211422042e-15	-0.405960884879	0.38264197404	-0.0512314764685	0.0745503873076	-0.029647307923
Outer loop 	86	0.0443628140894	-0.029647307923
	 Inner loop 2	351.240452261	0.0442170998586	-0.000514566516981	-0.412405508858	0.38166886505	-0.0512271272265	0.0814492045175	-0.0323836903771
	 Inner loop 2	351.240452261	0.0442158627261	-0.000354153998194	-0.412319160402	0.381656711703	-0.0512270704827	0.0815353651833	-0.0324178655882
	 Inner loop 2	351.240452261	0.044213130726	-8.60449851647e-08	-0.412128632764	0.381629876022	-0.0512269449754	0.0817256156726	-0.0324933275239
	 Inner loop 2	351.240452261	0.044213130519	-5.92347295936e-08	-0.41212861834	0.381629873989	-0.0512269449659	0.0817256300823	-0.0324933332395
	 Inner loop 2	351.240452261	0.0442131300618	-3.77475828373e-15	-0.412128586473	0.381629869499	-0.0512269449448	0.0817256619192	-0.0324933458674
	 Inner loop 2	351.240452261	0.0442131300618	-3.71924713249e-15	-0.412128586473	0.381629869499	-0.0512269449448	0.0817256619192	-0.0324933458674
Outer loop 	87	0.0442131300618	-0.0324933458674
	 Inner loop 2	351.79321608	0.0440617601964	-0.000480052231226	-0.418776755232	0.380617764957	-0.0512219984867	0.0889009365309	-0.0353393838119
	 Inner loop 2	351.79321608	0.0440605892226	-0.00033342750594	-0.418699602167	0.380606365984	-0.0512219404137	0.088981749091	-0.0353714377227
	 Inner loop 2	351.79321608	0.0440579258028	-6.60782923795e-08	-0.418524242826	0.380580440892	-0.0512218081403	0.089165543996	-0.0354443390821
	 Inner loop 2	351.79321608	0.0440579256416	-4.59043901779e-08	-0.418524232216	0.380580439323	-0.0512218081323	0.0891655551213	-0.0354443434949
	 Inner loop 2	351.79321608	0.0440579252747	-1.17961196366e-14	-0.418524208074	0.380580435752	-0.051221808114	0.089165580436	-0.0354443535359
	 Inner loop 2	351.79321608	0.0440579252747	-9.52016243616e-15	-0.418524208074	0.380580435752	-0.051221808114	0.089165580436	-0.0354443535359
Outer loop 	88	0.0440579252747	-0.0354443535359
	 Inner loop 2	352.345979899	0.0439011372484	-0.000448360269927	-0.425368636007	0.379531002005	-0.0512162252212	0.0966054989529	-0.0383953612044
	 Inner loop 2	352.345979899	0.0439000286749	-0.000313926282125	-0.425299450407	0.379520296763	-0.0512161659721	0.096681393334	-0.0384254643433
	 Inner loop 2	352.345979899	0.0438974394434	-5.04344495195e-08	-0.42513796118	0.379495294864	-0.0512160274161	0.096858643298	-0.0384957696836
	 Inner loop 2	352.345979899	0.0438974393186	-3.53179901991e-08	-0.425137953404	0.37949529366	-0.0512160274094	0.0968586518362	-0.0384957730702
	 Inner loop 2	352.345979899	0.0438974390272	-4.57966997658e-16	-0.425137935237	0.379495290846	-0.0512160273938	0.0968586717849	-0.0384957809827
	 Inner loop 2	352.345979899	0.0438974390272	-4.57966997658e-16	-0.425137935237	0.379495290846	-0.0512160273938	0.0968586717849	-0.0384957809827
Outer loop 	89	0.0438974390272	-0.0384957809827
	 Inner loop 2	352.898743719	0.0437354638897	-0.000419262550245	-0.432171401833	0.37841014594	-0.0512097697908	0.104551763134	-0.0415472084296
	 Inner loop 2	352.898743719	0.0437344139754	-0.000295638475555	-0.432109142395	0.378400078651	-0.0512097095043	0.104623134772	-0.0415755176446
	 Inner loop 2	352.898743719	0.0437319027209	-3.82071590754e-08	-0.431960310361	0.378376000346	-0.0512095651483	0.104793836956	-0.0416432258395
	 Inner loop 2	352.898743719	0.0437319026252	-2.69448646451e-08	-0.431960304691	0.378375999428	-0.0512095651428	0.104793843461	-0.0416432284197
	 Inner loop 2	352.898743719	0.0437319023963	-1.44328993201e-15	-0.431960291127	0.378375997233	-0.0512095651296	0.104793859024	-0.0416432345926
	 Inner loop 2	352.898743719	0.0437319023963	4.4408920985e-16	-0.431960291127	0.378375997233	-0.0512095651296	0.104793859024	-0.0416432345926
Outer loop 	90	0.0437319023963	-0.0416432345926
	 Inner loop 2	353.451507538	0.0435649636661	-0.000392540324803	-0.439175694647	0.37725670362	-0.0512025955601	0.112729046263	-0.0447906882024
	 Inner loop 2	353.451507538	0.043563968761	-0.000278529868677	-0.43911947617	0.377247223177	-0.0512025343612	0.112796257486	-0.0448173472088
	 Inner loop 2	353.451507538	0.0435615377878	-2.86706196284e-08	-0.43898217938	0.377224059427	-0.0512023846798	0.112960475962	-0.0448824836726
	 Inner loop 2	353.451507538	0.0435615377151	-2.03456388542e-08	-0.438982175277	0.377224058735	-0.0512023846753	0.112960480872	-0.0448824856199
Outer loop 	91	0.0435615375375	-0.0448824903792
	 Inner loop 2	354.004271357	0.0433898164067	-0.000377465739294	-0.446372563919	0.376072116851	-0.0511946669443	0.121117648273	-0.0481217461658
	 Inner loop 2	354.004271357	0.0433888470165	-0.000269782900309	-0.446320320166	0.376062946273	-0.0511946033483	0.121182194341	-0.0481475338315
	 Inner loop 2	354.004271357	0.0433864179831	-2.27311313383e-08	-0.446189471047	0.376039968021	-0.0511944438496	0.121343924145	-0.0482121486754
	 Inner loop 2	354.004271357	0.0433864179247	-1.62479225907e-08	-0.446189467903	0.376039967469	-0.0511944438457	0.121343928032	-0.0482121502286
Outer loop 	92	0.0433864177784	-0.0482121541209
	 Inner loop 2	354.557035176	0.0432098695371	-0.000395161415093	-0.453743127957	0.374855875127	-0.0511859354329	0.129678026848	-0.0515418178627
	 Inner loop 2	354.557035176	0.0432088435422	-0.000283810981024	-0.453690173032	0.374846216292	-0.0511858636949	0.129746009454	-0.0515689785055
	 Inner loop 2	354.557035176	0.0432062280666	-2.06316702611e-08	-0.453555240974	0.374821594605	-0.051185680654	0.129919306392	-0.0516382146903
	 Inner loop 2	354.557035176	0.043206228013	-1.48192401406e-08	-0.453555238211	0.3748215941	-0.0511856806502	0.129919309942	-0.0516382161086
Outer loop 	93	0.0432062278764	-0.0516382197245
	 Inner loop 2	355.109798995	0.0430248496434	-0.000326695848446	-0.46124829897	0.373603219544	-0.0511763166321	0.13849470021	-0.0550642853281
	 Inner loop 2	355.109798995	0.0430239924465	-0.00023565341772	-0.461205838881	0.373595184517	-0.0511762528836	0.13855125383	-0.0550868798239
	 Inner loop 2	355.109798995	0.0430217734044	-1.13734203722e-08	-0.461095960643	0.373574384478	-0.0511760877384	0.138697652529	-0.0551453695324
	 Inner loop 2	355.109798995	0.0430217733746	-8.20442710991e-09	-0.461095959165	0.373574384199	-0.0511760877362	0.138697654498	-0.055145370319
Outer loop 	94	0.0430217732973	-0.0551453723557
	 Inner loop 2	355.662562814	0.0428361934685	-0.00030741258806	-0.468944721574	0.372327174134	-0.0511658653489	0.1474760002	-0.0586525249869
	 Inner loop 2	355.662562814	0.0428353786907	-0.000222586869294	-0.468905903184	0.372319565638	-0.0511658010566	0.147529551734	-0.0586739200786
	 Inner loop 2	355.662562814	0.0428332404244	-7.82848560976e-09	-0.468804062211	0.372299598509	-0.0511656322218	0.147670088096	-0.0587300676461
	 Inner loop 2	355.662562814	0.0428332404036	-5.66862892737e-09	-0.468804061223	0.372299598315	-0.0511656322201	0.14767008946	-0.058730068191
Outer loop 	95	0.0428332403492	-0.0587300696211
	 Inner loop 2	356.215326633	0.0426436404499	-0.000289627878501	-0.476802447278	0.371024812138	-0.0511545192207	0.156642526482	-0.0623147668866
	 Inner loop 2	356.215326633	0.0426428653064	-0.000210409927614	-0.476766856841	0.371017597834	-0.0511544544591	0.156693303538	-0.0623350535095
	 Inner loop 2	356.215326633	0.0426408062347	-5.10011541333e-09	-0.476672342091	0.370998434112	-0.0511542823271	0.156828185205	-0.062388941894
	 Inner loop 2	356.215326633	0.042640806221	-3.7053179136e-09	-0.476672341464	0.370998433985	-0.051154282326	0.1568281861	-0.0623889422512
Outer loop 	96	0.0426408061848	-0.0623889432003
	 Inner loop 2	356.768090452	0.0424473590161	-0.000273205768443	-0.484814511559	0.369697269489	-0.0511422476103	0.165986283911	-0.0660478167795
	 Inner loop 2	356.768090452	0.0424466209136	-0.000199060080029	-0.484781791181	0.369690419953	-0.0511421824459	0.166034493594	-0.0660670776768
	 Inner loop 2	356.768090452	0.0424446391207	-3.01040958828e-09	-0.484693959842	0.369672029165	-0.0511420073878	0.166163935054	-0.0661187925712
	 Inner loop 2	356.768090452	0.0424446391126	-2.19348822439e-09	-0.484693959481	0.369672029089	-0.0511420073871	0.166163935585	-0.0661187927834
Outer loop 	97	0.0424446390907	-0.0661187933533
	 Inner loop 2	357.320854271	0.0422475089788	-0.000258022873535	-0.492974311576	0.368345624126	-0.0511290209718	0.175499685549	-0.0698486435064
	 Inner loop 2	357.320854271	0.0422468055086	-0.000188477293859	-0.492944150747	0.368339112577	-0.0511289554646	0.17554551634	-0.0698669539808
	 Inner loop 2	357.320854271	0.042244898839	-1.41983888535e-09	-0.492862422188	0.368321463874	-0.0511287778297	0.175669734723	-0.0699165821337
	 Inner loop 2	357.320854271	0.0422448988351	-1.03717506805e-09	-0.492862422022	0.368321463838	-0.0511287778293	0.175669734976	-0.0699165822344
Outer loop 	98	0.0422448988246	-0.0699165825076
	 Inner loop 2	357.87361809	0.0420442419212	-0.000243967427883	-0.501275589498	0.366970898595	-0.0511148108317	0.185175534307	-0.0737143716618
	 Inner loop 2	357.87361809	0.0420435708506	-0.000178604587122	-0.501247718011	0.366964700655	-0.0511147450355	0.185219157805	-0.0737318002709
	 Inner loop 2	357.87361809	0.0420417369855	-2.19135182222e-10	-0.501171567992	0.36694776327	-0.0511145651523	0.185338369656	-0.0737794281968
	 Inner loop 2	357.87361809	0.0420417369849	-1.60433888396e-10	-0.501171567967	0.366947763264	-0.0511145651522	0.185338369695	-0.0737794282125
Outer loop 	99	0.0420417369833	-0.0737794282553
	 Inner loop 2	358.42638191	0.0418377016008	-0.000230938320511	-0.509712415255	0.365574062757	-0.0510995897668	0.195007003945	-0.077642274003
	 Inner loop 2	358.42638191	0.041837060863	-0.00016938834257	-0.50968659729	0.365568156215	-0.0510995237302	0.195048576462	-0.0776588831972
	 Inner loop 2	358.42638191	0.0418352973816	6.77242151248e-10	-0.509615552525	0.365551899813	-0.0510993419069	0.195162995296	-0.0777045962005
	 Inner loop 2	358.42638191	0.0418352973835	4.96757135426e-10	-0.5096155526	0.36555189983	-0.0510993419071	0.195162995174	-0.0777045961518
Outer loop 	100	0.0418352973886	-0.0777045960178
	 Inner loop 2	358.979145729	0.0416281385767	-0.000188851902164	-0.518279169153	0.364156036507	-0.0510833313796	0.205017612124	-0.0816297637802
	 Inner loop 2	358.979145729	0.0416276108598	-0.000138565292079	-0.518258483345	0.364151173442	-0.0510832742244	0.205052018835	-0.0816434387181
	 Inner loop 2	358.979145729	0.0416261566362	1.01965141885e-09	-0.518201487898	0.364137772314	-0.0510831166727	0.205146833276	-0.0816811226911
	 Inner loop 2	358.979145729	0.0416261566391	7.48156592234e-10	-0.518201488009	0.36413777234	-0.051083116673	0.20514683309	-0.0816811226173
Outer loop 	101	0.0416261566469	-0.0816811224138
	 Inner loop 2	359.531909548	0.0414163038652	-0.000185693291569	-0.526995192664	0.362723644947	-0.051066083676	0.215151938102	-0.0856576488098
	 Inner loop 2	359.531909548	0.0414157807056	-0.000136432657851	-0.526975240222	0.362718830412	-0.0510660243061	0.215186001459	-0.0856711872814
	 Inner loop 2	359.531909548	0.0414143316675	1.46760745223e-09	-0.526919983764	0.362705495148	-0.0510658598148	0.215280349898	-0.0857086860423
	 Inner loop 2	359.531909548	0.0414143316716	1.07830100404e-09	-0.526919983922	0.362705495187	-0.0510658598153	0.215280349629	-0.0857086859353
Outer loop 	102	0.041414331683	-0.0857086856389
	 Inner loop 2	360.084673367	0.0412017495168	-0.000196115208967	-0.535835423961	0.361273218171	-0.0510477746075	0.225413865188	-0.0897362488641
	 Inner loop 2	360.084673367	0.0412011925497	-0.000144251617786	-0.535814730482	0.361268098267	-0.0510477084735	0.225450089072	-0.0897506460366
	 Inner loop 2	360.084673367	0.041199643319	2.13560713558e-09	-0.535757178408	0.36125385693	-0.0510475244621	0.225550848076	-0.0897906926747
	 Inner loop 2	360.084673367	0.0411996433251	1.57084345531e-09	-0.535757178634	0.361253856986	-0.0510475244628	0.225550847682	-0.0897906925179
Outer loop 	103	0.041199643342	-0.0897906920818
	 Inner loop 2	360.637437186	0.0409842301726	-0.000186429919564	-0.544781654674	0.35980221899	-0.0510283385208	0.235821344286	-0.0938726985248
	 Inner loop 2	360.637437186	0.0409836965347	-0.000137252216056	-0.54476231732	0.359797317985	-0.051028272305	0.235856019424	-0.0938864801488
	 Inner loop 2	360.637437186	0.0409822070895	2.34846189717e-09	-0.544708351188	0.359783638631	-0.0510280874368	0.235952802342	-0.0939249464927
	 Inner loop 2	360.637437186	0.0409822070962	1.72897859918e-09	-0.544708351431	0.359783638693	-0.0510280874377	0.235952801905	-0.093924946319
Outer loop 	104	0.0409822071149	-0.0939249458345
	 Inner loop 2	361.190201005	0.0407640763653	-0.000177389030055	-0.553837786166	0.358313420589	-0.0510077782416	0.246354754788	-0.0980591995871
	 Inner loop 2	361.190201005	0.040763564677	-0.000130688844852	-0.553819681498	0.358308724501	-0.0510077119741	0.246387980126	-0.0980724049885
	 Inner loop 2	361.190201005	0.0407621326519	2.47797227182e-09	-0.55376901896	0.358295581809	-0.0510075264675	0.246480966096	-0.0981093622362
	 Inner loop 2	361.190201005	0.0407621326591	1.82562540085e-09	-0.553769019213	0.358295581875	-0.0510075264684	0.246480965632	-0.0981093620517
Outer loop 	105	0.0407621326791	-0.0981093615354
	 Inner loop 2	361.742964824	0.0405413921332	-0.000168937806154	-0.562999518642	0.356807525252	-0.0509860723954	0.257009127979	-0.102293777236
	 Inner loop 2	361.742964824	0.0405409011204	-0.000124527900715	-0.562982537159	0.356803021278	-0.050986006104	0.257040994084	-0.102306442411
	 Inner loop 2	361.742964824	0.0405395242173	2.54365406516e-09	-0.562934922374	0.356790391098	-0.050985820164	0.257130353984	-0.102341958478
	 Inner loop 2	361.742964824	0.0405395242247	1.87499421545e-09	-0.56293492263	0.356790391165	-0.050985820165	0.257130353504	-0.102341958287
Outer loop 	106	0.0405395242455	-0.102341957753
	 Inner loop 2	362.295728643	0.0403162763801	-0.000161026697625	-0.572262766873	0.355285200653	-0.0509632004616	0.267779739985	-0.10657455397
	 Inner loop 2	362.295728643	0.0403158048661	-0.000118738484858	-0.572246811206	0.355280877066	-0.0509631341724	0.267810329827	-0.106586711894
	 Inner loop 2	362.295728643	0.0403144808626	2.56071436278e-09	-0.57220201212	0.355268736415	-0.0509629479916	0.267896226258	-0.106620851406
	 Inner loop 2	362.295728643	0.0403144808701	1.88822490976e-09	-0.572202012374	0.355268736483	-0.0509629479927	0.267896225771	-0.106620851213
Outer loop 	107	0.0403144808912	-0.10662085067
	 Inner loop 2	362.848492462	0.0400888231931	-0.000153610807892	-0.581623646709	0.353747081997	-0.0509391427481	0.278662096652	-0.110899743588
	 Inner loop 2	362.848492462	0.0400883700909	-0.000113292204584	-0.581608630073	0.353742928046	-0.0509390764857	0.278691486308	-0.110911424498
	 Inner loop 2	362.848492462	0.0400870968463	2.5411837079e-09	-0.581566435991	0.353731255099	-0.0509388902456	0.278774073679	-0.110944248826
	 Inner loop 2	362.848492462	0.0400870968538	1.87419069153e-09	-0.58156643624	0.353731255167	-0.0509388902467	0.278774073193	-0.110944248633
Outer loop 	108	0.0400870968748	-0.11094424809
	 Inner loop 2	363.401256281	0.0398586885241	-0.000254298629541	-0.591078462343	0.352193774045	-0.0509138803677	0.289544270036	-0.11526764551
	 Inner loop 2	363.401256281	0.0398579309839	-0.000188060351526	-0.591053916931	0.352186847898	-0.0509137655479	0.289592774229	-0.115287121833
	 Inner loop 2	363.401256281	0.0398557800408	7.50155937368e-09	-0.590984232659	0.352167181673	-0.0509134394214	0.289730497909	-0.115342423257
	 Inner loop 2	363.401256281	0.0398557800631	5.5475920524e-09	-0.590984233383	0.352167181878	-0.0509134394248	0.289730496478	-0.115342422683
Outer loop 	109	0.0398557801266	-0.115342421051
	 Inner loop 2	363.954020101	0.0396238761055	-0.000144739109109	-0.60054462781	0.350603109555	-0.0508870037549	0.300683782901	-0.119740594013
	 Inner loop 2	363.954020101	0.0396234418277	-0.000107030480772	-0.600530825135	0.350599138647	-0.0508869353864	0.300711591394	-0.119751760206
	 Inner loop 2	363.954020101	0.039622209137	2.59552590531e-09	-0.600491649343	0.350587867191	-0.0508867412872	0.300790526035	-0.119783455541
	 Inner loop 2	363.954020101	0.0396222091448	1.91931881499e-09	-0.600491649591	0.350587867262	-0.0508867412884	0.300790525537	-0.119783455341
Outer loop 	110	0.0396222091669	-0.119783454772
	 Inner loop 2	364.50678392	0.0393880848522	-0.000135393432958	-0.610135462207	0.34900855247	-0.050859039523	0.311850555827	-0.124224488493
	 Inner loop 2	364.50678392	0.0393876757401	-0.000100099129248	-0.610122695575	0.349004810901	-0.0508589727033	0.311876758248	-0.124235009786
	 Inner loop 2	364.50678392	0.0393865153973	2.4049788272e-09	-0.610086488644	0.348994198797	-0.0508587831537	0.311951075406	-0.124264851021
	 Inner loop 2	364.50678392	0.0393865154046	1.77805403734e-09	-0.610086488871	0.348994198864	-0.0508587831549	0.31195107494	-0.124264850834
Outer loop 	111	0.0393865154252	-0.124264850304
	 Inner loop 2	365.059547739	0.039150288575	-0.000129493105591	-0.619811843231	0.347400530641	-0.0508298036342	0.323111623119	-0.128746245836
	 Inner loop 2	365.059547739	0.0391498945615	-9.57054491364e-05	-0.619799761315	0.347396925971	-0.050829736929	0.323136866824	-0.128756382167
	 Inner loop 2	365.059547739	0.0391487784514	2.31336810819e-09	-0.619765539301	0.347386715045	-0.0508295479453	0.323208374515	-0.128785095291
	 Inner loop 2	365.059547739	0.0391487784585	1.70976299785e-09	-0.619765539516	0.347386715109	-0.0508295479465	0.323208374064	-0.12878509511
Outer loop 	112	0.0391487784784	-0.128785094597
	 Inner loop 2	365.612311558	0.0389105276096	-0.000123924170738	-0.629569553491	0.345779231531	-0.0507992741629	0.334465671952	-0.13330533889
	 Inner loop 2	365.612311558	0.0389101479459	-9.15487887063e-05	-0.629558104929	0.345775756592	-0.0507992075947	0.334490007143	-0.133315110418
	 Inner loop 2	365.612311558	0.0389090743194	2.21490747965e-09	-0.629525732063	0.345765929953	-0.050799019323	0.334558823648	-0.133342742926
	 Inner loop 2	365.612311558	0.0389090743262	1.6362536881e-09	-0.629525732268	0.345765930015	-0.0507990193242	0.334558823213	-0.133342742751
Outer loop 	113	0.0389090743454	-0.133342742258
	 Inner loop 2	366.165075377	0.038668874501	-0.000118660696588	-0.639405641464	0.34414514509	-0.0507674355022	0.34590927118	-0.137900389918
	 Inner loop 2	366.165075377	0.0386685084943	-8.76116853409e-05	-0.639394779937	0.344141793285	-0.0507673690936	0.345932744061	-0.137909815194
	 Inner loop 2	366.165075377	0.0386674756879	2.11250600346e-09	-0.63936413217	0.344132335001	-0.0507671816741	0.345998980956	-0.137936411889
	 Inner loop 2	366.165075377	0.0386674756944	1.55973406413e-09	-0.639364132363	0.344132335061	-0.0507671816753	0.345998980538	-0.137936411721
Outer loop 	114	0.0386674757128	-0.137936411248
	 Inner loop 2	366.717839196	0.0384253986811	-0.000113678994207	-0.649317283243	0.342498740267	-0.0507342727529	0.357439136734	-0.142530080238
	 Inner loop 2	366.717839196	0.0384250456902	-8.38780676407e-05	-0.64930696691	0.34249550552	-0.0507342065263	0.357461789848	-0.142539176346
	 Inner loop 2	366.717839196	0.0384240521238	2.00830091446e-09	-0.649277930779	0.342486400573	-0.0507340200937	0.357525552308	-0.142564779458
	 Inner loop 2	366.717839196	0.0384240521301	1.48181356074e-09	-0.649277930961	0.34248640063	-0.0507340200949	0.357525551908	-0.142564779297
Outer loop 	115	0.0384240521476	-0.142564778845
	 Inner loop 2	367.270603015	0.0381787241138	-0.000449230330888	-0.659301774244	0.340840466352	-0.0506997717063	0.368711849267	-0.147193146443
	 Inner loop 2	367.270603015	0.0381773080102	-0.000334018941908	-0.659261333536	0.340827589084	-0.050699499475	0.368799224985	-0.14722935732
	 Inner loop 2	367.270603015	0.0381732018974	3.28569630392e-08	-0.659144093401	0.340790249086	-0.0506987097146	0.369052586886	-0.147334357394
	 Inner loop 2	367.270603015	0.038173202001	2.44299646623e-08	-0.659144096358	0.340790250028	-0.0506987097345	0.369052580494	-0.147334354745
	 Inner loop 2	367.270603015	0.0381732023013	1.9928503292e-14	-0.659144104931	0.340790252759	-0.0506987097923	0.369052561965	-0.147334347066
	 Inner loop 2	367.270603015	0.0381732023013	1.848521336e-14	-0.659144104931	0.340790252759	-0.0506987097923	0.369052561965	-0.147334347066
Outer loop 	116	0.0381732023013	-0.147334347066
	 Inner loop 2	367.823366834	0.0379218135021	-0.000126163119627	-0.669119402937	0.339094104727	-0.0506622461547	0.380561381245	-0.152103915286
	 Inner loop 2	367.823366834	0.0379214130892	-9.3731199746e-05	-0.669108133204	0.339090460539	-0.0506621665712	0.380586108036	-0.152114162742
	 Inner loop 2	367.823366834	0.0379202558151	2.67131305964e-09	-0.66907556297	0.339079927995	-0.0506619365268	0.380657574172	-0.152143780256
	 Inner loop 2	367.823366834	0.0379202558236	1.98460387013e-09	-0.669075563208	0.339079928072	-0.0506619365284	0.380657573649	-0.152143780039
Outer loop 	117	0.0379202558481	-0.152143779412
	 Inner loop 2	368.376130653	0.0376668632029	-0.000103665663089	-0.679111860368	0.337369603832	-0.0506239914336	0.392262582307	-0.156953211758
	 Inner loop 2	368.376130653	0.0376665320017	-7.69485661445e-05	-0.679102665249	0.337366586857	-0.0506239234644	0.39228305329	-0.156961695491
	 Inner loop 2	368.376130653	0.0376655780713	1.85298326683e-09	-0.679076182332	0.337357897249	-0.0506237276766	0.392342014613	-0.156986130669
	 Inner loop 2	368.376130653	0.0376655780772	1.37541550371e-09	-0.679076182497	0.337357897303	-0.0506237276778	0.392342014247	-0.156986130518
Outer loop 	118	0.0376655780943	-0.156986130081
	 Inner loop 2	368.928894472	0.0374104693341	-9.93865303781e-05	-0.689177375614	0.335635866621	-0.0505843317882	0.404026454251	-0.16182848075
	 Inner loop 2	368.928894472	0.0374101497175	-7.37002368992e-05	-0.689168616979	0.335632952325	-0.0505842641106	0.404046228527	-0.161836675749
	 Inner loop 2	368.928894472	0.0374092326323	1.74500391914e-09	-0.689143486442	0.335624590183	-0.0505840699007	0.404102967905	-0.161860190093
	 Inner loop 2	368.928894472	0.0374092326379	1.29400878901e-09	-0.689143486596	0.335624590234	-0.0505840699019	0.404102967558	-0.161860189949
Outer loop 	119	0.037409232654	-0.161860189536
	 Inner loop 2	369.481658291	0.037152470762	-9.53095272656e-05	-0.699307302328	0.333891283304	-0.0505432104334	0.41586391993	-0.166734248991
	 Inner loop 2	369.481658291	0.0371521622662	-7.06019413899e-05	-0.699298952739	0.333888467421	-0.050543143077	0.415883026454	-0.166742167255
	 Inner loop 2	369.481658291	0.0371512807145	1.6403048364e-09	-0.699275093865	0.333880420739	-0.0505429505817	0.415937625348	-0.166764794524
	 Inner loop 2	369.481658291	0.0371512807198	1.21506882333e-09	-0.699275094008	0.333880420787	-0.0505429505828	0.415937625019	-0.166764794388
Outer loop 	120	0.037151280735	-0.166764793998
	 Inner loop 2	370.034422111	0.0368929263386	-9.14194310487e-05	-0.709499337047	0.332136251471	-0.0505006154515	0.427772281597	-0.17166939846
	 Inner loop 2	370.034422111	0.0368926285354	-6.76429429801e-05	-0.709491371554	0.332133530077	-0.0505005484473	0.427790746981	-0.171677051019
	 Inner loop 2	370.034422111	0.0368917812771	1.53919826884e-09	-0.709468710164	0.332125787576	-0.050500357801	0.427843281928	-0.171698822932
	 Inner loop 2	370.034422111	0.0368917812821	1.13886805542e-09	-0.709468710298	0.332125787622	-0.0505003578021	0.427843281617	-0.171698822803
Outer loop 	121	0.0368917812964	-0.171698822436
	 Inner loop 2	370.58718593	0.0366323790434	2.1909024269e-05	-0.719751258545	0.330371154579	-0.0504565356142	0.439858548605	-0.176632850874
	 Inner loop 2	370.58718593	0.036632450437	1.60946374401e-05	-0.71975315816	0.330371811709	-0.0504565522561	0.439853993344	-0.176631003023
	 Inner loop 2	370.58718593	0.0366326480582	8.86973272607e-11	-0.719758416429	0.330373630679	-0.0504565983208	0.43984138416	-0.176625888081
	 Inner loop 2	370.58718593	0.0366326480585	6.51551590458e-11	-0.719758416437	0.330373630681	-0.0504565983209	0.439841384142	-0.176625888074
Outer loop 	122	0.0366326480593	-0.176625888053
	 Inner loop 2	371.139949749	0.036373803649	6.46276413389e-05	-0.730132653026	0.328621473625	-0.0504116139561	0.451987420998	-0.181552953669
	 Inner loop 2	371.139949749	0.0363740155395	4.74127168741e-05	-0.730138232233	0.328623426559	-0.0504116647766	0.451973883167	-0.18154746202
	 Inner loop 2	371.139949749	0.0363745991098	7.83653641978e-10	-0.730153598279	0.328628805128	-0.0504118047334	0.451936598668	-0.181532337484
	 Inner loop 2	371.139949749	0.0363745991123	5.74914837959e-10	-0.730153598347	0.328628805152	-0.050411804734	0.451936598504	-0.181532337417
Outer loop 	123	0.0363745991194	-0.181532337234
	 Inner loop 2	371.692713568	0.0361161949907	-7.88914239707e-05	-0.740628885605	0.326883979745	-0.0503657975771	0.464031812013	-0.186438786414
	 Inner loop 2	371.692713568	0.0361159347762	-5.77960978177e-05	-0.74062210113	0.326881578098	-0.0503657334151	0.46404846035	-0.186445539847
	 Inner loop 2	371.692713568	0.0361152218356	1.18392573523e-09	-0.740603513288	0.32687499797	-0.05036555761	0.464094074112	-0.186464043167
	 Inner loop 2	371.692713568	0.0361152218395	8.6735074678e-10	-0.74060351339	0.326874998006	-0.0503655576109	0.464094073862	-0.186464043065
Outer loop 	124	0.0361152218502	-0.186464042788
	 Inner loop 2	372.245477387	0.0358555010133	-7.57442090816e-05	-0.751130397988	0.325121190992	-0.050318085517	0.476251548304	-0.191395748342
	 Inner loop 2	372.245477387	0.0358552496844	-5.54084596829e-05	-0.751123906494	0.325118867922	-0.0503180218242	0.476267651937	-0.191402280815
	 Inner loop 2	372.245477387	0.0358545648789	1.10500958383e-09	-0.751106219205	0.325112538115	-0.0503178482658	0.47631153046	-0.191420080231
	 Inner loop 2	372.245477387	0.0358545648825	8.08327682567e-10	-0.751106219299	0.325112538149	-0.0503178482667	0.476311530225	-0.191420080135
Outer loop 	125	0.0358545648925	-0.191420079876
	 Inner loop 2	372.798241206	0.0355935756318	-7.27175761671e-05	-0.761682878942	0.323350078379	-0.0502689030052	0.488528985992	-0.196376116964
	 Inner loop 2	372.798241206	0.035593332919	-5.31122206688e-05	-0.761676665509	0.323347831476	-0.0502688398182	0.488544561631	-0.196382435254
	 Inner loop 2	372.798241206	0.0355926753808	1.02992447903e-09	-0.761659832864	0.323341744301	-0.0502686686256	0.488586758218	-0.196399552389
	 Inner loop 2	372.798241206	0.0355926753843	7.52244655455e-10	-0.761659832952	0.323341744333	-0.0502686686265	0.488586757997	-0.1963995523
Outer loop 	126	0.0355926753936	-0.196399552058
	 Inner loop 2	373.351005025	0.0353304645321	-6.98023643726e-05	-0.772284495603	0.321570950597	-0.0502182425722	0.500861985214	-0.201379024239
	 Inner loop 2	373.351005025	0.0353302301885	-5.09008339278e-05	-0.772278546624	0.32156877767	-0.0502181799296	0.50087704805	-0.201385134511
	 Inner loop 2	373.351005025	0.0353295991016	9.58642387694e-10	-0.772262526285	0.321562925939	-0.0502180112228	0.500917612528	-0.201401589577
	 Inner loop 2	373.351005025	0.0353295991048	6.99052482567e-10	-0.772262526367	0.321562925969	-0.0502180112236	0.500917612321	-0.201401589493
Outer loop 	127	0.0353295991134	-0.201401589267
	 Inner loop 2	373.903768844	0.0350661355698	-8.34937089892e-05	-0.782933466475	0.319784107679	-0.0501660973521	0.513231962439	-0.206403626477
	 Inner loop 2	373.903768844	0.0350658495418	-6.16669014888e-05	-0.782926366057	0.319781489156	-0.0501660200063	0.513249230006	-0.206410989765
	 Inner loop 2	373.903768844	0.0350650414126	1.44018763581e-09	-0.782906305275	0.319774090849	-0.050165801461	0.513298017327	-0.206431793802
	 Inner loop 2	373.903768844	0.0350650414175	1.0636972414e-09	-0.782906305398	0.319774090895	-0.0501658014624	0.513298017029	-0.206431793675
Outer loop 	128	0.0350650414314	-0.206431793316
	 Inner loop 2	374.456532663	0.034797453344	-0.00064851030556	-0.793615736861	0.317985255995	-0.0501123223661	0.525094292927	-0.211461997365
	 Inner loop 2	374.456532663	0.0347952185875	-0.000478209345636	-0.793560687187	0.317964765585	-0.0501117024358	0.525229414692	-0.211519616398
	 Inner loop 2	374.456532663	0.0347889421889	8.76996029131e-08	-0.793406099802	0.317907213729	-0.0501099603345	0.525608934107	-0.211681452216
	 Inner loop 2	374.456532663	0.0347889424911	6.46662640102e-08	-0.793406107246	0.317907216501	-0.0501099604184	0.52560891583	-0.211681444422
	 Inner loop 2	374.456532663	0.0347889433397	2.36477504245e-14	-0.793406128144	0.317907224282	-0.050109960654	0.525608864516	-0.211681422541
	 Inner loop 2	374.456532663	0.0347889433397	1.97619698383e-14	-0.793406128144	0.317907224282	-0.050109960654	0.525608864516	-0.211681422541
Outer loop 	129	0.0347889433397	-0.211681422541
	 Inner loop 2	375.009296482	0.0345125390357	-6.50160610349e-05	-0.803972347563	0.316040357542	-0.0500527388844	0.537919712844	-0.216931051765
	 Inner loop 2	375.009296482	0.0345123136302	-4.78585847565e-05	-0.803966837427	0.316038287055	-0.0500526746554	0.537933366442	-0.216936873974
	 Inner loop 2	375.009296482	0.0345116848789	8.88774054353e-10	-0.803951467533	0.316032511554	-0.0500524954833	0.537971452351	-0.216953114682
	 Inner loop 2	375.009296482	0.034511684882	6.54226450791e-10	-0.803951467608	0.316032511582	-0.0500524954842	0.537971452164	-0.216953114603
Outer loop 	130	0.0345116848905	-0.216953114381
	 Inner loop 2	375.562060302	0.0342341311899	-6.22118268901e-05	-0.814560410312	0.314157799041	-0.0499936393268	0.550334038771	-0.222224806221
	 Inner loop 2	375.562060302	0.0342339142378	-4.57132300662e-05	-0.814555143631	0.314155802666	-0.0499935759103	0.550347203645	-0.222230420026
	 Inner loop 2	375.562060302	0.0342333131109	8.19837864263e-10	-0.814540550981	0.314150271111	-0.0499934001875	0.550383680877	-0.222245974758
	 Inner loop 2	375.562060302	0.0342333131138	6.02405902939e-10	-0.81454055105	0.314150271138	-0.0499934001883	0.550383680703	-0.222245974684
Outer loop 	131	0.0342333131217	-0.222245974479
	 Inner loop 2	376.114824121	0.0339546568549	-5.94904829699e-05	-0.82519052568	0.31226803076	-0.0499329043644	0.562795908801	-0.227538834577
	 Inner loop 2	376.114824121	0.0339544481879	-4.36334578213e-05	-0.825185492922	0.312266107097	-0.0499328418214	0.562808594189	-0.227544243918
	 Inner loop 2	376.114824121	0.0339538739936	7.54618922905e-10	-0.825171644304	0.312260813672	-0.0499326697116	0.562843501099	-0.227559129028
	 Inner loop 2	376.114824121	0.0339538739963	5.53478818333e-10	-0.825171644368	0.312260813696	-0.0499326697124	0.562843500938	-0.22755912896
Outer loop 	132	0.0339538740035	-0.227559128771
	 Inner loop 2	376.66758794	0.0336741609615	-5.68448548116e-05	-0.835860992276	0.310371356316	-0.0498705296622	0.575303320768	-0.232872283063
	 Inner loop 2	376.66758794	0.0336739604304	-4.16140820279e-05	-0.835856184848	0.31036950415	-0.0498704680576	0.575315534673	-0.232877491353
	 Inner loop 2	376.66758794	0.0336734125237	6.9301464567e-10	-0.835843049736	0.310364443485	-0.0498702997287	0.575348906672	-0.232891721942
	 Inner loop 2	376.66758794	0.0336734125261	5.07326736177e-10	-0.835843049795	0.310364443508	-0.0498702997295	0.575348906524	-0.232891721879
Outer loop 	133	0.0336734125328	-0.232891721705
	 Inner loop 2	377.220351759	0.0333924375915	-0.000105748777224	-0.846570141648	0.308468073376	-0.0498065116127	0.587802831108	-0.23822431464
	 Inner loop 2	377.220351759	0.0333920515752	-7.94988401721e-05	-0.846561197812	0.30846460149	-0.0498063935295	0.587823491011	-0.238234077583
	 Inner loop 2	377.220351759	0.033390882474	2.62933697037e-09	-0.84653411075	0.308454086311	-0.0498060358664	0.587886062935	-0.238263646266
	 Inner loop 2	377.220351759	0.0333908824836	1.97663896362e-09	-0.846534110973	0.308454086397	-0.0498060358693	0.587886062421	-0.238263646024
Outer loop 	134	0.0333908825127	-0.238263645288
	 Inner loop 2	377.773115578	0.033102376739	-0.00122134336197	-0.857278623472	0.306543729748	-0.0497403347476	0.59925388511	-0.243635568872
	 Inner loop 2	377.773115578	0.0330978916066	-0.00091657226005	-0.857175291102	0.306503324052	-0.0497389296044	0.599494324395	-0.243749189687
	 Inner loop 2	377.773115578	0.0330843980124	3.53090499505e-07	-0.856864478971	0.306381747284	-0.0497346977941	0.600217782571	-0.244091063555
	 Inner loop 2	377.773115578	0.0330843993094	2.64954468809e-07	-0.856864508842	0.306381758971	-0.0497346982012	0.600217713026	-0.244091030691
	 Inner loop 2	377.773115578	0.0330844032085	4.20774526333e-14	-0.856864598638	0.306381794105	-0.049734699425	0.600217503958	-0.244090931895
	 Inner loop 2	377.773115578	0.0330844032085	3.21964677141e-14	-0.856864598639	0.306381794105	-0.049734699425	0.600217503958	-0.244090931895
Outer loop 	135	0.0330844032085	-0.244090931895
	 Inner loop 2	378.325879397	0.0327776530508	-5.48871807529e-05	-0.867251661661	0.304309501551	-0.0496616741219	0.612548947051	-0.249918218501
	 Inner loop 2	378.325879397	0.0327774501887	-4.11088180841e-05	-0.867247015185	0.304307670147	-0.049661608839	0.612559845059	-0.249923368411
	 Inner loop 2	378.325879397	0.0327768449241	7.17028547648e-10	-0.867233151955	0.304302205888	-0.0496614140503	0.612592360834	-0.249938733907
	 Inner loop 2	378.325879397	0.0327768449267	5.37027533554e-10	-0.867233152015	0.304302205912	-0.0496614140512	0.612592360692	-0.24993873384
Outer loop 	136	0.0327768449346	-0.249938733639
	 Inner loop 2	378.878643216	0.032469028212	-5.1953635393e-05	-0.877655357646	0.302222617861	-0.0495864304266	0.624967216575	-0.255786535383
	 Inner loop 2	378.878643216	0.032468835019	-3.88356313291e-05	-0.877650954736	0.302220870332	-0.0495863667026	0.624977615475	-0.255791449436
	 Inner loop 2	378.878643216	0.0324682630656	6.45620334971e-10	-0.877637919894	0.302215696691	-0.0495861780377	0.625008401886	-0.255805997713
	 Inner loop 2	378.878643216	0.032468263068	4.82607842578e-10	-0.877637919949	0.302215696713	-0.0495861780385	0.625008401757	-0.255805997652
Outer loop 	137	0.0324682630751	-0.255805997471
	 Inner loop 2	379.431407035	0.0321594351028	-4.90782675173e-05	-0.888093473282	0.300129187572	-0.0495092350393	0.637424442482	-0.261673261303
	 Inner loop 2	379.431407035	0.0321592515019	-3.6612368017e-05	-0.88808930786	0.300127523454	-0.049509172992	0.63743434503	-0.261677940802
	 Inner loop 2	379.431407035	0.0321587122579	5.78686210062e-10	-0.888077073913	0.30012263584	-0.0495089907492	0.637463429401	-0.261691684771
	 Inner loop 2	379.431407035	0.03215871226	4.31696012271e-10	-0.888077073963	0.30012263586	-0.0495089907499	0.637463429284	-0.261691684716
Outer loop 	138	0.0321587122664	-0.261691684554
	 Inner loop 2	379.984170854	0.0318489276439	-4.62538849222e-05	-0.898564197039	0.298029575058	-0.0494300884119	0.649918456508	-0.267577371636
	 Inner loop 2	379.984170854	0.03184875358	-3.44337982474e-05	-0.898560263925	0.298027994101	-0.0494300281669	0.649927864193	-0.267581817286
	 Inner loop 2	379.984170854	0.0318482464973	5.15944620361e-10	-0.89854880605	0.298023388438	-0.0494298526548	0.649955270783	-0.267594768411
	 Inner loop 2	379.984170854	0.0318482464992	3.8408798364e-10	-0.898548806094	0.298023388456	-0.0494298526555	0.649955270678	-0.267594768361
Outer loop 	139	0.0318482465049	-0.267594768216
	 Inner loop 2	380.536934673	0.0315407174586	0.000576332646182	-0.909065734319	0.295924141097	-0.0493489921155	0.663066917984	-0.273497851879
	 Inner loop 2	380.536934673	0.0315428520658	0.000418942888125	-0.909114855147	0.29594399801	-0.049349765041	0.662939565066	-0.273442014239
	 Inner loop 2	380.536934673	0.0315485331644	7.49519912802e-08	-0.909245593482	0.295996842158	-0.0493518212371	0.662600647513	-0.273293416496
	 Inner loop 2	380.536934673	0.031548533442	5.44866058938e-08	-0.90924559987	0.29599684474	-0.0493518213376	0.662600630954	-0.273293409236
	 Inner loop 2	380.536934673	0.031548534181	-1.11022302463e-15	-0.909245616878	0.295996851614	-0.049351821605	0.662600586869	-0.273293389907
	 Inner loop 2	380.536934673	0.031548534181	-1.99840144433e-15	-0.909245616878	0.295996851614	-0.049351821605	0.662600586869	-0.273293389907
Outer loop 	140	0.031548534181	-0.273293389907
	 Inner loop 2	381.089698492	0.0312504291774	0.00031308149088	-0.91998288825	0.293970314721	-0.0492721878915	0.675597842911	-0.278992011597
	 Inner loop 2	381.089698492	0.0312515948369	0.000227059933803	-0.920009643856	0.293981182789	-0.0492726192272	0.675528140229	-0.278961450591
	 Inner loop 2	381.089698492	0.0312546714337	2.21568176029e-08	-0.920080263362	0.294009866489	-0.0492737574147	0.675344176445	-0.278880792027
	 Inner loop 2	381.089698492	0.0312546715162	1.60695666773e-08	-0.920080265256	0.294009867258	-0.0492737574453	0.675344171513	-0.278880789865
	 Inner loop 2	381.089698492	0.031254671734	1.21014309684e-14	-0.920080270254	0.294009869288	-0.0492737575258	0.675344158492	-0.278880784156
	 Inner loop 2	381.089698492	0.031254671734	1.09912079438e-14	-0.920080270254	0.294009869288	-0.0492737575258	0.675344158492	-0.278880784156
Outer loop 	141	0.031254671734	-0.278880784156
	 Inner loop 2	381.642462312	0.0309606259454	-3.54472190848e-05	-0.930951909122	0.292022886962	-0.0491941551745	0.688087730116	-0.284468178405
	 Inner loop 2	381.642462312	0.0309604932896	-2.56475611754e-05	-0.930948870672	0.292021647278	-0.0491941050307	0.688095680863	-0.284471664394
	 Inner loop 2	381.642462312	0.0309601461011	2.84431589392e-10	-0.930940918421	0.29201840275	-0.0491939737904	0.688116489746	-0.284480788009
	 Inner loop 2	381.642462312	0.0309601461021	2.05802597186e-10	-0.930940918446	0.29201840276	-0.0491939737908	0.688116489682	-0.284480787981
Outer loop 	142	0.0309601461049	-0.284480787908
	 Inner loop 2	382.195226131	0.0306654478718	-3.31201336513e-05	-0.941836229619	0.290026936283	-0.0491126473369	0.700888820539	-0.29008079166
	 Inner loop 2	382.195226131	0.0306653232895	-2.39054017476e-05	-0.941833381027	0.290025769203	-0.0491125992244	0.700896305647	-0.290084073491
	 Inner loop 2	382.195226131	0.030665000088	2.48532416869e-10	-0.941825990995	0.290022741456	-0.0491124744043	0.700915724192	-0.290092587514
	 Inner loop 2	382.195226131	0.0306650000889	1.79382619869e-10	-0.941825991017	0.290022741465	-0.0491124744047	0.700915724136	-0.29009258749
Outer loop 	143	0.0306650000914	-0.290092587426
	 Inner loop 2	382.74798995	0.030369692316	-3.08068319104e-05	-0.952743417127	0.288027080189	-0.0490294283589	0.713714958465	-0.295704386944
	 Inner loop 2	382.74798995	0.0303695758509	-2.21802130222e-05	-0.952740757602	0.28802598642	-0.04902938242	0.71372197339	-0.295707462624
	 Inner loop 2	382.74798995	0.0303692764009	2.15105266932e-10	-0.95273391956	0.288023174157	-0.0490292643012	0.713740009919	-0.295715370705
	 Inner loop 2	382.74798995	0.0303692764017	1.54879109537e-10	-0.952733919579	0.288023174165	-0.0490292643015	0.71374000987	-0.295715370684
Outer loop 	144	0.0303692764038	-0.295715370628
	 Inner loop 2	383.300753769	0.0300734019284	-2.85021765212e-05	-0.963671900448	0.286023606882	-0.0489445041091	0.726564295498	-0.301338153831
	 Inner loop 2	383.300753769	0.0300732936417	-2.04684919648e-05	-0.963669429839	0.286022587314	-0.0489444604954	0.726570834529	-0.301341020856
	 Inner loop 2	383.300753769	0.0300730177431	1.84183557295e-10	-0.963663135103	0.286019989598	-0.0489443493721	0.726587495062	-0.301348325635
	 Inner loop 2	383.300753769	0.0300730177438	1.32264754704e-10	-0.963663135119	0.286019989604	-0.0489443493724	0.72658749502	-0.301348325617
Outer loop 	145	0.0300730177456	-0.301348325569
	 Inner loop 2	383.853517588	0.0297740164199	-0.000514560552312	-0.974620104751	0.284016805057	-0.0488578814348	0.738946620576	-0.30698128051
	 Inner loop 2	383.853517588	0.0297720272336	-0.000373177914015	-0.974575305398	0.283998260218	-0.0488570736958	0.739060940962	-0.307033428598
	 Inner loop 2	383.853517588	0.0297667761264	6.24980187602e-08	-0.974457044954	0.283949301947	-0.0488549406309	0.739362746136	-0.307171099255
	 Inner loop 2	383.853517588	0.029766776368	4.53232420483e-08	-0.974457050395	0.283949304199	-0.0488549407291	0.739362732248	-0.30717109292
	 Inner loop 2	383.853517588	0.0297667770056	7.43849426499e-15	-0.974457064755	0.283949310145	-0.0488549409882	0.739362695599	-0.307171076202
	 Inner loop 2	383.853517588	0.0297667770056	6.55031584529e-15	-0.974457064755	0.283949310145	-0.0488549409882	0.739362695599	-0.307171076202
Outer loop 	146	0.0297667770056	-0.307171076202
	 Inner loop 2	384.406281407	0.0294603478961	-3.50654712904e-05	-0.985277300004	0.281878630668	-0.0487638762093	0.752127480074	-0.312993826835
	 Inner loop 2	384.406281407	0.0294602116462	-2.53632035825e-05	-0.985274232231	0.281877356988	-0.048763819686	0.752135331726	-0.312997408424
	 Inner loop 2	384.406281407	0.0294598554649	2.90227841759e-10	-0.985266212544	0.281874027351	-0.0487636719206	0.752155857404	-0.313006771363
	 Inner loop 2	384.406281407	0.029459855466	2.09934403195e-10	-0.985266212569	0.281874027362	-0.0487636719211	0.752155857339	-0.313006771333
Outer loop 	147	0.029459855469	-0.313006771256
	 Inner loop 2	384.959045226	0.0291528138955	-2.21756976747e-05	-0.996099196872	0.279798744634	-0.0486707421979	0.764949018739	-0.31884246631
	 Inner loop 2	384.959045226	0.029152727303	-1.5997133556e-05	-0.996097246732	0.279797932992	-0.0486707055287	0.764954022135	-0.318844748646
	 Inner loop 2	384.959045226	0.0291525031022	1.16043286091e-10	-0.996092197531	0.279795831526	-0.0486706105853	0.764966976706	-0.318850657969
	 Inner loop 2	384.959045226	0.0291525031027	8.37057090308e-11	-0.996092197541	0.27979583153	-0.0486706105855	0.76496697668	-0.318850657957
Outer loop 	148	0.0291525031038	-0.318850657926
	 Inner loop 2	385.511809045	0.0288450434424	-1.96723379672e-05	-1.00693951698	0.277717635693	-0.0485758871038	0.777778096056	-0.324694544597
	 Inner loop 2	385.511809045	0.0288449662518	-1.41525431461e-05	-1.0069377774	0.277716910197	-0.0485758537461	0.777782568402	-0.32469658469
	 Inner loop 2	385.511809045	0.0288447683373	9.13072950581e-11	-1.00693331714	0.277715050041	-0.0485757682167	0.777794035407	-0.324701815449
	 Inner loop 2	385.511809045	0.0288447683376	6.56920073894e-11	-1.00693331715	0.277715050044	-0.0485757682168	0.777794035386	-0.32470181544
Outer loop 	149	0.0288447683386	-0.324701815416
	 Inner loop 2	386.064572864	0.0285369393199	-1.71510000238e-05	-1.01779325081	0.275634268565	-0.048479262811	0.790621094053	-0.330552972905
	 Inner loop 2	386.064572864	0.028536871702	-1.23042110398e-05	-1.01779172521	0.275633631261	-0.0484792329988	0.790625022739	-0.330554765004
	 Inner loop 2	386.064572864	0.0285367000442	6.93579638167e-11	-1.01778785227	0.275632013371	-0.0484791573155	0.790634996288	-0.330559314512
	 Inner loop 2	386.064572864	0.0285367000445	4.97533125809e-11	-1.01778785228	0.275632013373	-0.0484791573156	0.790634996272	-0.330559314505
Outer loop 	150	0.0285367000452	-0.330559314486
	 Inner loop 2	386.617336683	0.0282280728981	-0.00010093127629	-1.0286586564	0.273548976706	-0.0483808830851	0.803389631503	-0.336416813557
	 Inner loop 2	386.617336683	0.0282276715364	-7.24868228903e-05	-1.02864962215	0.273545197957	-0.0483807033006	0.803412640666	-0.3364274394
	 Inner loop 2	386.617336683	0.0282266486965	2.4314823488e-09	-1.02862659899	0.273535567975	-0.0483802451026	0.803471278546	-0.33645451891
	 Inner loop 2	386.617336683	0.0282266487062	1.7462248314e-09	-1.0286265992	0.273535568066	-0.0483802451069	0.803471277991	-0.336454518654
Outer loop 	151	0.0282266487308	-0.336454518002
	 Inner loop 2	387.170100503	0.027916135002	-8.28859269076e-05	-1.03947908779	0.271439123216	-0.0482796515457	0.816236730194	-0.342349721517
	 Inner loop 2	387.170100503	0.0279158038665	-5.93541815113e-05	-1.03947161922	0.271435996551	-0.0482795002652	0.816255768755	-0.342358513699
	 Inner loop 2	387.170100503	0.0279149686269	1.63842328593e-09	-1.03945278082	0.27142810992	-0.0482791186621	0.816303791204	-0.342380690906
	 Inner loop 2	387.170100503	0.0279149686335	1.17325615889e-09	-1.03945278097	0.271428109981	-0.0482791186651	0.816303790827	-0.342380690732
Outer loop 	152	0.02791496865	-0.342380690294
	 Inner loop 2	387.722864322	0.0276032356193	-9.41980005698e-06	-1.05029007826	0.269320651977	-0.0481762966928	0.829136303177	-0.348306862586
	 Inner loop 2	387.722864322	0.0276031978151	-6.72537519619e-06	-1.05028922348	0.269320293951	-0.048176279081	0.829138483231	-0.348307869355
	 Inner loop 2	387.722864322	0.0276031034544	2.11208828205e-11	-1.0502870899	0.269319400303	-0.0481762351211	0.829143924738	-0.348310382292
	 Inner loop 2	387.722864322	0.0276031034545	1.50800483212e-11	-1.0502870899	0.269319400304	-0.0481762351211	0.829143924733	-0.34831038229
Outer loop 	153	0.0276031034547	-0.348310382285
	 Inner loop 2	388.275628141	0.0272912002996	-6.70277134718e-06	-1.06112979517	0.267210690474	-0.0480716576383	0.841984059564	-0.354240074275
	 Inner loop 2	388.275628141	0.0272911732802	-4.77097060847e-06	-1.06112918242	0.267210433805	-0.0480716448064	0.841985622446	-0.354240796029
	 Inner loop 2	388.275628141	0.0272911065502	1.06623598839e-11	-1.06112766909	0.267209799908	-0.048071613115	0.841989482307	-0.354242578548
	 Inner loop 2	388.275628141	0.0272911065502	7.59037277476e-12	-1.06112766909	0.267209799908	-0.0480716131151	0.841989482304	-0.354242578546
Outer loop 	154	0.0272911065503	-0.354242578544
	 Inner loop 2	388.82839196	0.0269790871969	-3.93458015757e-06	-1.07197387454	0.265100199513	-0.0479652994281	0.854835039875	-0.360174774803
	 Inner loop 2	388.82839196	0.0269790712676	-2.79188004115e-06	-1.07197351203	0.265100047721	-0.0479652917177	0.85483596415	-0.360175201641
	 Inner loop 2	388.82839196	0.0269790323486	3.69215769069e-12	-1.07197262634	0.265099676858	-0.0479652728795	0.854838222369	-0.360176244508
	 Inner loop 2	388.82839196	0.0269790323486	2.61246579925e-12	-1.07197262634	0.265099676858	-0.0479652728795	0.854838222368	-0.360176244507
Outer loop 	155	0.0269790323486	-0.360176244506
	 Inner loop 2	389.381155779	0.0266664804044	-8.31148757363e-05	-1.08282038016	0.262989553808	-0.0478572438688	0.867604955342	-0.366109910469
	 Inner loop 2	389.381155779	0.0266661388511	-5.94209479908e-05	-1.08281265957	0.262986323501	-0.0478570771986	0.867623992324	-0.366118994093
	 Inner loop 2	389.381155779	0.0266652822689	1.69979486042e-09	-1.08279329699	0.262978222113	-0.0478566591839	0.867671735757	-0.366141775194
	 Inner loop 2	389.381155779	0.0266652822759	1.21521703811e-09	-1.08279329714	0.26297822218	-0.0478566591873	0.867671735367	-0.366141775009
Outer loop 	156	0.0266652822934	-0.366141774543
	 Inner loop 2	389.933919598	0.0263496247433	-0.000329399956297	-1.09361380379	0.260856767832	-0.0477463424161	0.880173978422	-0.372107304579
	 Inner loop 2	389.933919598	0.0263482653064	-0.000234749396635	-1.09358294083	0.260843870101	-0.0477456665265	0.880249987862	-0.372143572996
	 Inner loop 2	389.933919598	0.02634489343	2.66748382272e-08	-1.09350638772	0.260811877777	-0.0477439897374	0.88043852636	-0.372233535411
	 Inner loop 2	389.933919598	0.0263448935401	1.90091837826e-08	-1.09350639022	0.260811878822	-0.0477439897922	0.880438520204	-0.372233532474
	 Inner loop 2	389.933919598	0.0263448938131	-1.26565424807e-14	-1.09350639642	0.260811881412	-0.0477439899279	0.880438504938	-0.37223352519
	 Inner loop 2	389.933919598	0.0263448938131	-1.06581410364e-14	-1.09350639642	0.260811881412	-0.0477439899279	0.880438504938	-0.37223352519
Outer loop 	157	0.0263448938131	-0.37223352519
	 Inner loop 2	390.486683417	0.0260245362519	5.29893063361e-06	-1.10421596812	0.258645540479	-0.0476295489134	0.893205275485	-0.378325275837
	 Inner loop 2	390.486683417	0.0260245582131	3.76374299149e-06	-1.10421646919	0.258645749541	-0.0476295600429	0.893204043432	-0.378324687954
	 Inner loop 2	390.486683417	0.0260246120543	6.8888228455e-12	-1.10421769762	0.258646262087	-0.0476295873283	0.893201022873	-0.378323246674
	 Inner loop 2	390.486683417	0.0260246120544	4.8915316242e-12	-1.10421769763	0.258646262087	-0.0476295873283	0.893201022871	-0.378323246674
Outer loop 	158	0.0260246120544	-0.378323246672
	 Inner loop 2	391.039447236	0.0257043804724	8.53564530545e-06	-1.11492222951	0.256480642764	-0.0475134184048	0.905963540796	-0.384412968154
	 Inner loop 2	391.039447236	0.0257044159919	6.04229512458e-06	-1.11492304437	0.256480982039	-0.0475134367424	0.905961541369	-0.384412014113
	 Inner loop 2	391.039447236	0.0257045020684	1.78620451763e-11	-1.11492501907	0.256481804222	-0.0475134811808	0.905956696042	-0.384409702133
	 Inner loop 2	391.039447236	0.0257045020685	1.26417765145e-11	-1.11492501907	0.256481804223	-0.0475134811808	0.905956696038	-0.384409702131
Outer loop 	159	0.0257045020687	-0.384409702126
	 Inner loop 2	391.592211055	0.0253844623821	1.18706786933e-05	-1.12562222997	0.254317346362	-0.0473956149049	0.918712369188	-0.39049615758
	 Inner loop 2	391.592211055	0.025384511974	8.37408016352e-06	-1.12562337456	0.254317821697	-0.0473956409824	0.918709567921	-0.390494820937
	 Inner loop 2	391.592211055	0.0253846307427	3.45271589097e-11	-1.12562611575	0.254318960084	-0.0473957034353	0.918702859132	-0.390491619793
	 Inner loop 2	391.592211055	0.0253846307428	2.43541853351e-11	-1.12562611575	0.254318960085	-0.0473957034354	0.918702859124	-0.390491619789
Outer loop 	160	0.0253846307432	-0.39049161978
	 Inner loop 2	392.144974874	0.0250648507817	1.53147351712e-05	-1.13631365086	0.252156115953	-0.0472761725417	0.931449022181	-0.396573537434
	 Inner loop 2	392.144974874	0.025064915005	1.07653363784e-05	-1.13631514298	0.25215673372	-0.0472762069329	0.931445381528	-0.396571800271
	 Inner loop 2	392.144974874	0.0250650669775	5.73755487565e-11	-1.1363186738	0.252158195549	-0.0472762883124	0.931436766619	-0.39656768961
	 Inner loop 2	392.144974874	0.0250650669777	4.03287403472e-11	-1.1363186738	0.252158195551	-0.0472762883126	0.931436766605	-0.396567689603
Outer loop 	161	0.0250650669783	-0.396567689588
	 Inner loop 2	392.697738693	0.0247422126865	-0.00054755536282	-1.14699409799	0.249997431024	-0.04715512782	0.943604239422	-0.402643759395
	 Inner loop 2	392.697738693	0.0247398723122	-0.000389424648737	-1.14694016667	0.249975181776	-0.0471538711755	0.943729431418	-0.402706324283
	 Inner loop 2	392.697738693	0.0247341080693	7.72957197137e-08	-1.1468073249	0.249920378399	-0.0471507750764	0.944037798869	-0.402860431377
	 Inner loop 2	392.697738693	0.0247341083997	5.49686950402e-08	-1.14680733251	0.24992038154	-0.0471507752539	0.944037781193	-0.402860422543
	 Inner loop 2	392.697738693	0.0247341092131	3.5527136788e-15	-1.14680735126	0.249920389274	-0.0471507756909	0.944037737674	-0.402860400795
	 Inner loop 2	392.697738693	0.0247341092131	3.10862446895e-15	-1.14680735126	0.249920389274	-0.0471507756909	0.944037737674	-0.402860400795
Outer loop 	162	0.0247341092131	-0.402860400795
	 Inner loop 2	393.250502513	0.0244032422708	1.49979512584e-05	-1.15727360735	0.247682582992	-0.0470233959887	0.956629418303	-0.409153112002
	 Inner loop 2	393.250502513	0.0244033066224	1.06266716274e-05	-1.15727510207	0.2476831971	-0.0470234312004	0.95662596284	-0.409151385129
	 Inner loop 2	393.250502513	0.0244034630622	5.79456482797e-11	-1.15727873573	0.247684690003	-0.0470235167998	0.956617562581	-0.409147187087
	 Inner loop 2	393.250502513	0.0244034630624	4.10563805175e-11	-1.15727873573	0.247684690005	-0.0470235168	0.956617562568	-0.40914718708
Outer loop 	163	0.024403463063	-0.409147187064
	 Inner loop 2	393.803266332	0.0240729906589	2.8479507994e-05	-1.16772349926	0.245448990748	-0.0468943993733	0.969197387397	-0.415433973334
	 Inner loop 2	393.803266332	0.0240731133005	2.01028235971e-05	-1.16772637205	0.245450165549	-0.0468944677083	0.969190777028	-0.415430669792
	 Inner loop 2	393.803266332	0.0240734076209	2.08889572306e-10	-1.16773326623	0.245452984874	-0.0468946316986	0.969174913264	-0.415422741852
	 Inner loop 2	393.803266332	0.0240734076218	1.47452272614e-10	-1.16773326625	0.245452984882	-0.0468946316991	0.969174913215	-0.415422741828
Outer loop 	164	0.0240734076239	-0.41542274177
	 Inner loop 2	394.356030151	0.0237435538809	3.28186382916e-05	-1.17815682504	0.243221279795	-0.0467638997744	0.981732263662	-0.421698296475
	 Inner loop 2	394.356030151	0.0237436956991	2.30757822983e-05	-1.17816017747	0.243222643584	-0.0467639802273	0.981724589894	-0.421694461498
	 Inner loop 2	394.356030151	0.0237440315909	2.77364353707e-10	-1.17816811753	0.24322587366	-0.0467641707736	0.981706414917	-0.421685378526
	 Inner loop 2	394.356030151	0.0237440315921	1.95024218996e-10	-1.17816811755	0.243225873671	-0.0467641707743	0.981706414852	-0.421685378494
Outer loop 	165	0.0237440315949	-0.421685378417
	 Inner loop 2	394.90879397	0.0234148867907	3.73495655185e-05	-1.18856745349	0.240998762495	-0.0466318757379	0.994237916298	-0.427948015064
	 Inner loop 2	394.90879397	0.0234150487212	2.61566115527e-05	-1.18857131916	0.241000325946	-0.0466319692522	0.994229119077	-0.42794361864
	 Inner loop 2	394.90879397	0.023415427131	3.59242746661e-10	-1.18858035264	0.241003979499	-0.046632187778	0.994208561274	-0.427933344847
	 Inner loop 2	394.90879397	0.0234154271326	2.51583864852e-10	-1.18858035267	0.241003979514	-0.0466321877789	0.99420856119	-0.427933344805
Outer loop 	166	0.0234154271362	-0.427933344706
	 Inner loop 2	395.461557789	0.0230856712672	-0.000184643131872	-1.19895231733	0.2387820854	-0.0464983844073	1.00648397321	-0.434181310995
	 Inner loop 2	395.461557789	0.0230848628691	-0.000129634335208	-1.19893294352	0.238774300016	-0.046497912374	1.00652692154	-0.434203203495
	 Inner loop 2	395.461557789	0.023082957724	8.99066132654e-09	-1.19888728342	0.238755951725	-0.0464967998161	1.0066281405	-0.434254798889
	 Inner loop 2	395.461557789	0.0230829577634	6.31196761525e-09	-1.19888728436	0.238755952104	-0.046496799839	1.00662813841	-0.434254797823
Outer loop 	167	0.0230829578561	-0.434254795311
	 Inner loop 2	396.014321608	0.0227506769641	2.99892370013e-05	-1.20914783016	0.236507926446	-0.0463595539652	1.01902944692	-0.440576245916
	 Inner loop 2	396.014321608	0.0227508086641	2.09652088223e-05	-1.20915102271	0.236509200252	-0.0463596322584	1.01902241992	-0.440572663973
	 Inner loop 2	396.014321608	0.0227511146366	2.37326824859e-10	-1.20915843974	0.236512159611	-0.04635981415	1.01900609452	-0.440564342255
	 Inner loop 2	396.014321608	0.0227511146376	1.65913283112e-10	-1.20915843977	0.236512159621	-0.0463598141506	1.01900609446	-0.440564342227
Outer loop 	168	0.0227511146401	-0.440564342161
	 Inner loop 2	396.567085427	0.022419611454	5.37393891868e-05	-1.21937769928	0.234268366291	-0.0462209828152	1.03138405519	-0.446873889011
	 Inner loop 2	396.567085427	0.0224198481265	3.74046564111e-05	-1.21938350663	0.234270665441	-0.0462211260143	1.03137137186	-0.446867423803
	 Inner loop 2	396.567085427	0.0224203900743	7.62857110814e-10	-1.21939680447	0.234275930132	-0.0462214539105	1.03134232901	-0.446852619491
	 Inner loop 2	396.567085427	0.0224203900776	5.30983701452e-10	-1.21939680455	0.234275930165	-0.0462214539126	1.03134232883	-0.446852619399
Outer loop 	169	0.0224203900853	-0.446852619189
	 Inner loop 2	397.119849246	0.0220900442412	5.94258990563e-05	-1.22957757146	0.232039700835	-0.0460812659799	1.0436785625	-0.453140896217
	 Inner loop 2	397.119849246	0.0220903066465	4.11759440078e-05	-1.22958409439	0.232042261527	-0.0460814275514	1.04366443636	-0.453133695551
	 Inner loop 2	397.119849246	0.0220908986852	9.34115895745e-10	-1.22959881117	0.232048038901	-0.0460817920764	1.04363256528	-0.453117449575
	 Inner loop 2	397.119849246	0.0220908986893	6.47254472241e-10	-1.22959881128	0.232048038941	-0.0460817920789	1.04363256506	-0.453117449461
Outer loop 	170	0.0220908986986	-0.453117449206
	 Inner loop 2	397.672613065	0.0217618272354	6.5427250256e-05	-1.23973719964	0.229820147824	-0.0459403216354	1.0559228007	-0.459382279223
	 Inner loop 2	397.672613065	0.0217621168361	4.512229058e-05	-1.2397444991	0.229822987182	-0.0459405030825	1.05590713729	-0.45937429495
	 Inner loop 2	397.672613065	0.021762760389	1.13431242177e-09	-1.23976071968	0.22982929675	-0.0459409062804	1.05587233034	-0.459356552444
	 Inner loop 2	397.672613065	0.021762760394	7.82291786905e-10	-1.23976071981	0.2298292968	-0.0459409062835	1.05587233007	-0.459356552305
Outer loop 	171	0.0217627604052	-0.459356551998
	 Inner loop 2	398.225376884	0.0214322799496	-0.000362371375348	-1.24985264328	0.227610554786	-0.0457982321879	1.06767794931	-0.465595654789
	 Inner loop 2	398.225376884	0.0214306495673	-0.000252237869142	-1.24981152312	0.227594718007	-0.0457972074044	1.06776177464	-0.465640187812
	 Inner loop 2	398.225376884	0.021426915297	3.66974253208e-08	-1.24971732888	0.227558442731	-0.0457948597222	1.06795378257	-0.465742193886
	 Inner loop 2	398.225376884	0.0214269154621	2.55423731055e-08	-1.24971733305	0.227558444335	-0.045794859826	1.06795377408	-0.465742189375
	 Inner loop 2	398.225376884	0.0214269158402	1.08801856413e-14	-1.24971734258	0.227558448008	-0.0457948600638	1.06795375464	-0.465742179048
	 Inner loop 2	398.225376884	0.0214269158402	8.881784197e-15	-1.24971734258	0.227558448008	-0.0457948600638	1.06795375464	-0.465742179048
Outer loop 	172	0.0214269158402	-0.465742179048
	 Inner loop 2	398.778140704	0.0210912044891	2.04615436536e-05	-1.25959372999	0.225287599107	-0.0456469465015	1.07997353893	-0.472127806098
	 Inner loop 2	398.778140704	0.0210912967481	1.4170943226e-05	-1.2595960946	0.225288499847	-0.0456470055413	1.07996877124	-0.472125273218
	 Inner loop 2	398.778140704	0.0210915045809	1.17359677532e-10	-1.25960142135	0.225290528945	-0.0456471385393	1.07995803106	-0.472119567394
	 Inner loop 2	398.778140704	0.0210915045815	8.12836464803e-11	-1.25960142136	0.22529052895	-0.0456471385396	1.07995803103	-0.47211956738
Outer loop 	173	0.0210915045827	-0.472119567347
	 Inner loop 2	399.330904523	0.0207566848652	9.02201289124e-05	-1.26939713659	0.223022609915	-0.0454975605048	1.09196230731	-0.478496955646
	 Inner loop 2	399.330904523	0.020757092416	6.21591445287e-05	-1.26940776085	0.223026609676	-0.0454978259352	1.09194113625	-0.478485708318
	 Inner loop 2	399.330904523	0.0207579951882	2.29061170032e-09	-1.269431294	0.223035469464	-0.045498413864	1.09189424069	-0.478460794595
	 Inner loop 2	399.330904523	0.0207579951986	1.57820045921e-09	-1.26943129427	0.223035469565	-0.0454984138707	1.09189424015	-0.478460794309
Outer loop 	174	0.0207579952215	-0.478460793677
	 Inner loop 2	399.883668342	0.0204251350714	9.83281068014e-05	-1.27916466976	0.220780410619	-0.0453478596934	1.10383044695	-0.484802020007
	 Inner loop 2	399.883668342	0.020425579942	6.73798100268e-05	-1.27917647784	0.220784800329	-0.0453481545364	1.10380721186	-0.484789676142
	 Inner loop 2	399.883668342	0.0204265484896	2.7330369079e-09	-1.2792021847	0.220794357185	-0.0453487964162	1.10375662666	-0.484762802263
	 Inner loop 2	399.883668342	0.0204265485019	1.87286608444e-09	-1.27920218502	0.220794357307	-0.0453487964244	1.10375662601	-0.48476280192
Outer loop 	175	0.0204265485289	-0.484762801173
