l_s	l_l	R	theta	
	 0.21862	 0.22043	 0.01884	 -0.27442
	 0.54422	 0.38437	 0.00486	 -0.07015
	 0.38206	 0.40658	 0.00283	 -0.03208
	 0.11327	 0.25676	 0.01159	 -0.14235
	 0.44692	 0.58872	 0.00575	 -0.08433
	 0.39954	 0.51020	 0.00580	 -0.08476
	 0.35910	 0.49650	 0.02957	 -0.42376
	 0.55682	 0.34932	 0.01786	 -0.29445
	 0.19813	 0.42238	 0.02891	 -0.25472
	 0.13624	 0.57998	 0.00586	 -0.07001
	 0.50045	 0.45805	 0.00467	 -0.06645
	 0.16857	 0.51856	 0.02217	 -0.26812
	 0.33587	 0.14672	 0.01049	 -0.16141
	 0.30046	 0.59468	 0.01060	 -0.16093
	 0.18275	 0.27379	 0.01062	 -0.14678
	 0.54694	 0.55115	 0.02861	 -0.45475
	 0.28512	 0.17667	 0.00882	 -0.13142
	 0.58331	 0.25944	 0.02806	 -0.44681
	 0.36057	 0.15716	 0.01486	 -0.23451
	 0.12566	 0.51936	 0.02018	 -0.22191
	 0.33534	 0.24289	 0.02021	 -0.31189
	 0.11859	 0.59118	 0.00679	 -0.08026
	 0.27313	 0.42291	 0.00882	 -0.12920
	 0.44839	 0.53417	 0.02406	 -0.37955
	 0.28243	 0.36168	 0.00154	 -0.00906
	 0.39739	 0.38283	 0.00143	 -0.00746
	 0.43756	 0.36522	 0.01505	 -0.24434
	 0.11058	 0.16062	 0.01568	 -0.19241
	 0.26511	 0.31516	 0.01446	 -0.21810
	 0.14998	 0.52738	 0.01639	 -0.22072
	 0.16274	 0.32381	 0.00267	 -0.02519
	 0.45207	 0.16051	 0.01654	 -0.26725
	 0.50032	 0.51210	 0.01008	 -0.16125
	 0.24955	 0.26832	 0.02818	 -0.31918
	 0.44756	 0.41145	 0.02377	 -0.37616
	 0.57273	 0.19882	 0.01338	 -0.22131
	 0.14540	 0.42504	 0.01196	 -0.15772
	 0.19827	 0.25410	 0.01654	 -0.23541
	 0.11153	 0.21411	 0.02879	 -0.15034
	 0.55808	 0.32327	 0.01257	 -0.20584
	 0.30515	 0.27960	 0.01663	 -0.25601
	 0.21514	 0.24295	 0.02012	 -0.28977
	 0.59675	 0.55115	 0.02927	 -0.46410
	 0.40077	 0.51020	 0.00465	 -0.06387
	 0.39183	 0.49650	 0.02957	 -0.45212
	 0.50045	 0.45805	 0.00467	 -0.06645
	 0.36057	 0.16024	 0.01486	 -0.23451
	 0.44756	 0.40847	 0.02377	 -0.37616
	 0.27686	 0.41155	 0.02401	 -0.35815
	 0.44383	 0.42281	 0.00858	 -0.13439
	 0.55808	 0.32644	 0.01066	 -0.17329
	 0.19102	 0.27061	 0.01342	 -0.18961
	 0.55083	 0.17641	 0.00985	 -0.15895
	 0.28097	 0.55092	 0.02789	 -0.35648
	 0.27313	 0.25057	 0.00882	 -0.12920
	 0.58331	 0.43177	 0.02806	 -0.44681
	 0.30046	 0.59468	 0.01060	 -0.16093
	 0.24955	 0.26832	 0.02818	 -0.31918
	 0.33534	 0.35073	 0.02021	 -0.31189
	 0.55682	 0.24148	 0.01786	 -0.29445
	 0.11058	 0.16062	 0.01786	 -0.21612
	 0.55682	 0.34932	 0.01568	 -0.25914
	 0.44839	 0.56751	 0.02406	 -0.37955
	 0.14540	 0.42504	 0.01196	 -0.15772
	 0.19610	 0.42238	 0.02891	 -0.25233
	 0.44839	 0.53417	 0.02406	 -0.37955
	 0.35910	 0.49650	 0.02955	 -0.42392
	 0.26511	 0.31516	 0.01418	 -0.21488
	 0.58331	 0.25944	 0.02436	 -0.39496
	 0.55808	 0.32327	 0.01257	 -0.20584
	 0.19813	 0.42765	 0.02891	 -0.25472
	 0.45207	 0.15544	 0.01654	 -0.26725
	 0.38457	 0.52738	 0.01655	 -0.26354
	 0.18553	 0.16051	 0.01638	 -0.22992
	 0.12566	 0.51936	 0.02018	 -0.22191
	 0.17285	 0.51856	 0.02217	 -0.27391
	 0.18019	 0.51486	 0.02217	 -0.28367
	 0.55917	 0.19882	 0.01264	 -0.20699
	 0.24955	 0.26832	 0.02818	 -0.31918
	 0.11058	 0.16062	 0.01568	 -0.19241
	 0.33534	 0.24289	 0.01918	 -0.29734
	 0.16164	 0.51856	 0.02070	 -0.27043
	 0.45844	 0.55149	 0.02406	 -0.38199
	 0.59675	 0.56717	 0.02446	 -0.39852
	 0.42601	 0.49650	 0.02955	 -0.45408
	 0.19813	 0.42765	 0.02891	 -0.25472
	 0.56243	 0.26255	 0.02632	 -0.42136
	 0.27642	 0.35509	 0.01794	 -0.27159
	 0.41311	 0.56751	 0.02406	 -0.37966
	 0.44839	 0.53417	 0.02406	 -0.37955
	 0.30390	 0.49650	 0.02957	 -0.36684
	 0.44839	 0.53417	 0.02381	 -0.37675
	 0.39183	 0.54967	 0.02957	 -0.45212
	 0.35910	 0.49650	 0.02941	 -0.42510
	 0.44756	 0.41145	 0.02355	 -0.37377
	 0.30515	 0.28894	 0.01663	 -0.25601
	 0.55682	 0.23888	 0.01836	 -0.30131
	 0.44756	 0.41405	 0.02406	 -0.38419
	 0.58253	 0.49736	 0.02793	 -0.44513
	 0.35869	 0.43091	 0.02967	 -0.42241
	 0.55682	 0.34932	 0.02827	 -0.44816
	 0.54694	 0.55115	 0.01818	 -0.29806
	 0.54694	 0.55115	 0.02861	 -0.45475
	 0.27984	 0.55092	 0.02091	 -0.31684
	 0.44839	 0.53385	 0.02406	 -0.37955
	 0.18019	 0.51519	 0.02217	 -0.28367
	 0.38828	 0.49650	 0.02957	 -0.45144
	 0.30014	 0.27028	 0.02818	 -0.37478
	 0.44756	 0.38615	 0.02377	 -0.37616
	 0.26467	 0.26832	 0.02818	 -0.33609
	 0.45207	 0.17981	 0.01654	 -0.26725
	 0.33534	 0.23014	 0.02146	 -0.33211
	 0.27930	 0.25924	 0.02805	 -0.35328
	 0.55119	 0.26851	 0.02818	 -0.44565
	 0.16857	 0.51856	 0.02217	 -0.26812
	 0.23277	 0.51856	 0.02217	 -0.32193
	 0.58331	 0.25944	 0.02436	 -0.39496
	 0.59675	 0.55115	 0.02927	 -0.46410
	 0.21514	 0.24295	 0.01888	 -0.27327
	 0.58331	 0.25944	 0.02231	 -0.36771
	 0.44756	 0.38615	 0.02377	 -0.37616
	 0.44756	 0.41145	 0.02377	 -0.37616
	 0.59675	 0.55115	 0.02927	 -0.46410
	 0.58253	 0.49736	 0.02793	 -0.44513
	 0.56243	 0.49634	 0.02632	 -0.42136
	 0.58253	 0.26356	 0.02793	 -0.44513
	 0.44839	 0.45180	 0.02406	 -0.37955
	 0.58331	 0.25944	 0.02436	 -0.39496
	 0.55730	 0.55325	 0.02862	 -0.45205
	 0.40271	 0.56541	 0.02332	 -0.36462
	 0.58331	 0.25944	 0.02231	 -0.36771
	 0.58331	 0.24400	 0.02824	 -0.44893
	 0.43615	 0.53417	 0.02406	 -0.38126
	 0.39183	 0.54848	 0.02957	 -0.45212
	 0.55610	 0.34932	 0.02827	 -0.44796
	 0.35974	 0.49650	 0.02957	 -0.42440
	 0.44839	 0.53417	 0.02406	 -0.37954
	 0.58331	 0.22926	 0.02436	 -0.39497
	 0.35910	 0.55096	 0.02927	 -0.42637
	 0.59675	 0.49668	 0.02942	 -0.46575
	 0.59910	 0.53705	 0.02861	 -0.45716
	 0.55052	 0.55115	 0.02927	 -0.46253
	 0.44756	 0.41145	 0.02528	 -0.39668
	 0.38828	 0.49047	 0.02957	 -0.45144
	 0.38828	 0.49650	 0.02957	 -0.45144
	 0.35910	 0.49860	 0.02957	 -0.42376
	 0.54369	 0.42301	 0.02806	 -0.44800
	 0.54694	 0.55987	 0.02877	 -0.45641
	 0.32439	 0.50993	 0.02941	 -0.38963
	 0.58671	 0.33589	 0.02827	 -0.45011
	 0.42268	 0.49650	 0.02961	 -0.45558
	 0.56243	 0.26255	 0.02632	 -0.42136
	 0.39183	 0.50544	 0.02957	 -0.45212
	 0.59675	 0.55115	 0.02849	 -0.45519
	 0.59209	 0.56717	 0.02262	 -0.36811
	 0.54694	 0.55115	 0.02736	 -0.43552
	 0.58331	 0.43177	 0.02806	 -0.44681
	 0.58331	 0.25944	 0.02436	 -0.39496
	 0.44839	 0.53385	 0.02406	 -0.37955
	 0.58331	 0.25944	 0.02436	 -0.39496
	 0.35910	 0.55096	 0.02927	 -0.42637
	 0.42601	 0.49650	 0.02955	 -0.45408
	 0.42235	 0.49650	 0.02954	 -0.45529
	 0.59607	 0.55115	 0.02850	 -0.45507
	 0.54694	 0.55734	 0.02861	 -0.45475
	 0.59675	 0.54569	 0.02940	 -0.46561
	 0.59130	 0.49561	 0.02927	 -0.46259
	 0.39334	 0.55096	 0.02957	 -0.45225
	 0.54438	 0.53667	 0.02861	 -0.45398
	 0.59929	 0.55153	 0.02861	 -0.45721
	 0.59675	 0.47872	 0.02995	 -0.47163
	 0.38828	 0.50649	 0.02991	 -0.44955
	 0.59797	 0.49668	 0.02943	 -0.46628
	 0.41217	 0.49650	 0.02960	 -0.45470
	 0.55439	 0.56834	 0.02877	 -0.45866
	 0.58127	 0.23595	 0.02824	 -0.44841
	 0.54694	 0.55987	 0.02877	 -0.45641
	 0.38828	 0.47607	 0.02957	 -0.45144
	 0.38828	 0.49047	 0.02928	 -0.44796
	 0.55610	 0.37435	 0.02827	 -0.44796
	 0.38828	 0.49650	 0.02957	 -0.45144
	 0.54369	 0.42301	 0.02806	 -0.44800
	 0.58201	 0.49736	 0.02793	 -0.44500
	 0.54747	 0.55115	 0.02861	 -0.45491
	 0.39183	 0.54848	 0.02811	 -0.43021
	 0.58331	 0.43177	 0.02951	 -0.46920
	 0.39045	 0.42338	 0.02986	 -0.45209
	 0.54506	 0.50507	 0.02802	 -0.44225
	 0.58671	 0.56876	 0.02829	 -0.45032
	 0.59675	 0.37698	 0.02925	 -0.46388
	 0.55919	 0.54967	 0.02793	 -0.44508
	 0.31328	 0.55115	 0.02928	 -0.37919
	 0.38246	 0.50544	 0.02957	 -0.44686
	 0.39183	 0.54967	 0.02957	 -0.45212
	 0.59500	 0.55115	 0.02927	 -0.46361
	 0.54840	 0.55115	 0.02861	 -0.45518
	 0.55610	 0.53470	 0.02827	 -0.44796
	 0.48805	 0.36571	 0.02927	 -0.45667
	 0.59846	 0.28580	 0.02861	 -0.45703
	 0.58383	 0.51060	 0.02939	 -0.46807
	 0.37157	 0.49650	 0.02955	 -0.43634
	 0.59718	 0.52842	 0.02927	 -0.46422
	 0.54694	 0.55564	 0.02877	 -0.45641
	 0.59130	 0.49984	 0.02983	 -0.47506
	 0.59499	 0.49668	 0.02911	 -0.46178
	 0.59868	 0.55115	 0.02927	 -0.46464
	 0.58383	 0.51060	 0.02945	 -0.46868
	 0.59675	 0.50581	 0.02897	 -0.46065
	 0.59675	 0.57353	 0.02849	 -0.45519
	 0.54694	 0.55987	 0.02877	 -0.45641
	 0.59675	 0.55115	 0.02849	 -0.45519
	 0.59675	 0.55115	 0.02927	 -0.46410
	 0.59675	 0.54569	 0.02940	 -0.46561
	 0.54694	 0.55115	 0.02861	 -0.45475
	 0.54694	 0.55987	 0.02881	 -0.45682
	 0.43476	 0.49650	 0.02957	 -0.45556
	 0.54694	 0.56511	 0.02989	 -0.47327
	 0.59675	 0.47347	 0.02882	 -0.45898
	 0.57334	 0.49679	 0.02995	 -0.47070
	 0.43290	 0.45282	 0.02960	 -0.45456
	 0.59908	 0.29875	 0.02948	 -0.46707
	 0.59797	 0.48374	 0.02943	 -0.46628
	 0.59500	 0.56964	 0.02927	 -0.46361
	 0.59929	 0.50643	 0.02861	 -0.45721
	 0.59975	 0.56834	 0.02995	 -0.47255
	 0.54970	 0.53705	 0.02717	 -0.43406
	 0.59675	 0.55115	 0.02925	 -0.46388
	 0.59675	 0.37698	 0.02927	 -0.46409
	 0.58348	 0.57106	 0.02928	 -0.46669
	 0.59657	 0.43077	 0.02950	 -0.46669
	 0.48805	 0.36571	 0.02927	 -0.45667
	 0.58331	 0.43177	 0.02951	 -0.46920
	 0.59675	 0.37698	 0.02925	 -0.46388
	 0.51352	 0.56947	 0.02927	 -0.46120
	 0.59839	 0.54575	 0.02940	 -0.46607
	 0.59675	 0.55109	 0.02927	 -0.46410
	 0.59609	 0.49077	 0.02856	 -0.45587
	 0.59128	 0.55714	 0.02920	 -0.46181
	 0.59797	 0.49668	 0.02943	 -0.46628
	 0.54840	 0.55115	 0.02861	 -0.45518
	 0.59888	 0.55107	 0.02939	 -0.46602
	 0.59966	 0.54576	 0.02929	 -0.46510
	 0.54694	 0.56511	 0.02989	 -0.47327
	 0.59675	 0.55115	 0.02924	 -0.46376
	 0.59797	 0.50576	 0.02927	 -0.46442
	 0.58331	 0.44464	 0.02944	 -0.46836
	 0.57334	 0.49679	 0.02995	 -0.47070
	 0.59868	 0.55115	 0.02954	 -0.46769
	 0.59130	 0.49984	 0.02983	 -0.47506
	 0.59908	 0.29875	 0.02948	 -0.46707
	 0.53713	 0.53058	 0.02921	 -0.46335
	 0.59797	 0.39532	 0.02944	 -0.46632
	 0.59797	 0.48392	 0.02994	 -0.47192
	 0.59675	 0.47853	 0.02944	 -0.46599
	 0.59628	 0.40133	 0.02991	 -0.47102
	 0.58507	 0.48162	 0.02956	 -0.47020
	 0.59839	 0.54575	 0.02940	 -0.46607
	 0.57334	 0.49679	 0.02995	 -0.47070
	 0.59675	 0.37698	 0.02925	 -0.46388
	 0.59675	 0.54569	 0.02940	 -0.46561
	 0.54694	 0.56511	 0.02989	 -0.47327
	 0.58331	 0.43177	 0.02979	 -0.47218
	 0.59675	 0.49668	 0.02977	 -0.46968
	 0.59975	 0.56834	 0.02995	 -0.47255
	 0.51207	 0.55118	 0.02927	 -0.46065
	 0.56077	 0.57592	 0.02927	 -0.46583
	 0.59908	 0.29875	 0.02948	 -0.46707
	 0.59657	 0.36190	 0.02950	 -0.46669
	 0.59675	 0.52689	 0.02942	 -0.46577
	 0.59675	 0.55115	 0.02927	 -0.46407
	 0.59675	 0.55115	 0.02702	 -0.43747
	 0.59130	 0.49984	 0.02992	 -0.47596
	 0.58383	 0.51060	 0.02939	 -0.46807
	 0.55466	 0.58412	 0.02925	 -0.46369
	 0.58409	 0.57106	 0.02928	 -0.46687
	 0.59438	 0.55115	 0.02963	 -0.46744
	 0.58348	 0.57106	 0.02901	 -0.46369
	 0.59804	 0.56834	 0.02995	 -0.47204
	 0.59904	 0.49817	 0.02943	 -0.46658
	 0.58289	 0.41260	 0.02984	 -0.47259
	 0.55387	 0.56511	 0.02989	 -0.46975
	 0.59130	 0.49984	 0.02983	 -0.47506
	 0.54958	 0.56810	 0.02995	 -0.46886
	 0.59585	 0.57818	 0.02989	 -0.47072
	 0.58543	 0.43177	 0.02951	 -0.46983
	 0.58289	 0.41260	 0.02984	 -0.47259
	 0.58359	 0.57847	 0.02856	 -0.45260
	 0.58463	 0.42118	 0.02995	 -0.47420
	 0.58331	 0.53262	 0.02989	 -0.47317
	 0.54694	 0.56511	 0.02980	 -0.46648
	 0.57351	 0.52171	 0.02995	 -0.47075
	 0.59839	 0.47836	 0.02995	 -0.47212
	 0.57831	 0.48252	 0.02995	 -0.47228
	 0.58605	 0.51060	 0.02945	 -0.46934
	 0.54643	 0.43983	 0.02991	 -0.47323
	 0.58381	 0.55018	 0.02989	 -0.47338
	 0.58184	 0.50357	 0.02939	 -0.46747
	 0.59735	 0.49732	 0.02977	 -0.46986
	 0.54694	 0.53147	 0.02984	 -0.46686
	 0.59130	 0.49984	 0.02989	 -0.47563
	 0.59130	 0.49984	 0.02988	 -0.47556
	 0.59130	 0.45151	 0.02983	 -0.47506
	 0.59738	 0.49668	 0.02995	 -0.47181
	 0.59797	 0.43772	 0.02977	 -0.46998
	 0.59908	 0.30787	 0.02948	 -0.46707
	 0.59797	 0.48392	 0.02994	 -0.47192
	 0.58289	 0.44394	 0.02774	 -0.44297
	 0.59618	 0.49984	 0.02992	 -0.47110
	 0.57334	 0.48239	 0.02995	 -0.47070
	 0.58507	 0.49602	 0.02959	 -0.47061
	 0.59667	 0.40133	 0.02990	 -0.47108
	 0.58347	 0.51060	 0.02940	 -0.46801
	 0.59756	 0.40133	 0.02991	 -0.47139
	 0.54822	 0.56511	 0.02989	 -0.46781
	 0.57960	 0.36190	 0.02950	 -0.46800
	 0.59130	 0.49984	 0.02983	 -0.47506
	 0.59975	 0.56834	 0.02995	 -0.47255
	 0.58189	 0.56834	 0.02995	 -0.47343
	 0.58507	 0.48162	 0.02956	 -0.47020
	 0.59804	 0.56398	 0.02995	 -0.47204
	 0.58307	 0.49505	 0.02734	 -0.43833
	 0.57358	 0.43351	 0.02959	 -0.46706
	 0.54694	 0.56511	 0.02988	 -0.46725
	 0.59130	 0.49984	 0.02989	 -0.47568
	 0.58381	 0.55385	 0.02989	 -0.47338
	 0.54426	 0.48195	 0.02989	 -0.47231
	 0.58381	 0.55314	 0.02989	 -0.47339
	 0.59130	 0.49984	 0.02983	 -0.47505
	 0.59155	 0.41260	 0.02984	 -0.47524
	 0.59738	 0.49668	 0.02995	 -0.47181
	 0.59447	 0.49984	 0.02984	 -0.47604
	 0.59130	 0.49564	 0.02991	 -0.47593
	 0.59055	 0.49971	 0.02983	 -0.47476
	 0.59992	 0.56847	 0.02998	 -0.47287
	 0.54694	 0.56511	 0.02989	 -0.47327
	 0.59220	 0.49668	 0.02995	 -0.47658
	 0.58331	 0.53262	 0.02787	 -0.44465
	 0.54694	 0.56511	 0.02989	 -0.47327
	 0.59804	 0.56834	 0.02995	 -0.47204
	 0.59839	 0.47023	 0.03000	 -0.47263
	 0.58463	 0.42118	 0.02995	 -0.47420
	 0.59130	 0.49984	 0.02988	 -0.47556
	 0.57334	 0.48204	 0.02995	 -0.47069
	 0.54694	 0.57976	 0.02989	 -0.47327
	 0.54694	 0.56511	 0.02989	 -0.47327
	 0.54643	 0.43983	 0.02991	 -0.47323
	 0.58133	 0.45116	 0.02983	 -0.47200
	 0.59186	 0.56698	 0.02995	 -0.47652
	 0.59969	 0.47653	 0.02733	 -0.44200
	 0.59130	 0.49984	 0.02983	 -0.47506
	 0.59130	 0.49984	 0.02989	 -0.47563
	 0.59130	 0.49984	 0.02983	 -0.47506
	 0.59130	 0.49984	 0.02983	 -0.47506
	 0.59130	 0.49984	 0.02983	 -0.47506
	 0.59130	 0.49984	 0.02983	 -0.47506
	 0.54643	 0.42520	 0.02991	 -0.47323
	 0.59130	 0.49984	 0.02989	 -0.47563
	 0.59867	 0.49984	 0.02997	 -0.47243
	 0.59787	 0.48392	 0.02994	 -0.47189
	 0.59994	 0.56834	 0.02995	 -0.47260
	 0.59130	 0.49984	 0.02988	 -0.47556
	 0.59130	 0.49984	 0.02989	 -0.47563
	 0.59676	 0.49984	 0.02983	 -0.47036
	 0.59130	 0.49984	 0.02983	 -0.47506
	 0.59130	 0.49984	 0.02851	 -0.45403
	 0.59130	 0.45151	 0.02983	 -0.47506
	 0.59130	 0.49984	 0.02989	 -0.47563
	 0.59130	 0.49984	 0.02989	 -0.47563
	 0.59130	 0.49984	 0.02989	 -0.47563
	 0.59130	 0.40689	 0.02983	 -0.47505
	 0.59155	 0.41260	 0.02984	 -0.47524
	 0.59161	 0.52031	 0.02983	 -0.47515
	 0.59130	 0.56364	 0.02984	 -0.47508
	 0.58189	 0.50453	 0.03000	 -0.47390
	 0.59130	 0.49984	 0.02653	 -0.43014
	 0.59130	 0.50359	 0.02992	 -0.47596
	 0.56800	 0.49984	 0.02992	 -0.47475
	 0.59129	 0.49984	 0.02984	 -0.47509
	 0.54395	 0.56680	 0.02994	 -0.47263
	 0.59409	 0.49815	 0.02983	 -0.47588
	 0.59186	 0.49746	 0.02983	 -0.47522
	 0.59186	 0.56698	 0.03000	 -0.47699
	 0.56551	 0.49668	 0.02995	 -0.47425
	 0.59222	 0.42118	 0.02668	 -0.43225
	 0.58865	 0.49998	 0.02997	 -0.47571
	 0.59220	 0.49655	 0.02981	 -0.47511
	 0.59130	 0.49984	 0.02983	 -0.47505
	 0.59130	 0.49984	 0.02988	 -0.47556
	 0.59130	 0.49245	 0.02983	 -0.47506
	 0.59130	 0.49984	 0.02983	 -0.47506
	 0.59130	 0.49984	 0.02989	 -0.47563
	 0.51394	 0.49984	 0.02888	 -0.45243
	 0.59130	 0.46324	 0.02983	 -0.47506
	 0.59130	 0.49564	 0.02991	 -0.47593
	 0.59131	 0.56698	 0.02984	 -0.47512
	 0.59185	 0.49984	 0.02995	 -0.47646
	 0.59130	 0.53466	 0.02988	 -0.47562
	 0.59135	 0.51401	 0.02983	 -0.47508
	 0.59130	 0.36948	 0.02984	 -0.47508
	 0.59130	 0.49393	 0.02991	 -0.47590
	 0.59186	 0.56698	 0.03000	 -0.47699
	 0.59265	 0.50359	 0.02992	 -0.47637
	 0.59409	 0.49815	 0.02993	 -0.47692
	 0.59155	 0.41260	 0.02984	 -0.47524
	 0.59130	 0.49984	 0.02711	 -0.43747
	 0.59130	 0.49984	 0.02989	 -0.47563
	 0.59130	 0.50359	 0.02992	 -0.47596
	 0.59130	 0.49984	 0.02720	 -0.43850
	 0.58607	 0.41260	 0.02984	 -0.47357
	 0.59557	 0.49984	 0.02989	 -0.47059
	 0.59130	 0.49649	 0.02989	 -0.47563
	 0.59220	 0.50003	 0.02617	 -0.41995
	 0.59130	 0.47987	 0.02988	 -0.47556
	 0.59130	 0.53367	 0.02914	 -0.46113
	 0.59130	 0.49984	 0.02989	 -0.47568
	 0.53983	 0.49998	 0.02997	 -0.47138
	 0.59130	 0.49984	 0.02988	 -0.47556
	 0.59130	 0.49564	 0.02991	 -0.47593
	 0.59130	 0.51868	 0.02989	 -0.47563
	 0.59186	 0.56698	 0.02995	 -0.47652
	 0.59212	 0.49678	 0.02989	 -0.47592
	 0.59138	 0.49975	 0.02995	 -0.47634
	 0.59186	 0.47134	 0.02983	 -0.47522
	 0.59130	 0.51237	 0.02991	 -0.47593
	 0.57993	 0.49984	 0.02989	 -0.47212
	 0.59130	 0.49984	 0.02988	 -0.47556
	 0.59130	 0.50061	 0.02991	 -0.47593
	 0.59130	 0.49487	 0.02989	 -0.47568
	 0.59185	 0.49979	 0.02995	 -0.47646
	 0.59409	 0.49820	 0.02983	 -0.47588
	 0.59130	 0.50114	 0.02995	 -0.47630
	 0.47246	 0.49984	 0.02989	 -0.46373
	 0.58052	 0.49555	 0.02816	 -0.44731
	 0.59130	 0.49993	 0.02991	 -0.47594
	 0.59130	 0.49984	 0.02988	 -0.47556
	 0.59186	 0.56698	 0.03000	 -0.47701
	 0.59129	 0.49984	 0.02984	 -0.47509
	 0.59447	 0.47746	 0.02984	 -0.47604
	 0.59130	 0.52970	 0.02983	 -0.47507
	 0.59447	 0.49984	 0.02989	 -0.47661
	 0.59186	 0.56698	 0.03000	 -0.47699
	 0.59186	 0.56698	 0.03000	 -0.47699
	 0.58342	 0.50359	 0.02992	 -0.47353
	 0.59447	 0.47746	 0.02984	 -0.47604
	 0.59265	 0.51970	 0.02992	 -0.47637
	 0.59958	 0.48482	 0.02995	 -0.47244
	 0.58971	 0.49249	 0.02991	 -0.47544
	 0.59186	 0.56698	 0.03000	 -0.47699
	 0.59130	 0.51237	 0.02991	 -0.47593
	 0.59130	 0.49984	 0.02989	 -0.47568
	 0.59186	 0.57361	 0.03000	 -0.47701
	 0.59447	 0.49984	 0.02984	 -0.47604
	 0.59182	 0.56698	 0.02995	 -0.47651
	 0.59133	 0.49044	 0.02991	 -0.47594
	 0.59130	 0.49983	 0.02989	 -0.47563
	 0.55705	 0.51845	 0.02999	 -0.47177
	 0.59130	 0.49994	 0.02991	 -0.47590
	 0.59447	 0.50050	 0.02989	 -0.47663
	 0.59186	 0.53693	 0.02995	 -0.47652
	 0.59130	 0.50114	 0.02995	 -0.47630
	 0.59185	 0.49139	 0.02995	 -0.47646
	 0.58324	 0.50890	 0.02991	 -0.47345
	 0.59126	 0.49974	 0.02989	 -0.47564
	 0.59450	 0.50070	 0.02991	 -0.47690
	 0.59185	 0.56879	 0.02989	 -0.47584
	 0.59212	 0.49497	 0.02995	 -0.47660
	 0.59185	 0.49666	 0.02995	 -0.47647
	 0.59283	 0.52355	 0.02995	 -0.47676
	 0.59130	 0.50359	 0.02992	 -0.47596
	 0.59130	 0.49984	 0.02992	 -0.47596
	 0.59186	 0.56698	 0.02995	 -0.47652
	 0.59409	 0.47228	 0.02993	 -0.47699
	 0.59060	 0.49923	 0.02989	 -0.47542
	 0.59516	 0.51929	 0.02984	 -0.46992
	 0.59186	 0.56698	 0.03000	 -0.47699
	 0.59409	 0.49815	 0.02983	 -0.47588
	 0.59186	 0.54362	 0.02995	 -0.47648
	 0.59220	 0.49668	 0.02676	 -0.43327
	 0.59130	 0.51760	 0.02991	 -0.47593
	 0.59130	 0.51237	 0.02688	 -0.43453
	 0.59194	 0.56698	 0.03000	 -0.47704
	 0.59121	 0.51727	 0.03000	 -0.47677
	 0.59186	 0.56698	 0.02868	 -0.45611
	 0.59212	 0.49497	 0.03000	 -0.47707
	 0.59447	 0.49984	 0.02984	 -0.47604
	 0.59451	 0.50070	 0.02991	 -0.47690
	 0.59185	 0.58672	 0.03000	 -0.47699
	 0.52180	 0.47795	 0.02993	 -0.46994
	 0.59186	 0.53913	 0.02893	 -0.45888
	 0.59186	 0.56698	 0.03000	 -0.47699
	 0.59409	 0.47228	 0.02993	 -0.47699
	 0.59185	 0.54088	 0.02995	 -0.47646
	 0.56738	 0.56698	 0.03000	 -0.47536
	 0.59130	 0.50114	 0.02995	 -0.47630
	 0.59186	 0.55993	 0.03000	 -0.47699
	 0.59186	 0.57361	 0.03000	 -0.47701
	 0.59186	 0.57405	 0.03000	 -0.47699
	 0.59186	 0.56654	 0.02995	 -0.47653
	 0.59447	 0.47746	 0.02989	 -0.47662
	 0.59447	 0.49984	 0.02984	 -0.47604
	 0.59187	 0.49599	 0.02965	 -0.47322
	 0.59219	 0.56768	 0.02995	 -0.47662
	 0.56901	 0.56698	 0.02995	 -0.47540
	 0.59186	 0.49984	 0.02995	 -0.47652
	 0.59186	 0.56698	 0.03000	 -0.47699
	 0.59447	 0.49984	 0.02589	 -0.41685
	 0.59447	 0.50050	 0.02996	 -0.47740
	 0.59185	 0.49666	 0.02995	 -0.47647
	 0.59283	 0.52355	 0.02995	 -0.47676
	 0.59447	 0.50050	 0.02989	 -0.47663
	 0.59297	 0.53724	 0.02995	 -0.47686
	 0.59171	 0.52324	 0.02995	 -0.47641
	 0.59186	 0.54362	 0.02995	 -0.47648
	 0.59186	 0.56698	 0.03000	 -0.47700
	 0.56694	 0.56698	 0.03000	 -0.47520
	 0.59186	 0.56698	 0.03000	 -0.47699
	 0.59504	 0.56698	 0.03000	 -0.47796
	 0.59409	 0.47228	 0.02993	 -0.47699
	 0.59186	 0.56698	 0.03000	 -0.47699
	 0.59186	 0.55882	 0.02972	 -0.47395
	 0.59409	 0.47228	 0.02993	 -0.47699
	 0.59186	 0.59147	 0.03000	 -0.47699
	 0.59186	 0.56698	 0.03000	 -0.47699
	 0.59186	 0.57405	 0.03000	 -0.47699
	 0.57760	 0.49497	 0.03000	 -0.47255
	 0.59476	 0.57361	 0.03000	 -0.47790
	 0.59186	 0.57361	 0.03000	 -0.47701
	 0.59186	 0.53905	 0.03000	 -0.47699
	 0.59186	 0.56698	 0.03000	 -0.47699
	 0.59186	 0.56698	 0.03000	 -0.47699
	 0.59931	 0.55993	 0.03000	 -0.47290
	 0.54215	 0.49497	 0.02929	 -0.46002
	 0.55914	 0.57202	 0.03000	 -0.47258
	 0.59185	 0.55941	 0.03000	 -0.47699
	 0.59131	 0.49557	 0.02991	 -0.47593
	 0.59441	 0.51727	 0.03000	 -0.47775
	 0.59194	 0.56698	 0.03000	 -0.47704
	 0.59186	 0.56698	 0.03000	 -0.47699
	 0.59457	 0.49984	 0.02996	 -0.47738
	 0.59322	 0.56765	 0.02996	 -0.47702
	 0.59186	 0.56698	 0.03000	 -0.47700
	 0.59186	 0.56987	 0.03000	 -0.47699
	 0.59181	 0.49811	 0.02999	 -0.47693
	 0.59414	 0.56702	 0.02993	 -0.47698
	 0.59502	 0.56698	 0.03000	 -0.47796
	 0.59473	 0.50050	 0.02984	 -0.47621
	 0.59409	 0.47228	 0.02993	 -0.47699
	 0.59409	 0.47228	 0.02993	 -0.47699
	 0.59409	 0.45514	 0.02996	 -0.47722
	 0.54676	 0.49497	 0.02993	 -0.47359
	 0.59186	 0.56698	 0.03000	 -0.47699
	 0.59186	 0.56698	 0.03000	 -0.47699
	 0.59297	 0.53724	 0.02995	 -0.47686
	 0.59186	 0.56698	 0.03000	 -0.47699
	 0.59186	 0.57361	 0.03000	 -0.47700
	 0.59186	 0.56698	 0.03000	 -0.47701
	 0.59186	 0.56698	 0.03000	 -0.47701
	 0.59251	 0.50070	 0.02991	 -0.47630
	 0.59507	 0.59871	 0.03000	 -0.47797
	 0.59409	 0.46800	 0.02993	 -0.47699
	 0.59457	 0.49984	 0.02996	 -0.47738
	 0.56258	 0.57361	 0.03000	 -0.47376
	 0.59450	 0.49984	 0.02996	 -0.47736
	 0.59480	 0.57361	 0.03000	 -0.47791
	 0.59186	 0.56698	 0.03000	 -0.47700
	 0.59186	 0.56698	 0.03000	 -0.47699
	 0.59186	 0.57361	 0.03000	 -0.47700
	 0.59212	 0.49497	 0.03000	 -0.47707
	 0.59620	 0.57361	 0.03000	 -0.47833
	 0.59409	 0.47228	 0.02993	 -0.47699
	 0.59408	 0.46509	 0.02996	 -0.47728
	 0.59661	 0.50312	 0.02996	 -0.47164
	 0.55140	 0.46800	 0.02994	 -0.46934
	 0.56714	 0.52914	 0.02999	 -0.47524
	 0.59186	 0.56698	 0.03000	 -0.47700
	 0.59476	 0.57767	 0.02761	 -0.44426
	 0.59186	 0.50038	 0.03000	 -0.47701
	 0.59322	 0.57370	 0.02997	 -0.47712
	 0.59449	 0.47328	 0.03000	 -0.47777
	 0.59420	 0.51628	 0.02993	 -0.47703
	 0.59213	 0.56698	 0.03000	 -0.47707
	 0.59475	 0.56698	 0.03000	 -0.47788
	 0.59186	 0.56698	 0.03000	 -0.47701
	 0.59507	 0.59871	 0.03000	 -0.47797
	 0.59507	 0.59871	 0.03000	 -0.47797
	 0.58407	 0.45514	 0.02996	 -0.47413
	 0.59186	 0.56698	 0.03000	 -0.47697
	 0.59409	 0.46800	 0.02993	 -0.47700
	 0.59186	 0.56698	 0.03000	 -0.47701
	 0.59186	 0.56698	 0.03000	 -0.47701
	 0.59317	 0.56765	 0.03000	 -0.47738
	 0.59191	 0.57361	 0.02996	 -0.47665
	 0.59212	 0.48918	 0.03000	 -0.47707
	 0.59186	 0.57277	 0.03000	 -0.47700
	 0.59194	 0.56698	 0.02883	 -0.45787
	 0.54363	 0.56698	 0.03000	 -0.47308
	 0.59447	 0.50050	 0.02996	 -0.47740
	 0.59186	 0.57361	 0.03000	 -0.47701
	 0.59958	 0.56698	 0.03000	 -0.47298
	 0.59502	 0.56698	 0.02984	 -0.46995
	 0.59212	 0.50833	 0.03000	 -0.47707
	 0.59480	 0.52262	 0.03000	 -0.47791
	 0.59449	 0.47328	 0.03000	 -0.47777
	 0.59409	 0.45514	 0.02901	 -0.46042
	 0.59450	 0.49984	 0.02996	 -0.47736
	 0.59317	 0.56765	 0.03000	 -0.47738
	 0.59502	 0.56698	 0.03000	 -0.47796
	 0.59186	 0.56698	 0.03000	 -0.47701
	 0.59409	 0.56415	 0.02967	 -0.46783
	 0.59186	 0.45796	 0.02995	 -0.47652
	 0.59441	 0.59952	 0.03000	 -0.47779
	 0.59507	 0.55873	 0.02819	 -0.45132
	 0.59479	 0.56698	 0.03000	 -0.47789
	 0.59499	 0.56698	 0.03000	 -0.47795
	 0.59507	 0.59871	 0.03000	 -0.47797
	 0.59504	 0.56698	 0.02911	 -0.46183
	 0.59611	 0.46415	 0.03000	 -0.47830
	 0.59457	 0.57450	 0.03000	 -0.47780
	 0.59322	 0.56738	 0.02996	 -0.47702
	 0.59408	 0.47462	 0.02996	 -0.47728
	 0.59474	 0.50050	 0.03000	 -0.47787
	 0.57384	 0.57361	 0.02996	 -0.47097
	 0.59447	 0.50050	 0.02996	 -0.47740
	 0.59923	 0.57361	 0.03000	 -0.47289
	 0.59504	 0.56698	 0.03000	 -0.47795
	 0.56803	 0.46509	 0.02996	 -0.47521
	 0.59322	 0.57370	 0.02997	 -0.47712
	 0.59447	 0.50050	 0.02996	 -0.47740
	 0.59457	 0.50000	 0.02996	 -0.47738
	 0.59212	 0.49481	 0.03000	 -0.47707
	 0.59212	 0.56840	 0.03000	 -0.47707
	 0.59317	 0.49422	 0.03000	 -0.47738
	 0.59213	 0.56698	 0.03000	 -0.47707
	 0.59441	 0.51727	 0.02979	 -0.46920
	 0.55727	 0.57361	 0.03000	 -0.47196
	 0.59480	 0.57361	 0.03000	 -0.47791
	 0.59507	 0.59871	 0.03000	 -0.47798
	 0.59507	 0.59871	 0.03000	 -0.47797
	 0.59507	 0.59871	 0.03000	 -0.47797
	 0.59476	 0.57361	 0.03000	 -0.47790
	 0.59502	 0.56698	 0.03000	 -0.47796
	 0.59504	 0.56698	 0.03000	 -0.47796
	 0.58315	 0.59935	 0.03000	 -0.47429
	 0.59508	 0.56505	 0.03000	 -0.47798
	 0.59506	 0.59871	 0.03000	 -0.47797
	 0.59475	 0.44229	 0.02686	 -0.43513
	 0.59504	 0.56698	 0.03000	 -0.47795
	 0.59584	 0.57357	 0.03000	 -0.47820
	 0.59504	 0.57849	 0.03000	 -0.47798
	 0.59474	 0.57317	 0.03000	 -0.47787
	 0.59507	 0.59871	 0.03000	 -0.47797
	 0.59441	 0.59952	 0.03000	 -0.47779
	 0.57687	 0.56698	 0.03000	 -0.47230
	 0.57429	 0.57361	 0.03000	 -0.47150
	 0.59507	 0.59871	 0.03000	 -0.47797
	 0.59480	 0.57361	 0.03000	 -0.47791
	 0.59504	 0.56698	 0.03000	 -0.47795
	 0.59479	 0.56698	 0.03000	 -0.47789
	 0.59447	 0.50050	 0.02655	 -0.42525
	 0.59507	 0.59871	 0.03000	 -0.47797
	 0.59506	 0.59991	 0.03000	 -0.47797
	 0.59481	 0.52200	 0.03000	 -0.47791
	 0.59480	 0.57361	 0.03000	 -0.47791
	 0.59474	 0.50050	 0.03000	 -0.47789
	 0.59611	 0.46415	 0.03000	 -0.47830
	 0.59507	 0.59871	 0.03000	 -0.47798
	 0.59502	 0.56698	 0.02821	 -0.45154
	 0.59611	 0.46415	 0.03000	 -0.47830
	 0.59682	 0.58060	 0.03000	 -0.47217
	 0.59507	 0.59871	 0.03000	 -0.47797
	 0.59476	 0.57361	 0.03000	 -0.47790
	 0.59504	 0.56698	 0.03000	 -0.47796
	 0.59270	 0.59839	 0.03000	 -0.47725
	 0.59507	 0.56637	 0.03000	 -0.47798
	 0.56383	 0.57361	 0.03000	 -0.47417
	 0.59507	 0.58987	 0.03000	 -0.47797
	 0.55589	 0.59871	 0.02948	 -0.46642
	 0.59447	 0.50050	 0.02996	 -0.47740
	 0.59092	 0.59871	 0.03000	 -0.47670
	 0.59507	 0.59871	 0.03000	 -0.47797
	 0.59707	 0.59871	 0.03000	 -0.47223
	 0.59697	 0.58520	 0.03000	 -0.47221
	 0.59507	 0.59871	 0.03000	 -0.47797
	 0.58397	 0.46415	 0.03000	 -0.47456
	 0.59767	 0.58588	 0.03000	 -0.47242
	 0.59507	 0.57502	 0.03000	 -0.47797
	 0.59611	 0.45498	 0.03000	 -0.47830
	 0.59507	 0.59898	 0.02851	 -0.45503
	 0.59614	 0.46415	 0.03000	 -0.47832
	 0.59504	 0.59871	 0.03000	 -0.47796
	 0.59507	 0.59871	 0.03000	 -0.47797
	 0.59507	 0.56077	 0.03000	 -0.47798
	 0.59845	 0.57508	 0.03000	 -0.47265
	 0.59507	 0.56637	 0.03000	 -0.47798
	 0.59507	 0.59871	 0.03000	 -0.47797
	 0.59507	 0.59871	 0.03000	 -0.47797
	 0.59504	 0.55955	 0.03000	 -0.47795
	 0.59990	 0.47158	 0.03000	 -0.47308
	 0.59502	 0.56698	 0.03000	 -0.47796
	 0.59508	 0.56505	 0.03000	 -0.47798
	 0.59504	 0.57537	 0.03000	 -0.47796
	 0.59854	 0.57849	 0.03000	 -0.47269
	 0.56424	 0.59871	 0.03000	 -0.47430
	 0.59507	 0.59871	 0.03000	 -0.47797
	 0.59507	 0.59871	 0.03000	 -0.47797
	 0.59611	 0.52964	 0.02952	 -0.46678
	 0.59741	 0.49707	 0.03000	 -0.47234
	 0.56971	 0.59871	 0.03000	 -0.47612
	 0.59507	 0.59871	 0.03000	 -0.47797
	 0.56202	 0.59948	 0.03000	 -0.47355
	 0.59507	 0.59871	 0.03000	 -0.47798
	 0.59611	 0.46449	 0.03000	 -0.47830
	 0.59507	 0.59871	 0.03000	 -0.47798
	 0.59507	 0.59871	 0.03000	 -0.47797
	 0.59618	 0.57872	 0.02813	 -0.45086
	 0.59505	 0.58814	 0.03000	 -0.47798
	 0.59507	 0.59833	 0.02993	 -0.47729
	 0.59584	 0.56162	 0.03000	 -0.47820
	 0.59507	 0.59997	 0.03000	 -0.47797
	 0.59481	 0.50181	 0.03000	 -0.47791
	 0.54105	 0.59964	 0.02926	 -0.45933
	 0.59611	 0.46449	 0.03000	 -0.47830
	 0.59505	 0.58814	 0.03000	 -0.47797
	 0.59507	 0.59869	 0.02940	 -0.46507
	 0.59503	 0.59821	 0.03000	 -0.47798
	 0.59692	 0.45986	 0.03000	 -0.47219
	 0.59611	 0.46449	 0.03000	 -0.47830
	 0.59508	 0.56505	 0.03000	 -0.47798
	 0.59507	 0.59871	 0.03000	 -0.47797
	 0.59611	 0.46415	 0.03000	 -0.47830
	 0.59507	 0.56669	 0.03000	 -0.47798
	 0.59702	 0.57325	 0.03000	 -0.47222
	 0.59507	 0.59298	 0.03000	 -0.47797
	 0.59707	 0.59871	 0.03000	 -0.47224
	 0.59507	 0.59871	 0.03000	 -0.47797
	 0.59508	 0.56505	 0.03000	 -0.47798
	 0.59507	 0.59871	 0.03000	 -0.47797
	 0.59622	 0.58998	 0.03000	 -0.47833
	 0.59611	 0.45498	 0.03000	 -0.47830
	 0.59584	 0.56162	 0.03000	 -0.47820
	 0.59611	 0.46415	 0.03000	 -0.47830
	 0.59584	 0.56162	 0.02953	 -0.46675
	 0.59506	 0.59162	 0.03000	 -0.47797
	 0.59613	 0.49638	 0.03000	 -0.47830
	 0.59611	 0.46335	 0.03000	 -0.47829
	 0.59507	 0.59514	 0.03000	 -0.47797
	 0.59611	 0.46415	 0.03000	 -0.47830
	 0.59507	 0.59871	 0.03000	 -0.47797
	 0.59508	 0.56506	 0.03000	 -0.47798
	 0.59507	 0.56635	 0.03000	 -0.47799
	 0.59620	 0.57361	 0.03000	 -0.47833
	 0.59504	 0.57849	 0.03000	 -0.47798
	 0.59507	 0.59871	 0.03000	 -0.47798
	 0.59507	 0.59871	 0.03000	 -0.47797
	 0.59619	 0.59871	 0.03000	 -0.47832
	 0.59614	 0.48027	 0.03000	 -0.47832
	 0.59583	 0.57357	 0.02876	 -0.45807
	 0.59620	 0.57361	 0.03000	 -0.47833
	 0.59507	 0.56077	 0.03000	 -0.47798
	 0.59507	 0.59871	 0.03000	 -0.47797
	 0.59507	 0.56077	 0.03000	 -0.47799
	 0.59613	 0.49638	 0.02859	 -0.45614
	 0.59623	 0.56431	 0.03000	 -0.47833
	 0.59620	 0.57361	 0.03000	 -0.47833
	 0.59649	 0.57361	 0.03000	 -0.47842
	 0.59611	 0.46415	 0.03000	 -0.47830
	 0.59611	 0.46449	 0.03000	 -0.47830
	 0.59611	 0.46415	 0.02856	 -0.45583
	 0.58975	 0.46449	 0.03000	 -0.47635
	 0.59507	 0.54557	 0.03000	 -0.47798
	 0.59620	 0.57361	 0.03000	 -0.47833
	 0.59620	 0.57361	 0.03000	 -0.47833
	 0.56448	 0.57361	 0.03000	 -0.47439
	 0.59611	 0.46415	 0.03000	 -0.47830
	 0.59500	 0.57849	 0.03000	 -0.47796
	 0.59616	 0.46449	 0.03000	 -0.47832
	 0.59622	 0.59038	 0.03000	 -0.47833
	 0.59612	 0.46333	 0.03000	 -0.47830
	 0.59611	 0.46415	 0.03000	 -0.47831
	 0.59611	 0.46415	 0.03000	 -0.47830
	 0.59597	 0.46415	 0.02850	 -0.45508
	 0.59611	 0.46415	 0.02785	 -0.44756
	 0.59507	 0.59871	 0.03000	 -0.47798
	 0.59614	 0.53708	 0.03000	 -0.47832
	 0.59772	 0.46413	 0.03000	 -0.47243
	 0.59614	 0.45499	 0.03000	 -0.47832
	 0.59507	 0.56077	 0.03000	 -0.47798
	 0.59584	 0.53975	 0.03000	 -0.47820
	 0.59619	 0.59871	 0.03000	 -0.47832
	 0.59507	 0.56669	 0.03000	 -0.47798
	 0.59611	 0.59605	 0.03000	 -0.47831
	 0.59776	 0.40092	 0.03000	 -0.47245
	 0.59611	 0.44135	 0.03000	 -0.47830
	 0.59611	 0.46415	 0.03000	 -0.47830
	 0.59612	 0.49898	 0.03000	 -0.47830
	 0.59682	 0.45238	 0.03000	 -0.47217
	 0.59625	 0.57849	 0.03000	 -0.47835
	 0.59490	 0.46449	 0.02742	 -0.44207
	 0.59509	 0.54412	 0.02956	 -0.46691
	 0.59611	 0.46415	 0.03000	 -0.47830
	 0.59611	 0.46449	 0.03000	 -0.47830
	 0.59614	 0.50690	 0.02969	 -0.46866
	 0.59622	 0.58998	 0.03000	 -0.47833
	 0.59611	 0.46415	 0.03000	 -0.47831
	 0.59610	 0.57350	 0.03000	 -0.47830
	 0.59650	 0.46767	 0.03000	 -0.47842
	 0.59614	 0.53708	 0.02914	 -0.46241
	 0.59611	 0.46415	 0.03000	 -0.47831
	 0.59620	 0.56431	 0.03000	 -0.47832
	 0.59622	 0.57361	 0.03000	 -0.47833
	 0.59619	 0.59777	 0.03000	 -0.47833
	 0.59223	 0.59605	 0.03000	 -0.47711
	 0.59620	 0.46449	 0.03000	 -0.47833
	 0.59611	 0.57361	 0.03000	 -0.47830
	 0.58193	 0.57361	 0.03000	 -0.47392
	 0.59620	 0.57361	 0.03000	 -0.47833
	 0.59616	 0.46449	 0.03000	 -0.47832
	 0.59611	 0.46415	 0.03000	 -0.47830
	 0.59620	 0.56643	 0.03000	 -0.47833
	 0.59939	 0.57361	 0.03000	 -0.47294
	 0.59772	 0.57171	 0.03000	 -0.47244
	 0.59619	 0.46405	 0.03000	 -0.47833
	 0.59939	 0.46415	 0.03000	 -0.47294
	 0.59982	 0.59871	 0.03000	 -0.47306
	 0.59625	 0.57849	 0.03000	 -0.47835
	 0.59612	 0.49898	 0.02854	 -0.45557
	 0.59611	 0.46415	 0.03000	 -0.47831
	 0.59625	 0.57849	 0.03000	 -0.47834
	 0.59611	 0.59038	 0.03000	 -0.47830
	 0.59622	 0.46415	 0.03000	 -0.47833
	 0.59616	 0.46449	 0.03000	 -0.47832
	 0.56977	 0.56431	 0.03000	 -0.47615
	 0.59942	 0.58998	 0.03000	 -0.47295
	 0.59620	 0.57361	 0.03000	 -0.47833
	 0.59620	 0.58846	 0.03000	 -0.47833
	 0.59649	 0.57361	 0.02837	 -0.45376
	 0.59620	 0.57402	 0.03000	 -0.47833
	 0.59612	 0.45208	 0.03000	 -0.47830
	 0.54458	 0.45744	 0.03000	 -0.47341
	 0.59610	 0.57456	 0.03000	 -0.47829
	 0.59619	 0.59777	 0.03000	 -0.47833
	 0.59625	 0.57849	 0.03000	 -0.47835
	 0.59625	 0.57849	 0.03000	 -0.47834
	 0.59989	 0.57954	 0.03000	 -0.47308
	 0.59620	 0.57361	 0.03000	 -0.47833
	 0.59623	 0.56431	 0.02892	 -0.45993
	 0.59650	 0.45562	 0.03000	 -0.47842
	 0.59766	 0.57361	 0.03000	 -0.47242
	 0.59622	 0.59140	 0.03000	 -0.47833
	 0.54765	 0.57361	 0.03000	 -0.47452
	 0.59622	 0.46415	 0.03000	 -0.47833
	 0.59620	 0.57361	 0.03000	 -0.47833
	 0.59625	 0.57849	 0.03000	 -0.47834
	 0.59622	 0.57361	 0.03000	 -0.47833
	 0.59620	 0.57361	 0.03000	 -0.47833
	 0.59620	 0.58846	 0.03000	 -0.47833
	 0.59136	 0.45942	 0.03000	 -0.47686
	 0.59649	 0.58641	 0.03000	 -0.47842
	 0.59619	 0.56106	 0.03000	 -0.47832
	 0.59620	 0.59865	 0.02972	 -0.46896
	 0.59622	 0.59558	 0.03000	 -0.47833
	 0.57199	 0.59080	 0.03000	 -0.47075
	 0.59622	 0.57372	 0.02727	 -0.44045
	 0.59620	 0.59028	 0.03000	 -0.47833
	 0.59620	 0.57402	 0.02993	 -0.47121
	 0.59620	 0.50498	 0.03000	 -0.47833
	 0.59620	 0.57849	 0.03000	 -0.47834
	 0.59624	 0.58358	 0.02515	 -0.40767
	 0.59883	 0.48505	 0.03000	 -0.47277
	 0.59618	 0.57361	 0.02734	 -0.44129
	 0.59615	 0.56147	 0.03000	 -0.47832
	 0.59626	 0.46760	 0.03000	 -0.47835
	 0.59625	 0.57849	 0.02917	 -0.46285
	 0.59619	 0.46405	 0.03000	 -0.47833
	 0.59614	 0.48027	 0.03000	 -0.47832
	 0.59619	 0.46405	 0.03000	 -0.47833
	 0.59620	 0.57730	 0.03000	 -0.47833
	 0.59831	 0.58998	 0.03000	 -0.47261
	 0.59619	 0.57361	 0.03000	 -0.47832
	 0.59623	 0.57361	 0.03000	 -0.47834
	 0.59649	 0.54220	 0.03000	 -0.47842
	 0.59622	 0.59970	 0.03000	 -0.47834
	 0.59622	 0.57970	 0.03000	 -0.47833
	 0.59625	 0.59781	 0.03000	 -0.47834
	 0.59689	 0.44416	 0.03000	 -0.47220
	 0.59620	 0.59556	 0.03000	 -0.47833
	 0.59649	 0.58641	 0.03000	 -0.47842
	 0.59619	 0.46405	 0.03000	 -0.47833
	 0.59620	 0.58695	 0.03000	 -0.47833
	 0.59649	 0.56588	 0.03000	 -0.47842
	 0.59625	 0.57849	 0.03000	 -0.47835
	 0.59620	 0.57486	 0.03000	 -0.47834
	 0.59626	 0.46760	 0.03000	 -0.47835
	 0.58253	 0.57361	 0.03000	 -0.47411
	 0.59622	 0.46494	 0.02933	 -0.46459
	 0.59620	 0.59020	 0.03000	 -0.47833
	 0.59650	 0.46286	 0.03000	 -0.47842
	 0.59622	 0.56633	 0.03000	 -0.47833
	 0.59649	 0.43677	 0.03000	 -0.47843
	 0.59603	 0.46728	 0.03000	 -0.47828
	 0.59918	 0.55443	 0.03000	 -0.47288
	 0.58867	 0.57849	 0.03000	 -0.47603
	 0.59620	 0.57849	 0.03000	 -0.47834
	 0.52169	 0.56500	 0.03000	 -0.47049
	 0.59619	 0.46405	 0.02660	 -0.42617
	 0.59625	 0.57825	 0.03000	 -0.47834
	 0.59393	 0.46767	 0.03000	 -0.47764
	 0.59625	 0.57849	 0.03000	 -0.47834
	 0.59620	 0.55664	 0.03000	 -0.47833
	 0.59008	 0.57849	 0.03000	 -0.47645
	 0.59649	 0.57361	 0.03000	 -0.47842
	 0.59622	 0.57808	 0.03000	 -0.47833
	 0.59625	 0.57849	 0.02955	 -0.46712
	 0.59650	 0.48430	 0.03000	 -0.47842
	 0.59622	 0.58844	 0.03000	 -0.47834
	 0.58836	 0.59000	 0.03000	 -0.47592
	 0.59805	 0.46415	 0.03000	 -0.47253
	 0.59619	 0.46406	 0.03000	 -0.47833
	 0.59625	 0.57849	 0.03000	 -0.47835
	 0.57068	 0.46405	 0.03000	 -0.47647
	 0.59622	 0.58787	 0.03000	 -0.47833
	 0.57498	 0.58877	 0.02878	 -0.45872
	 0.59650	 0.48430	 0.03000	 -0.47842
	 0.59620	 0.57849	 0.03000	 -0.47834
	 0.59625	 0.54228	 0.03000	 -0.47835
	 0.59620	 0.57849	 0.03000	 -0.47834
	 0.59649	 0.57361	 0.03000	 -0.47842
	 0.59918	 0.57849	 0.03000	 -0.47287
	 0.59629	 0.58641	 0.02979	 -0.46971
	 0.59746	 0.59781	 0.03000	 -0.47236
	 0.59649	 0.56588	 0.03000	 -0.47842
	 0.59650	 0.46767	 0.03000	 -0.47842
	 0.59620	 0.57849	 0.03000	 -0.47834
	 0.56167	 0.46286	 0.03000	 -0.47344
	 0.59650	 0.46345	 0.03000	 -0.47842
	 0.59649	 0.54161	 0.03000	 -0.47842
	 0.59625	 0.43677	 0.03000	 -0.47835
	 0.58509	 0.57849	 0.03000	 -0.47491
	 0.59735	 0.56633	 0.03000	 -0.47233
	 0.59620	 0.57849	 0.03000	 -0.47834
	 0.59625	 0.57849	 0.03000	 -0.47835
	 0.59625	 0.57849	 0.03000	 -0.47834
	 0.59625	 0.57849	 0.03000	 -0.47834
	 0.59625	 0.58473	 0.03000	 -0.47835
	 0.59650	 0.46937	 0.03000	 -0.47842
	 0.59650	 0.54337	 0.03000	 -0.47843
	 0.59625	 0.59635	 0.03000	 -0.47835
	 0.59141	 0.57838	 0.03000	 -0.47686
	 0.59625	 0.57849	 0.03000	 -0.47834
	 0.59649	 0.57361	 0.03000	 -0.47842
	 0.59620	 0.57486	 0.03000	 -0.47834
	 0.59625	 0.57849	 0.03000	 -0.47835
	 0.59625	 0.57381	 0.03000	 -0.47835
	 0.59650	 0.48833	 0.03000	 -0.47842
	 0.59625	 0.57849	 0.03000	 -0.47835
	 0.59622	 0.59970	 0.03000	 -0.47834
	 0.59649	 0.58641	 0.03000	 -0.47842
	 0.59625	 0.57849	 0.03000	 -0.47835
	 0.59650	 0.45899	 0.02759	 -0.44450
	 0.59649	 0.47549	 0.03000	 -0.47843
	 0.59649	 0.59364	 0.03000	 -0.47842
	 0.59650	 0.54337	 0.03000	 -0.47843
	 0.59648	 0.47356	 0.03000	 -0.47842
	 0.59625	 0.59609	 0.03000	 -0.47835
	 0.59650	 0.46331	 0.03000	 -0.47842
	 0.59959	 0.46892	 0.03000	 -0.47299
	 0.59650	 0.46286	 0.03000	 -0.47842
	 0.59650	 0.46345	 0.03000	 -0.47842
	 0.59650	 0.48430	 0.02950	 -0.46661
	 0.59649	 0.58641	 0.03000	 -0.47842
	 0.59650	 0.58641	 0.03000	 -0.47842
	 0.59649	 0.48430	 0.03000	 -0.47842
	 0.59626	 0.58283	 0.03000	 -0.47834
	 0.59648	 0.56779	 0.03000	 -0.47842
	 0.59625	 0.57370	 0.03000	 -0.47835
	 0.57975	 0.57860	 0.03000	 -0.47324
	 0.59649	 0.57361	 0.03000	 -0.47842
	 0.59649	 0.49996	 0.03000	 -0.47843
	 0.59650	 0.46767	 0.03000	 -0.47842
	 0.59650	 0.48833	 0.03000	 -0.47842
	 0.59649	 0.57361	 0.03000	 -0.47842
	 0.59625	 0.57012	 0.03000	 -0.47835
	 0.59651	 0.58337	 0.03000	 -0.47842
	 0.58856	 0.46420	 0.03000	 -0.47600
	 0.58977	 0.57361	 0.03000	 -0.47636
	 0.59650	 0.45562	 0.03000	 -0.47842
	 0.59650	 0.46233	 0.03000	 -0.47842
	 0.59649	 0.55916	 0.03000	 -0.47842
	 0.59650	 0.46767	 0.03000	 -0.47842
	 0.59650	 0.48430	 0.03000	 -0.47842
	 0.59650	 0.57338	 0.03000	 -0.47843
	 0.59649	 0.54359	 0.03000	 -0.47842
	 0.59650	 0.47549	 0.03000	 -0.47843
	 0.59649	 0.53209	 0.03000	 -0.47842
	 0.59649	 0.57068	 0.03000	 -0.47842
	 0.59649	 0.44829	 0.03000	 -0.47843
	 0.59649	 0.57361	 0.03000	 -0.47842
	 0.59649	 0.56588	 0.03000	 -0.47842
	 0.59649	 0.57361	 0.02794	 -0.44868
	 0.59649	 0.58641	 0.03000	 -0.47842
	 0.59649	 0.47549	 0.03000	 -0.47843
	 0.59650	 0.46345	 0.03000	 -0.47842
	 0.59650	 0.46767	 0.03000	 -0.47842
	 0.59650	 0.46345	 0.03000	 -0.47842
	 0.59648	 0.58758	 0.03000	 -0.47842
	 0.59650	 0.54296	 0.03000	 -0.47843
	 0.59650	 0.46767	 0.02993	 -0.47132
	 0.59650	 0.47549	 0.03000	 -0.47843
	 0.59650	 0.46767	 0.03000	 -0.47842
	 0.58918	 0.55885	 0.03000	 -0.47619
	 0.59649	 0.52175	 0.03000	 -0.47842
	 0.58632	 0.48736	 0.03000	 -0.47530
	 0.59650	 0.45243	 0.02854	 -0.45568
	 0.59650	 0.42957	 0.03000	 -0.47842
	 0.59649	 0.53594	 0.03000	 -0.47843
	 0.59648	 0.43677	 0.03000	 -0.47842
	 0.59649	 0.58641	 0.03000	 -0.47842
	 0.59650	 0.52514	 0.03000	 -0.47843
	 0.59650	 0.46767	 0.03000	 -0.47843
	 0.59648	 0.56779	 0.03000	 -0.47841
	 0.59649	 0.49996	 0.03000	 -0.47843
	 0.59650	 0.45562	 0.03000	 -0.47842
	 0.59650	 0.47572	 0.02730	 -0.44097
	 0.59825	 0.46263	 0.03000	 -0.47261
	 0.59651	 0.55224	 0.03000	 -0.47842
	 0.59649	 0.57361	 0.03000	 -0.47842
	 0.59856	 0.57322	 0.03000	 -0.47269
	 0.59651	 0.58353	 0.03000	 -0.47843
	 0.59650	 0.48790	 0.02588	 -0.41713
	 0.59648	 0.48788	 0.03000	 -0.47842
	 0.59650	 0.46937	 0.03000	 -0.47842
	 0.59650	 0.45562	 0.03000	 -0.47842
	 0.59650	 0.58116	 0.03000	 -0.47842
	 0.59650	 0.47265	 0.03000	 -0.47842
	 0.59650	 0.54781	 0.03000	 -0.47843
	 0.59649	 0.56588	 0.03000	 -0.47842
	 0.59650	 0.43655	 0.03000	 -0.47843
	 0.59649	 0.47572	 0.03000	 -0.47843
	 0.59650	 0.48414	 0.03000	 -0.47842
	 0.59650	 0.45562	 0.03000	 -0.47842
	 0.59650	 0.47549	 0.02990	 -0.47104
	 0.59650	 0.43655	 0.03000	 -0.47843
	 0.59649	 0.46767	 0.03000	 -0.47843
	 0.59650	 0.47549	 0.03000	 -0.47843
	 0.59650	 0.51507	 0.03000	 -0.47843
	 0.59650	 0.54337	 0.03000	 -0.47843
	 0.59648	 0.58758	 0.03000	 -0.47842
	 0.59649	 0.40348	 0.03000	 -0.47843
	 0.59650	 0.42957	 0.03000	 -0.47842
	 0.59650	 0.54296	 0.03000	 -0.47843
	 0.59651	 0.55224	 0.03000	 -0.47842
	 0.59650	 0.54781	 0.02984	 -0.47041
	 0.59648	 0.43677	 0.03000	 -0.47842
	 0.59649	 0.53594	 0.03000	 -0.47843
	 0.59650	 0.54337	 0.03000	 -0.47843
	 0.59651	 0.57250	 0.03000	 -0.47843
	 0.59649	 0.58425	 0.03000	 -0.47843
	 0.59648	 0.52503	 0.02881	 -0.45880
	 0.59650	 0.43655	 0.03000	 -0.47843
	 0.59650	 0.54337	 0.03000	 -0.47843
	 0.59651	 0.58365	 0.03000	 -0.47843
	 0.59648	 0.48767	 0.03000	 -0.47842
	 0.59650	 0.47628	 0.03000	 -0.47843
	 0.59650	 0.46467	 0.03000	 -0.47843
	 0.54063	 0.54781	 0.03000	 -0.47198
	 0.59954	 0.57338	 0.03000	 -0.47299
	 0.59648	 0.47459	 0.03000	 -0.47842
	 0.59649	 0.53491	 0.03000	 -0.47843
	 0.59649	 0.44709	 0.02966	 -0.46837
	 0.59915	 0.50116	 0.03000	 -0.47288
	 0.59650	 0.57338	 0.03000	 -0.47843
	 0.59649	 0.47572	 0.03000	 -0.47843
	 0.59649	 0.47160	 0.03000	 -0.47843
	 0.59650	 0.43284	 0.03000	 -0.47843
	 0.59650	 0.44309	 0.03000	 -0.47843
	 0.57774	 0.54815	 0.02920	 -0.46411
	 0.59649	 0.45623	 0.03000	 -0.47843
	 0.59650	 0.52514	 0.03000	 -0.47843
	 0.59690	 0.43677	 0.03000	 -0.47221
	 0.59650	 0.53094	 0.03000	 -0.47843
	 0.59650	 0.54296	 0.03000	 -0.47843
	 0.59766	 0.45266	 0.03000	 -0.47243
	 0.59699	 0.43622	 0.03000	 -0.47223
	 0.59650	 0.52547	 0.03000	 -0.47843
	 0.59650	 0.46767	 0.03000	 -0.47843
	 0.59649	 0.45623	 0.02864	 -0.45678
	 0.59752	 0.47581	 0.03000	 -0.47239
	 0.59649	 0.58378	 0.03000	 -0.47843
	 0.59683	 0.51507	 0.03000	 -0.47219
	 0.59650	 0.52514	 0.03000	 -0.47843
	 0.59650	 0.43655	 0.03000	 -0.47843
	 0.59650	 0.46467	 0.03000	 -0.47843
	 0.59650	 0.54296	 0.03000	 -0.47843
	 0.58080	 0.43655	 0.03000	 -0.47357
	 0.59796	 0.55243	 0.03000	 -0.47252
	 0.59651	 0.46910	 0.03000	 -0.47843
	 0.59681	 0.46467	 0.03000	 -0.47218
	 0.59650	 0.47549	 0.03000	 -0.47843
	 0.59650	 0.54337	 0.03000	 -0.47843
	 0.59650	 0.54296	 0.03000	 -0.47843
	 0.59650	 0.47549	 0.03000	 -0.47843
	 0.59534	 0.58365	 0.03000	 -0.47808
	 0.59649	 0.47572	 0.03000	 -0.47843
	 0.59651	 0.56088	 0.03000	 -0.47843
	 0.59651	 0.57250	 0.02786	 -0.44776
	 0.59650	 0.49053	 0.02974	 -0.46931
	 0.59649	 0.54337	 0.03000	 -0.47843
	 0.59650	 0.44829	 0.03000	 -0.47843
	 0.59650	 0.47549	 0.03000	 -0.47843
	 0.59650	 0.43284	 0.03000	 -0.47843
	 0.59650	 0.54337	 0.03000	 -0.47843
	 0.59717	 0.55468	 0.03000	 -0.47229
	 0.59650	 0.43655	 0.03000	 -0.47843
	 0.59650	 0.43655	 0.03000	 -0.47843
	 0.59651	 0.58491	 0.03000	 -0.47843
	 0.59650	 0.47702	 0.03000	 -0.47843
	 0.56922	 0.54781	 0.03000	 -0.47598
	 0.59651	 0.58353	 0.03000	 -0.47843
	 0.59650	 0.47549	 0.02955	 -0.46715
	 0.59650	 0.52514	 0.03000	 -0.47843
	 0.59650	 0.43517	 0.03000	 -0.47843
	 0.56181	 0.46467	 0.03000	 -0.47350
	 0.59651	 0.56209	 0.03000	 -0.47843
	 0.59650	 0.44690	 0.02707	 -0.43807
	 0.59650	 0.46767	 0.03000	 -0.47843
	 0.59650	 0.47628	 0.03000	 -0.47843
	 0.59650	 0.58353	 0.03000	 -0.47843
	 0.59651	 0.52514	 0.03000	 -0.47843
	 0.59650	 0.51507	 0.03000	 -0.47843
	 0.59651	 0.56570	 0.03000	 -0.47843
	 0.59650	 0.58543	 0.03000	 -0.47843
	 0.59651	 0.54117	 0.02901	 -0.46109
	 0.59650	 0.39336	 0.03000	 -0.47843
	 0.59650	 0.47549	 0.03000	 -0.47843
	 0.59650	 0.46767	 0.03000	 -0.47843
	 0.59650	 0.51655	 0.03000	 -0.47843
	 0.59650	 0.47549	 0.03000	 -0.47843
	 0.59650	 0.49498	 0.03000	 -0.47843
	 0.59651	 0.59383	 0.03000	 -0.47843
	 0.59651	 0.56088	 0.03000	 -0.47843
	 0.59651	 0.56088	 0.03000	 -0.47843
	 0.55650	 0.58353	 0.02965	 -0.46826
	 0.59650	 0.47549	 0.03000	 -0.47843
	 0.59732	 0.58491	 0.03000	 -0.47233
	 0.59650	 0.47516	 0.03000	 -0.47843
	 0.59650	 0.54329	 0.03000	 -0.47843
	 0.59650	 0.54337	 0.03000	 -0.47843
	 0.59650	 0.47549	 0.03000	 -0.47843
	 0.59651	 0.58491	 0.03000	 -0.47843
	 0.59651	 0.46910	 0.03000	 -0.47843
	 0.59650	 0.46767	 0.03000	 -0.47843
	 0.59650	 0.43655	 0.03000	 -0.47843
	 0.59650	 0.47549	 0.03000	 -0.47843
	 0.59651	 0.58487	 0.02884	 -0.45911
	 0.59650	 0.44319	 0.03000	 -0.47843
	 0.59650	 0.47549	 0.03000	 -0.47843
	 0.59927	 0.47549	 0.03000	 -0.47291
	 0.59650	 0.58353	 0.03000	 -0.47843
	 0.59721	 0.43655	 0.03000	 -0.47230
	 0.59651	 0.46910	 0.03000	 -0.47843
	 0.59650	 0.47594	 0.03000	 -0.47843
	 0.59651	 0.46865	 0.03000	 -0.47843
	 0.59880	 0.58946	 0.03000	 -0.47277
	 0.59651	 0.46869	 0.03000	 -0.47843
	 0.59651	 0.58895	 0.02871	 -0.45767
	 0.59835	 0.46426	 0.03000	 -0.47264
	 0.58313	 0.56088	 0.03000	 -0.47430
	 0.59651	 0.56088	 0.03000	 -0.47843
	 0.59650	 0.47549	 0.02694	 -0.43640
	 0.59650	 0.47628	 0.03000	 -0.47843
	 0.59650	 0.47556	 0.03000	 -0.47843
	 0.59650	 0.51727	 0.03000	 -0.47843
	 0.59651	 0.57712	 0.02819	 -0.45159
	 0.59651	 0.47548	 0.03000	 -0.47843
	 0.59651	 0.47070	 0.03000	 -0.47843
	 0.59651	 0.59801	 0.02875	 -0.45811
	 0.59650	 0.52462	 0.03000	 -0.47843
	 0.59651	 0.51707	 0.03000	 -0.47843
	 0.55635	 0.46467	 0.03000	 -0.47164
	 0.59651	 0.56088	 0.03000	 -0.47843
	 0.59651	 0.57250	 0.03000	 -0.47843
	 0.59650	 0.47549	 0.03000	 -0.47843
	 0.59004	 0.52514	 0.03000	 -0.47645
	 0.59888	 0.46910	 0.03000	 -0.47279
	 0.59651	 0.56088	 0.03000	 -0.47843
	 0.59651	 0.59383	 0.03000	 -0.47843
	 0.59651	 0.58491	 0.03000	 -0.47843
	 0.56619	 0.46467	 0.03000	 -0.47497
	 0.59650	 0.45364	 0.03000	 -0.47843
	 0.56030	 0.59812	 0.03000	 -0.47299
	 0.59651	 0.58255	 0.03000	 -0.47843
	 0.59650	 0.47646	 0.03000	 -0.47843
	 0.59651	 0.56088	 0.03000	 -0.47843
	 0.53127	 0.56209	 0.03000	 -0.46851
	 0.58898	 0.51507	 0.03000	 -0.47612
	 0.59651	 0.46081	 0.03000	 -0.47843
	 0.59650	 0.47549	 0.02967	 -0.46850
	 0.59651	 0.58353	 0.03000	 -0.47843
	 0.59650	 0.47549	 0.03000	 -0.47843
	 0.59650	 0.47549	 0.03000	 -0.47843
	 0.55068	 0.46910	 0.03000	 -0.46968
	 0.59651	 0.47548	 0.03000	 -0.47843
	 0.59650	 0.46875	 0.03000	 -0.47843
	 0.59651	 0.45399	 0.03000	 -0.47843
	 0.59651	 0.48689	 0.03000	 -0.47843
	 0.58710	 0.56088	 0.03000	 -0.47554
	 0.59651	 0.56088	 0.03000	 -0.47843
	 0.59651	 0.46081	 0.03000	 -0.47843
	 0.48323	 0.56092	 0.03000	 -0.46464
	 0.59651	 0.58332	 0.02971	 -0.46892
	 0.59651	 0.56571	 0.03000	 -0.47843
	 0.59651	 0.56087	 0.03000	 -0.47843
	 0.59651	 0.56605	 0.03000	 -0.47843
	 0.59651	 0.46834	 0.03000	 -0.47843
	 0.59651	 0.46865	 0.03000	 -0.47843
	 0.59651	 0.40939	 0.03000	 -0.47843
	 0.59651	 0.52207	 0.03000	 -0.47843
	 0.55734	 0.56395	 0.03000	 -0.47198
	 0.59651	 0.52514	 0.03000	 -0.47843
	 0.59651	 0.56607	 0.03000	 -0.47843
	 0.59699	 0.43423	 0.03000	 -0.47223
	 0.59651	 0.59965	 0.02955	 -0.46720
	 0.59651	 0.51707	 0.02887	 -0.45943
	 0.59651	 0.57250	 0.03000	 -0.47843
	 0.59651	 0.56088	 0.03000	 -0.47843
	 0.59733	 0.48149	 0.03000	 -0.47234
	 0.59651	 0.56209	 0.03000	 -0.47843
	 0.59651	 0.56088	 0.03000	 -0.47843
	 0.59651	 0.58353	 0.03000	 -0.47843
	 0.59651	 0.56088	 0.03000	 -0.47843
	 0.59651	 0.46910	 0.03000	 -0.47843
	 0.59651	 0.48608	 0.03000	 -0.47843
	 0.59651	 0.57387	 0.03000	 -0.47843
	 0.59885	 0.58353	 0.03000	 -0.47279
	 0.59651	 0.59622	 0.03000	 -0.47843
	 0.59899	 0.59086	 0.02707	 -0.43264
	 0.59651	 0.58365	 0.03000	 -0.47843
	 0.59651	 0.56088	 0.03000	 -0.47843
	 0.59651	 0.46910	 0.03000	 -0.47843
	 0.59651	 0.47548	 0.03000	 -0.47843
	 0.59651	 0.40151	 0.03000	 -0.47843
	 0.59651	 0.56214	 0.03000	 -0.47843
	 0.59842	 0.49789	 0.03000	 -0.47266
	 0.59651	 0.56096	 0.03000	 -0.47843
	 0.59651	 0.46201	 0.03000	 -0.47843
	 0.59651	 0.56794	 0.03000	 -0.47843
	 0.59651	 0.56088	 0.03000	 -0.47843
	 0.59759	 0.56087	 0.03000	 -0.47241
	 0.59651	 0.45399	 0.03000	 -0.47843
	 0.59651	 0.56088	 0.03000	 -0.47843
	 0.59651	 0.53305	 0.03000	 -0.47843
	 0.59651	 0.47548	 0.03000	 -0.47843
	 0.59651	 0.40939	 0.03000	 -0.47843
	 0.59651	 0.51707	 0.02988	 -0.47080
	 0.59651	 0.47548	 0.03000	 -0.47843
	 0.59651	 0.46910	 0.03000	 -0.47843
	 0.59445	 0.55761	 0.03000	 -0.47780
	 0.59738	 0.47874	 0.03000	 -0.47235
	 0.59689	 0.45636	 0.03000	 -0.47221
	 0.58604	 0.46081	 0.03000	 -0.47521
	 0.59651	 0.47983	 0.03000	 -0.47843
	 0.59651	 0.56097	 0.03000	 -0.47843
	 0.58567	 0.44987	 0.03000	 -0.47510
	 0.59651	 0.57211	 0.03000	 -0.47843
	 0.56140	 0.52207	 0.03000	 -0.47336
	 0.59651	 0.46910	 0.03000	 -0.47843
	 0.59725	 0.46910	 0.03000	 -0.47231
	 0.59651	 0.45399	 0.03000	 -0.47843
	 0.59651	 0.48792	 0.02677	 -0.42830
	 0.59651	 0.43513	 0.03000	 -0.47843
	 0.59651	 0.47064	 0.03000	 -0.47843
	 0.59793	 0.56094	 0.03000	 -0.47251
	 0.59485	 0.47548	 0.03000	 -0.47793
	 0.59651	 0.43345	 0.03000	 -0.47843
	 0.59651	 0.56088	 0.03000	 -0.47843
	 0.59874	 0.56088	 0.03000	 -0.47275
	 0.59651	 0.56088	 0.03000	 -0.47843
	 0.59651	 0.46910	 0.02995	 -0.47150
	 0.59651	 0.52514	 0.03000	 -0.47843
	 0.59651	 0.56088	 0.03000	 -0.47843
	 0.59651	 0.47070	 0.03000	 -0.47843
	 0.59651	 0.36637	 0.03000	 -0.47843
	 0.59506	 0.40850	 0.03000	 -0.47799
	 0.59651	 0.57281	 0.03000	 -0.47843
	 0.59651	 0.45399	 0.03000	 -0.47843
	 0.59651	 0.56088	 0.03000	 -0.47843
	 0.59651	 0.48689	 0.03000	 -0.47843
	 0.59651	 0.47070	 0.03000	 -0.47843
	 0.59651	 0.40151	 0.02912	 -0.46227
	 0.59651	 0.56883	 0.03000	 -0.47843
	 0.59651	 0.47207	 0.03000	 -0.47843
	 0.59651	 0.45596	 0.03000	 -0.47843
	 0.59651	 0.56088	 0.03000	 -0.47843
	 0.59651	 0.56087	 0.02999	 -0.47197
	 0.59651	 0.56088	 0.03000	 -0.47843
	 0.59651	 0.56794	 0.03000	 -0.47843
	 0.59651	 0.47548	 0.03000	 -0.47843
	 0.59651	 0.56088	 0.03000	 -0.47843
	 0.59651	 0.56087	 0.03000	 -0.47843
	 0.59651	 0.40151	 0.03000	 -0.47843
	 0.58335	 0.46910	 0.03000	 -0.47437
	 0.59651	 0.56088	 0.03000	 -0.47843
	 0.59651	 0.46077	 0.03000	 -0.47843
	 0.59651	 0.45877	 0.03000	 -0.47843
	 0.59651	 0.45399	 0.03000	 -0.47843
	 0.59651	 0.43513	 0.03000	 -0.47843
	 0.59651	 0.45399	 0.03000	 -0.47843
	 0.59651	 0.54288	 0.03000	 -0.47843
	 0.59651	 0.49930	 0.03000	 -0.47843
	 0.59651	 0.49383	 0.03000	 -0.47843
	 0.59651	 0.47548	 0.02966	 -0.46843
	 0.59095	 0.56088	 0.03000	 -0.47673
	 0.54856	 0.56375	 0.03000	 -0.47485
	 0.59651	 0.56088	 0.02943	 -0.46582
	 0.59651	 0.46362	 0.03000	 -0.47843
	 0.59651	 0.47581	 0.03000	 -0.47843
	 0.57837	 0.46081	 0.03000	 -0.47280
	 0.59651	 0.45399	 0.03000	 -0.47843
	 0.59651	 0.56088	 0.03000	 -0.47843
	 0.59651	 0.46097	 0.02924	 -0.46372
	 0.59326	 0.45958	 0.03000	 -0.47744
	 0.59651	 0.56233	 0.03000	 -0.47843
	 0.59651	 0.46769	 0.03000	 -0.47843
	 0.59651	 0.57566	 0.03000	 -0.47843
	 0.59651	 0.55571	 0.03000	 -0.47843
	 0.59651	 0.45916	 0.03000	 -0.47843
	 0.59651	 0.45399	 0.03000	 -0.47843
	 0.59651	 0.45399	 0.02682	 -0.42903
	 0.59651	 0.46362	 0.03000	 -0.47843
	 0.59651	 0.45399	 0.03000	 -0.47843
	 0.59651	 0.56088	 0.03000	 -0.47843
	 0.59651	 0.45885	 0.02930	 -0.46441
	 0.59910	 0.56794	 0.03000	 -0.47286
	 0.59651	 0.56088	 0.03000	 -0.47843
	 0.59651	 0.45399	 0.03000	 -0.47843
	 0.59651	 0.57738	 0.03000	 -0.47843
	 0.59651	 0.47556	 0.03000	 -0.47843
	 0.55576	 0.38076	 0.03000	 -0.47144
	 0.59566	 0.54288	 0.03000	 -0.47817
	 0.59651	 0.56087	 0.02812	 -0.45085
	 0.59651	 0.48458	 0.03000	 -0.47843
	 0.59651	 0.56087	 0.02930	 -0.46443
	 0.59651	 0.45596	 0.02969	 -0.46873
	 0.59651	 0.47548	 0.03000	 -0.47843
	 0.59651	 0.45399	 0.03000	 -0.47843
	 0.59651	 0.56883	 0.03000	 -0.47843
	 0.59651	 0.59256	 0.03000	 -0.47843
	 0.59651	 0.56883	 0.03000	 -0.47843
	 0.59651	 0.36810	 0.03000	 -0.47843
	 0.59651	 0.45585	 0.03000	 -0.47843
	 0.59651	 0.40662	 0.03000	 -0.47843
	 0.59651	 0.45394	 0.03000	 -0.47843
	 0.59651	 0.49383	 0.03000	 -0.47843
	 0.59651	 0.43513	 0.03000	 -0.47843
	 0.59651	 0.40151	 0.03000	 -0.47843
	 0.59651	 0.59481	 0.02857	 -0.45608
	 0.58880	 0.47588	 0.03000	 -0.47607
	 0.58391	 0.54281	 0.03000	 -0.47455
	 0.59651	 0.49383	 0.03000	 -0.47843
	 0.59651	 0.45399	 0.03000	 -0.47843
	 0.59651	 0.40662	 0.02962	 -0.46798
	 0.59651	 0.45399	 0.03000	 -0.47843
	 0.59651	 0.40651	 0.03000	 -0.47843
	 0.59651	 0.55729	 0.03000	 -0.47843
	 0.59651	 0.45399	 0.03000	 -0.47843
	 0.59651	 0.57566	 0.03000	 -0.47843
	 0.59996	 0.46362	 0.03000	 -0.47311
	 0.56602	 0.33945	 0.03000	 -0.47491
	 0.59651	 0.45399	 0.03000	 -0.47843
	 0.59651	 0.54288	 0.03000	 -0.47843
	 0.59651	 0.57039	 0.03000	 -0.47843
	 0.59651	 0.40099	 0.03000	 -0.47843
	 0.59651	 0.45425	 0.03000	 -0.47843
	 0.59651	 0.56951	 0.03000	 -0.47843
	 0.59884	 0.45399	 0.03000	 -0.47278
	 0.59686	 0.52058	 0.03000	 -0.47220
	 0.59651	 0.46440	 0.03000	 -0.47843
	 0.59651	 0.48700	 0.03000	 -0.47843
	 0.59651	 0.41849	 0.03000	 -0.47843
	 0.59651	 0.45399	 0.03000	 -0.47843
	 0.59651	 0.48249	 0.03000	 -0.47843
	 0.59651	 0.48970	 0.03000	 -0.47843
	 0.59651	 0.51549	 0.03000	 -0.47843
	 0.59651	 0.45395	 0.03000	 -0.47843
	 0.59651	 0.43513	 0.02701	 -0.43733
	 0.59651	 0.48151	 0.03000	 -0.47843
	 0.59651	 0.45585	 0.03000	 -0.47843
	 0.59651	 0.45596	 0.03000	 -0.47843
	 0.59651	 0.40884	 0.03000	 -0.47843
	 0.59651	 0.41789	 0.03000	 -0.47843
	 0.59651	 0.41835	 0.02909	 -0.46200
	 0.59651	 0.45399	 0.03000	 -0.47843
	 0.59651	 0.56883	 0.03000	 -0.47843
	 0.59651	 0.44288	 0.02918	 -0.46305
	 0.57202	 0.45399	 0.03000	 -0.47077
	 0.59651	 0.45394	 0.03000	 -0.47843
	 0.59651	 0.45399	 0.03000	 -0.47843
	 0.59651	 0.45399	 0.02596	 -0.41816
	 0.59651	 0.42582	 0.03000	 -0.47843
	 0.59651	 0.58409	 0.03000	 -0.47843
	 0.59651	 0.56088	 0.03000	 -0.47843
	 0.59651	 0.45399	 0.03000	 -0.47843
	 0.59651	 0.40540	 0.03000	 -0.47843
	 0.59651	 0.45510	 0.03000	 -0.47843
	 0.59651	 0.45585	 0.03000	 -0.47843
	 0.59651	 0.45585	 0.03000	 -0.47843
	 0.59651	 0.47581	 0.03000	 -0.47843
	 0.59651	 0.54288	 0.03000	 -0.47843
	 0.59651	 0.46020	 0.03000	 -0.47843
	 0.59651	 0.53864	 0.03000	 -0.47843
	 0.59651	 0.45585	 0.02867	 -0.45717
	 0.59651	 0.54288	 0.03000	 -0.47843
	 0.59651	 0.48249	 0.03000	 -0.47843
	 0.59651	 0.45421	 0.03000	 -0.47843
	 0.58556	 0.45585	 0.03000	 -0.47506
	 0.59651	 0.45399	 0.03000	 -0.47843
	 0.59651	 0.45596	 0.03000	 -0.47843
	 0.59651	 0.40884	 0.03000	 -0.47843
	 0.59651	 0.56233	 0.03000	 -0.47843
	 0.59651	 0.45399	 0.03000	 -0.47843
	 0.59651	 0.45399	 0.03000	 -0.47843
	 0.59651	 0.49826	 0.03000	 -0.47843
	 0.59651	 0.40787	 0.03000	 -0.47843
	 0.59651	 0.44908	 0.03000	 -0.47843
	 0.59651	 0.40651	 0.03000	 -0.47843
	 0.59651	 0.45425	 0.03000	 -0.47843
	 0.59651	 0.43093	 0.03000	 -0.47843
	 0.59651	 0.45399	 0.03000	 -0.47843
	 0.59651	 0.49770	 0.03000	 -0.47843
	 0.59651	 0.45399	 0.03000	 -0.47843
	 0.59651	 0.45399	 0.03000	 -0.47843
	 0.59651	 0.46310	 0.03000	 -0.47843
	 0.59651	 0.56620	 0.03000	 -0.47843
	 0.59651	 0.45010	 0.03000	 -0.47843
	 0.59651	 0.41849	 0.03000	 -0.47843
	 0.59651	 0.45399	 0.03000	 -0.47843
	 0.59651	 0.54371	 0.03000	 -0.47843
	 0.59651	 0.45316	 0.03000	 -0.47843
	 0.59651	 0.45678	 0.03000	 -0.47843
	 0.59651	 0.48691	 0.03000	 -0.47843
	 0.59651	 0.54288	 0.03000	 -0.47843
	 0.59651	 0.45585	 0.03000	 -0.47843
	 0.58656	 0.45596	 0.03000	 -0.47537
	 0.59651	 0.45472	 0.03000	 -0.47843
	 0.59651	 0.45010	 0.03000	 -0.47843
	 0.59816	 0.45425	 0.03000	 -0.47258
	 0.59651	 0.40884	 0.03000	 -0.47843
	 0.59651	 0.43093	 0.03000	 -0.47843
	 0.59651	 0.40651	 0.03000	 -0.47843
	 0.59651	 0.48249	 0.03000	 -0.47843
	 0.59651	 0.40651	 0.03000	 -0.47843
	 0.59651	 0.40651	 0.03000	 -0.47843
	 0.56629	 0.45438	 0.03000	 -0.47501
	 0.59651	 0.44682	 0.03000	 -0.47843
	 0.59651	 0.54288	 0.03000	 -0.47843
	 0.59651	 0.45421	 0.03000	 -0.47843
	 0.59851	 0.40651	 0.03000	 -0.47269
	 0.59651	 0.45585	 0.03000	 -0.47843
	 0.59651	 0.48536	 0.03000	 -0.47843
	 0.59677	 0.54001	 0.03000	 -0.47217
	 0.59651	 0.45971	 0.03000	 -0.47843
	 0.59651	 0.41022	 0.03000	 -0.47843
	 0.59651	 0.47472	 0.03000	 -0.47843
	 0.59651	 0.45585	 0.03000	 -0.47843
	 0.59651	 0.56233	 0.03000	 -0.47843
	 0.58102	 0.45585	 0.03000	 -0.47364
	 0.59651	 0.55857	 0.03000	 -0.47843
	 0.59651	 0.45801	 0.03000	 -0.47843
	 0.58886	 0.34805	 0.03000	 -0.47609
	 0.59651	 0.55546	 0.03000	 -0.47843
	 0.59651	 0.56428	 0.03000	 -0.47843
	 0.59651	 0.54093	 0.03000	 -0.47843
	 0.59651	 0.34328	 0.03000	 -0.47843
	 0.59651	 0.54288	 0.03000	 -0.47843
	 0.59651	 0.52869	 0.03000	 -0.47843
	 0.59651	 0.46053	 0.03000	 -0.47843
	 0.59651	 0.45585	 0.03000	 -0.47843
	 0.59734	 0.43093	 0.03000	 -0.47234
	 0.58763	 0.45585	 0.03000	 -0.47571
	 0.59651	 0.44779	 0.03000	 -0.47843
	 0.59651	 0.54123	 0.03000	 -0.47843
	 0.59651	 0.48414	 0.03000	 -0.47843
	 0.59651	 0.45472	 0.03000	 -0.47843
	 0.59651	 0.51683	 0.03000	 -0.47843
	 0.59651	 0.54288	 0.03000	 -0.47843
	 0.59651	 0.48536	 0.03000	 -0.47843
	 0.59763	 0.54005	 0.03000	 -0.47242
	 0.59651	 0.40934	 0.03000	 -0.47843
	 0.59651	 0.41123	 0.03000	 -0.47843
	 0.56473	 0.52397	 0.03000	 -0.47448
	 0.59110	 0.33787	 0.03000	 -0.47678
	 0.59651	 0.56061	 0.03000	 -0.47843
	 0.59651	 0.55056	 0.03000	 -0.47843
	 0.59651	 0.41139	 0.02993	 -0.47138
	 0.59651	 0.48249	 0.03000	 -0.47843
	 0.59651	 0.54288	 0.03000	 -0.47843
	 0.57267	 0.39620	 0.02995	 -0.47048
	 0.59651	 0.40171	 0.03000	 -0.47843
	 0.59651	 0.40421	 0.03000	 -0.47843
	 0.59651	 0.46020	 0.03000	 -0.47843
	 0.56532	 0.46020	 0.03000	 -0.47467
	 0.59651	 0.45585	 0.03000	 -0.47843
	 0.59651	 0.55857	 0.03000	 -0.47843
	 0.59651	 0.41022	 0.03000	 -0.47843
	 0.59651	 0.41022	 0.03000	 -0.47843
	 0.59651	 0.40651	 0.03000	 -0.47843
	 0.59651	 0.46550	 0.03000	 -0.47843
	 0.58648	 0.45585	 0.03000	 -0.47535
	 0.59651	 0.54093	 0.02847	 -0.45486
	 0.58016	 0.54288	 0.03000	 -0.47337
	 0.59651	 0.48554	 0.03000	 -0.47843
	 0.59651	 0.48231	 0.02684	 -0.42919
	 0.59651	 0.46978	 0.03000	 -0.47843
	 0.58754	 0.45427	 0.03000	 -0.47568
	 0.59651	 0.56233	 0.03000	 -0.47843
	 0.59651	 0.40651	 0.03000	 -0.47843
	 0.59651	 0.45585	 0.03000	 -0.47843
	 0.59651	 0.54288	 0.03000	 -0.47843
	 0.59651	 0.54093	 0.03000	 -0.47843
	 0.59665	 0.36340	 0.03000	 -0.47213
	 0.59651	 0.51683	 0.03000	 -0.47843
	 0.59651	 0.54288	 0.03000	 -0.47843
	 0.59651	 0.45585	 0.03000	 -0.47843
	 0.59651	 0.54683	 0.03000	 -0.47843
	 0.58063	 0.41123	 0.03000	 -0.47351
	 0.59651	 0.41022	 0.03000	 -0.47843
	 0.59651	 0.46550	 0.02930	 -0.46433
	 0.59651	 0.41022	 0.03000	 -0.47843
	 0.59651	 0.53367	 0.03000	 -0.47843
	 0.59651	 0.41943	 0.03000	 -0.47843
	 0.59651	 0.40421	 0.03000	 -0.47843
	 0.59910	 0.42447	 0.03000	 -0.47286
	 0.58431	 0.52869	 0.03000	 -0.47467
	 0.59651	 0.45472	 0.03000	 -0.47843
	 0.59651	 0.40651	 0.03000	 -0.47843
	 0.58281	 0.45472	 0.03000	 -0.47420
	 0.59651	 0.46020	 0.03000	 -0.47843
	 0.59651	 0.41022	 0.03000	 -0.47843
	 0.55948	 0.40171	 0.03000	 -0.47271
	 0.59651	 0.54288	 0.03000	 -0.47843
	 0.59651	 0.45488	 0.03000	 -0.47843
	 0.59651	 0.54288	 0.03000	 -0.47843
	 0.59651	 0.45472	 0.03000	 -0.47843
	 0.59651	 0.54123	 0.03000	 -0.47843
	 0.59651	 0.49197	 0.03000	 -0.47843
	 0.59651	 0.39760	 0.03000	 -0.47843
	 0.59651	 0.53825	 0.03000	 -0.47843
	 0.59651	 0.41114	 0.03000	 -0.47843
	 0.58430	 0.40171	 0.03000	 -0.47467
	 0.59651	 0.54288	 0.02810	 -0.45061
	 0.59651	 0.47316	 0.03000	 -0.47843
	 0.59651	 0.55546	 0.03000	 -0.47843
	 0.59651	 0.54288	 0.03000	 -0.47843
	 0.59651	 0.54288	 0.02885	 -0.45928
	 0.59651	 0.56243	 0.03000	 -0.47843
	 0.59651	 0.53128	 0.02645	 -0.42436
	 0.59651	 0.46978	 0.03000	 -0.47843
	 0.59651	 0.54093	 0.03000	 -0.47843
	 0.59651	 0.41123	 0.03000	 -0.47843
	 0.59651	 0.51683	 0.02914	 -0.46260
	 0.59651	 0.38874	 0.03000	 -0.47843
	 0.59643	 0.46978	 0.03000	 -0.47841
	 0.59651	 0.41114	 0.03000	 -0.47843
	 0.59651	 0.46978	 0.03000	 -0.47843
	 0.59651	 0.45472	 0.03000	 -0.47843
	 0.59923	 0.54093	 0.02847	 -0.45562
	 0.59651	 0.55171	 0.03000	 -0.47843
	 0.59927	 0.41022	 0.03000	 -0.47291
	 0.59015	 0.54288	 0.03000	 -0.47649
	 0.59849	 0.45585	 0.03000	 -0.47268
	 0.59651	 0.45472	 0.03000	 -0.47843
	 0.59651	 0.40421	 0.03000	 -0.47843
	 0.59651	 0.46020	 0.03000	 -0.47843
	 0.59651	 0.40421	 0.03000	 -0.47843
	 0.59651	 0.54288	 0.03000	 -0.47843
	 0.59651	 0.55546	 0.03000	 -0.47843
	 0.59651	 0.41114	 0.03000	 -0.47843
	 0.59029	 0.40421	 0.03000	 -0.47653
	 0.59651	 0.40696	 0.03000	 -0.47843
	 0.59651	 0.54613	 0.02880	 -0.45869
	 0.59651	 0.41022	 0.03000	 -0.47843
	 0.52071	 0.41123	 0.03000	 -0.47011
	 0.59651	 0.46550	 0.02862	 -0.45661
	 0.59651	 0.46978	 0.03000	 -0.47843
	 0.59651	 0.48084	 0.03000	 -0.47843
	 0.59651	 0.41123	 0.03000	 -0.47843
	 0.59651	 0.40338	 0.03000	 -0.47843
	 0.59858	 0.45472	 0.03000	 -0.47271
	 0.59660	 0.47316	 0.03000	 -0.47846
	 0.59651	 0.45488	 0.03000	 -0.47843
	 0.59651	 0.49197	 0.03000	 -0.47843
	 0.59914	 0.45488	 0.03000	 -0.47287
	 0.56604	 0.53933	 0.03000	 -0.47492
	 0.59651	 0.49387	 0.02849	 -0.45510
	 0.59651	 0.54123	 0.03000	 -0.47843
	 0.59589	 0.41123	 0.03000	 -0.47824
	 0.59651	 0.54288	 0.02849	 -0.45510
	 0.59651	 0.46550	 0.03000	 -0.47843
	 0.59651	 0.52869	 0.03000	 -0.47843
	 0.59651	 0.39722	 0.03000	 -0.47843
	 0.59651	 0.45466	 0.03000	 -0.47843
	 0.59651	 0.40427	 0.02970	 -0.46887
	 0.59651	 0.40731	 0.03000	 -0.47843
	 0.59651	 0.40338	 0.03000	 -0.47843
	 0.57783	 0.45434	 0.03000	 -0.47263
	 0.59651	 0.40421	 0.03000	 -0.47843
	 0.59660	 0.47316	 0.03000	 -0.47846
	 0.59651	 0.41123	 0.03000	 -0.47843
	 0.59651	 0.41114	 0.03000	 -0.47843
	 0.59651	 0.38667	 0.03000	 -0.47843
	 0.59651	 0.45472	 0.03000	 -0.47843
	 0.59651	 0.49197	 0.03000	 -0.47843
	 0.59651	 0.41022	 0.03000	 -0.47843
	 0.59660	 0.47316	 0.02920	 -0.46325
	 0.59651	 0.45488	 0.03000	 -0.47843
	 0.59739	 0.48084	 0.03000	 -0.47235
	 0.59651	 0.55129	 0.03000	 -0.47843
	 0.59651	 0.40421	 0.03000	 -0.47843
	 0.59651	 0.40421	 0.03000	 -0.47843
	 0.59651	 0.49875	 0.03000	 -0.47843
	 0.59651	 0.39973	 0.03000	 -0.47843
	 0.59651	 0.45951	 0.02852	 -0.45547
	 0.59651	 0.46550	 0.03000	 -0.47843
	 0.59651	 0.41022	 0.03000	 -0.47843
	 0.59651	 0.42639	 0.03000	 -0.47843
	 0.59651	 0.49197	 0.03000	 -0.47843
	 0.59651	 0.41123	 0.03000	 -0.47843
	 0.59651	 0.41123	 0.02989	 -0.47089
	 0.59651	 0.46550	 0.03000	 -0.47843
	 0.59651	 0.45488	 0.02620	 -0.42127
	 0.56082	 0.45472	 0.03000	 -0.47316
	 0.56905	 0.54123	 0.03000	 -0.47593
	 0.59651	 0.46978	 0.03000	 -0.47843
	 0.59930	 0.49197	 0.03000	 -0.47292
	 0.59651	 0.41114	 0.03000	 -0.47843
	 0.59651	 0.45472	 0.02701	 -0.43729
	 0.58584	 0.45488	 0.03000	 -0.47515
	 0.59651	 0.49345	 0.03000	 -0.47843
	 0.59893	 0.38733	 0.02955	 -0.46791
	 0.59651	 0.55273	 0.03000	 -0.47843
	 0.59651	 0.51263	 0.03000	 -0.47843
	 0.59660	 0.39927	 0.02929	 -0.46426
	 0.59651	 0.41022	 0.03000	 -0.47843
	 0.59693	 0.40338	 0.03000	 -0.47222
	 0.59660	 0.47316	 0.03000	 -0.47846
	 0.59651	 0.40338	 0.03000	 -0.47843
	 0.59651	 0.41114	 0.03000	 -0.47843
	 0.59651	 0.49197	 0.03000	 -0.47843
	 0.59651	 0.41120	 0.03000	 -0.47843
	 0.59651	 0.49083	 0.03000	 -0.47843
	 0.59651	 0.40421	 0.03000	 -0.47843
	 0.59660	 0.47316	 0.03000	 -0.47846
	 0.59651	 0.40338	 0.03000	 -0.47843
	 0.59651	 0.40421	 0.03000	 -0.47843
	 0.59651	 0.39848	 0.03000	 -0.47843
	 0.59651	 0.45613	 0.02942	 -0.46570
	 0.59376	 0.40421	 0.03000	 -0.47759
	 0.59651	 0.40731	 0.03000	 -0.47843
	 0.59651	 0.36572	 0.03000	 -0.47843
	 0.58898	 0.38237	 0.03000	 -0.47613
	 0.59651	 0.41123	 0.03000	 -0.47843
	 0.53790	 0.42639	 0.03000	 -0.47098
	 0.59651	 0.48402	 0.03000	 -0.47843
	 0.59651	 0.49197	 0.03000	 -0.47843
	 0.58294	 0.45466	 0.03000	 -0.47424
	 0.59651	 0.42479	 0.03000	 -0.47843
	 0.59651	 0.41025	 0.03000	 -0.47843
	 0.59651	 0.48593	 0.03000	 -0.47843
	 0.59651	 0.41148	 0.03000	 -0.47843
	 0.59651	 0.40459	 0.02904	 -0.46140
	 0.59651	 0.37844	 0.03000	 -0.47843
	 0.59651	 0.41202	 0.03000	 -0.47843
	 0.59651	 0.49197	 0.03000	 -0.47843
	 0.59651	 0.45472	 0.03000	 -0.47843
	 0.59651	 0.42179	 0.03000	 -0.47843
	 0.55762	 0.54825	 0.03000	 -0.47207
	 0.59651	 0.40421	 0.03000	 -0.47843
	 0.49660	 0.41123	 0.03000	 -0.46552
	 0.59651	 0.40421	 0.03000	 -0.47843
	 0.59651	 0.40421	 0.02998	 -0.47190
	 0.59651	 0.40550	 0.03000	 -0.47843
	 0.59651	 0.49197	 0.03000	 -0.47843
	 0.59651	 0.40338	 0.03000	 -0.47843
	 0.59660	 0.47316	 0.03000	 -0.47846
	 0.59777	 0.40421	 0.03000	 -0.47247
	 0.59651	 0.38012	 0.03000	 -0.47843
	 0.59651	 0.49197	 0.03000	 -0.47843
	 0.59651	 0.46915	 0.03000	 -0.47843
	 0.59660	 0.47316	 0.03000	 -0.47846
	 0.59651	 0.51810	 0.03000	 -0.47843
	 0.59694	 0.49197	 0.03000	 -0.47222
	 0.59651	 0.36572	 0.03000	 -0.47843
	 0.59651	 0.39848	 0.03000	 -0.47843
	 0.59654	 0.35879	 0.03000	 -0.47844
	 0.59660	 0.40643	 0.03000	 -0.47846
	 0.59651	 0.47094	 0.03000	 -0.47843
	 0.59651	 0.39042	 0.03000	 -0.47843
	 0.59651	 0.39973	 0.02783	 -0.44736
	 0.59651	 0.48593	 0.03000	 -0.47843
	 0.59651	 0.41025	 0.03000	 -0.47843
	 0.59651	 0.46457	 0.03000	 -0.47843
	 0.59674	 0.49197	 0.03000	 -0.47216
	 0.59679	 0.39570	 0.02792	 -0.44845
	 0.59651	 0.49871	 0.03000	 -0.47843
	 0.59660	 0.49298	 0.03000	 -0.47846
	 0.59660	 0.47316	 0.03000	 -0.47846
	 0.59660	 0.49859	 0.03000	 -0.47846
	 0.59651	 0.47316	 0.03000	 -0.47843
	 0.59395	 0.48593	 0.03000	 -0.47765
	 0.59651	 0.41120	 0.03000	 -0.47843
	 0.59651	 0.39973	 0.03000	 -0.47843
	 0.59660	 0.47316	 0.03000	 -0.47846
	 0.59651	 0.41046	 0.03000	 -0.47843
	 0.59834	 0.47295	 0.03000	 -0.47264
	 0.59651	 0.41654	 0.03000	 -0.47843
	 0.59651	 0.39848	 0.03000	 -0.47843
	 0.59651	 0.40338	 0.03000	 -0.47843
	 0.59651	 0.40338	 0.02887	 -0.45948
	 0.59651	 0.37844	 0.03000	 -0.47843
	 0.59651	 0.40338	 0.03000	 -0.47843
	 0.59651	 0.39973	 0.03000	 -0.47843
	 0.59996	 0.40338	 0.03000	 -0.47311
	 0.59660	 0.49859	 0.02959	 -0.46761
	 0.59660	 0.47316	 0.03000	 -0.47846
	 0.59857	 0.42950	 0.03000	 -0.47270
	 0.59651	 0.50126	 0.02954	 -0.46702
	 0.59660	 0.47316	 0.03000	 -0.47846
	 0.59651	 0.42479	 0.03000	 -0.47843
	 0.59660	 0.47316	 0.03000	 -0.47846
	 0.59660	 0.49298	 0.03000	 -0.47846
	 0.59660	 0.47316	 0.03000	 -0.47846
	 0.59651	 0.42177	 0.03000	 -0.47843
	 0.59660	 0.42104	 0.03000	 -0.47846
	 0.56960	 0.40550	 0.03000	 -0.47611
	 0.59651	 0.35523	 0.03000	 -0.47843
	 0.59953	 0.40643	 0.03000	 -0.47299
	 0.59651	 0.41000	 0.03000	 -0.47843
	 0.59651	 0.49222	 0.03000	 -0.47843
	 0.59651	 0.39973	 0.03000	 -0.47843
	 0.59714	 0.46178	 0.02886	 -0.45946
	 0.59660	 0.47217	 0.03000	 -0.47846
	 0.59651	 0.39947	 0.03000	 -0.47843
	 0.59651	 0.36891	 0.03000	 -0.47843
	 0.59651	 0.40338	 0.03000	 -0.47843
	 0.59651	 0.38944	 0.03000	 -0.47843
	 0.59654	 0.35879	 0.03000	 -0.47844
	 0.59651	 0.39848	 0.03000	 -0.47843
	 0.59660	 0.48261	 0.03000	 -0.47846
	 0.59651	 0.38885	 0.03000	 -0.47843
	 0.59660	 0.49859	 0.03000	 -0.47846
	 0.59660	 0.40678	 0.03000	 -0.47846
	 0.59651	 0.45272	 0.03000	 -0.47843
	 0.59651	 0.44488	 0.03000	 -0.47843
	 0.59660	 0.47316	 0.03000	 -0.47846
	 0.59651	 0.49197	 0.02971	 -0.46895
	 0.59660	 0.47316	 0.03000	 -0.47846
	 0.59660	 0.47316	 0.03000	 -0.47846
	 0.59660	 0.47316	 0.03000	 -0.47846
	 0.59654	 0.35046	 0.03000	 -0.47844
	 0.59651	 0.41171	 0.03000	 -0.47843
	 0.59660	 0.49859	 0.03000	 -0.47846
	 0.59654	 0.35879	 0.03000	 -0.47844
	 0.59660	 0.40379	 0.03000	 -0.47846
	 0.59660	 0.47217	 0.03000	 -0.47846
	 0.59660	 0.49298	 0.03000	 -0.47846
	 0.59660	 0.50521	 0.03000	 -0.47846
	 0.59660	 0.47316	 0.03000	 -0.47846
	 0.59660	 0.47316	 0.03000	 -0.47846
	 0.59660	 0.44223	 0.03000	 -0.47846
	 0.59660	 0.50584	 0.03000	 -0.47846
	 0.59660	 0.49859	 0.03000	 -0.47846
	 0.59660	 0.48182	 0.03000	 -0.47846
	 0.59660	 0.35985	 0.03000	 -0.47846
	 0.59654	 0.47210	 0.03000	 -0.47844
	 0.59660	 0.50034	 0.03000	 -0.47846
	 0.59660	 0.47141	 0.03000	 -0.47846
	 0.59543	 0.47226	 0.03000	 -0.47810
	 0.59660	 0.42194	 0.03000	 -0.47846
	 0.59654	 0.35879	 0.03000	 -0.47844
	 0.59660	 0.47316	 0.03000	 -0.47846
	 0.59660	 0.47316	 0.03000	 -0.47846
	 0.59736	 0.40678	 0.03000	 -0.47234
	 0.59660	 0.49507	 0.03000	 -0.47846
	 0.59660	 0.44362	 0.03000	 -0.47846
	 0.59660	 0.47213	 0.03000	 -0.47846
	 0.54854	 0.50513	 0.03000	 -0.47484
	 0.59847	 0.47316	 0.03000	 -0.47267
	 0.59654	 0.35879	 0.03000	 -0.47844
	 0.59660	 0.47316	 0.02840	 -0.45410
	 0.59660	 0.45914	 0.03000	 -0.47846
	 0.59660	 0.47316	 0.03000	 -0.47846
	 0.59225	 0.48261	 0.03000	 -0.47713
	 0.59660	 0.48261	 0.03000	 -0.47846
	 0.59660	 0.47316	 0.03000	 -0.47846
	 0.59847	 0.47132	 0.03000	 -0.47267
	 0.59660	 0.49382	 0.03000	 -0.47846
	 0.59660	 0.47316	 0.02994	 -0.47150
	 0.59660	 0.47316	 0.02914	 -0.46252
	 0.59660	 0.49175	 0.03000	 -0.47846
	 0.59660	 0.47316	 0.03000	 -0.47846
	 0.59660	 0.44223	 0.02813	 -0.45097
	 0.59660	 0.50584	 0.03000	 -0.47846
	 0.59660	 0.42194	 0.03000	 -0.47846
	 0.59660	 0.49859	 0.02964	 -0.46825
	 0.59660	 0.47141	 0.03000	 -0.47846
	 0.59660	 0.49113	 0.02671	 -0.42764
	 0.59660	 0.49148	 0.03000	 -0.47846
	 0.59660	 0.49325	 0.03000	 -0.47846
	 0.59660	 0.42557	 0.03000	 -0.47846
	 0.59660	 0.49382	 0.03000	 -0.47846
	 0.59660	 0.47157	 0.03000	 -0.47846
	 0.59660	 0.51814	 0.03000	 -0.47846
	 0.59660	 0.49859	 0.03000	 -0.47846
	 0.59660	 0.40678	 0.03000	 -0.47846
	 0.59660	 0.45265	 0.02991	 -0.47110
	 0.59663	 0.38290	 0.03000	 -0.47213
	 0.59660	 0.49859	 0.03000	 -0.47846
	 0.59660	 0.49175	 0.03000	 -0.47846
	 0.59660	 0.49298	 0.03000	 -0.47846
	 0.59660	 0.44906	 0.03000	 -0.47846
	 0.59660	 0.49507	 0.03000	 -0.47846
	 0.59660	 0.47316	 0.03000	 -0.47846
	 0.59660	 0.50033	 0.02571	 -0.41502
	 0.59660	 0.49860	 0.03000	 -0.47846
	 0.59660	 0.47217	 0.03000	 -0.47846
	 0.59660	 0.49859	 0.03000	 -0.47846
	 0.59660	 0.49507	 0.03000	 -0.47846
	 0.59660	 0.44362	 0.03000	 -0.47846
	 0.59660	 0.47316	 0.03000	 -0.47846
	 0.59660	 0.49859	 0.03000	 -0.47846
	 0.58443	 0.49859	 0.03000	 -0.47471
	 0.59660	 0.42104	 0.03000	 -0.47846
	 0.56849	 0.44351	 0.03000	 -0.47574
	 0.59660	 0.49298	 0.03000	 -0.47846
	 0.59660	 0.47316	 0.03000	 -0.47846
	 0.59783	 0.47316	 0.03000	 -0.47248
	 0.59660	 0.45914	 0.03000	 -0.47846
	 0.59660	 0.48107	 0.03000	 -0.47846
	 0.59660	 0.47104	 0.03000	 -0.47846
	 0.59660	 0.48219	 0.03000	 -0.47846
	 0.59660	 0.49859	 0.03000	 -0.47846
	 0.59660	 0.49859	 0.03000	 -0.47846
	 0.59660	 0.49507	 0.02921	 -0.46333
	 0.59660	 0.49859	 0.03000	 -0.47846
	 0.59660	 0.44362	 0.03000	 -0.47846
	 0.59683	 0.49859	 0.03000	 -0.47219
	 0.59660	 0.49859	 0.03000	 -0.47846
	 0.59660	 0.50034	 0.03000	 -0.47846
	 0.59660	 0.49836	 0.03000	 -0.47846
	 0.59660	 0.40701	 0.03000	 -0.47846
	 0.54184	 0.45914	 0.03000	 -0.47242
	 0.59660	 0.42557	 0.03000	 -0.47846
	 0.59595	 0.45914	 0.03000	 -0.47826
	 0.59660	 0.49859	 0.03000	 -0.47846
	 0.59660	 0.49860	 0.03000	 -0.47846
	 0.59660	 0.47316	 0.03000	 -0.47846
	 0.57572	 0.47316	 0.03000	 -0.47196
	 0.59660	 0.47316	 0.03000	 -0.47846
	 0.59660	 0.44362	 0.03000	 -0.47846
	 0.59660	 0.44982	 0.03000	 -0.47846
	 0.59660	 0.40678	 0.03000	 -0.47846
	 0.59660	 0.44362	 0.03000	 -0.47846
	 0.59660	 0.40678	 0.02921	 -0.46342
	 0.59824	 0.49859	 0.03000	 -0.47260
	 0.59660	 0.44962	 0.03000	 -0.47846
	 0.59660	 0.47157	 0.03000	 -0.47846
	 0.59660	 0.48107	 0.03000	 -0.47846
	 0.59660	 0.49859	 0.03000	 -0.47846
	 0.59660	 0.49859	 0.03000	 -0.47846
	 0.59660	 0.49859	 0.03000	 -0.47846
	 0.59660	 0.40678	 0.02874	 -0.45803
	 0.59660	 0.47104	 0.03000	 -0.47846
	 0.59973	 0.48107	 0.03000	 -0.47305
	 0.59660	 0.49148	 0.03000	 -0.47846
	 0.58962	 0.47141	 0.03000	 -0.47632
	 0.59660	 0.49175	 0.03000	 -0.47846
	 0.59660	 0.47316	 0.03000	 -0.47846
	 0.59660	 0.49859	 0.03000	 -0.47846
	 0.59415	 0.47157	 0.03000	 -0.47771
	 0.59152	 0.49859	 0.02937	 -0.46369
	 0.59660	 0.42552	 0.02770	 -0.44588
	 0.59660	 0.49864	 0.03000	 -0.47846
	 0.59660	 0.49531	 0.03000	 -0.47846
	 0.59660	 0.39444	 0.03000	 -0.47846
	 0.59660	 0.49859	 0.03000	 -0.47846
	 0.59955	 0.49859	 0.03000	 -0.47299
	 0.59660	 0.49859	 0.03000	 -0.47846
	 0.59660	 0.49859	 0.03000	 -0.47846
	 0.58955	 0.44982	 0.03000	 -0.47630
	 0.59660	 0.49859	 0.03000	 -0.47846
	 0.59660	 0.50173	 0.02591	 -0.41756
	 0.58910	 0.44362	 0.03000	 -0.47616
	 0.59660	 0.44157	 0.03000	 -0.47846
	 0.59660	 0.40905	 0.03000	 -0.47846
	 0.59660	 0.49859	 0.03000	 -0.47846
	 0.59660	 0.44362	 0.03000	 -0.47846
	 0.59660	 0.54618	 0.03000	 -0.47846
	 0.59660	 0.49859	 0.03000	 -0.47846
	 0.59660	 0.49859	 0.03000	 -0.47846
	 0.59660	 0.44362	 0.03000	 -0.47846
	 0.59660	 0.47104	 0.03000	 -0.47846
	 0.59660	 0.40678	 0.02998	 -0.47188
	 0.59660	 0.44982	 0.02865	 -0.45699
	 0.59660	 0.49859	 0.03000	 -0.47846
	 0.59660	 0.44362	 0.03000	 -0.47846
	 0.59660	 0.44362	 0.03000	 -0.47846
	 0.59660	 0.40331	 0.03000	 -0.47846
	 0.59869	 0.50206	 0.03000	 -0.47274
	 0.59821	 0.47141	 0.03000	 -0.47260
	 0.59660	 0.40678	 0.03000	 -0.47846
	 0.59660	 0.43123	 0.03000	 -0.47846
	 0.59660	 0.46591	 0.02990	 -0.47104
	 0.59660	 0.47238	 0.02829	 -0.45280
	 0.59660	 0.49141	 0.03000	 -0.47846
	 0.56834	 0.40701	 0.03000	 -0.47569
	 0.59335	 0.49859	 0.02902	 -0.46029
	 0.59660	 0.40678	 0.02990	 -0.47101
	 0.59660	 0.41098	 0.03000	 -0.47846
	 0.59660	 0.40678	 0.03000	 -0.47846
	 0.59660	 0.49859	 0.03000	 -0.47846
	 0.59660	 0.40905	 0.03000	 -0.47846
	 0.59660	 0.43852	 0.03000	 -0.47846
	 0.59691	 0.47104	 0.03000	 -0.47221
	 0.59710	 0.40439	 0.02972	 -0.46919
	 0.59660	 0.49703	 0.03000	 -0.47846
	 0.59660	 0.46980	 0.02937	 -0.46524
	 0.59660	 0.44362	 0.03000	 -0.47846
	 0.59660	 0.33014	 0.03000	 -0.47846
	 0.59660	 0.44982	 0.03000	 -0.47846
	 0.58995	 0.40678	 0.03000	 -0.47643
	 0.59660	 0.40678	 0.03000	 -0.47846
	 0.59660	 0.49859	 0.03000	 -0.47846
	 0.59660	 0.44362	 0.03000	 -0.47846
	 0.59660	 0.46798	 0.03000	 -0.47846
	 0.59660	 0.41073	 0.03000	 -0.47846
	 0.59660	 0.47198	 0.03000	 -0.47846
	 0.59660	 0.44362	 0.03000	 -0.47846
	 0.59930	 0.44157	 0.03000	 -0.47292
	 0.59660	 0.40678	 0.03000	 -0.47846
	 0.59660	 0.40678	 0.03000	 -0.47846
	 0.59660	 0.47104	 0.02936	 -0.46502
	 0.55244	 0.47157	 0.03000	 -0.47029
	 0.59660	 0.43123	 0.02989	 -0.47097
	 0.59660	 0.39682	 0.03000	 -0.47846
	 0.59660	 0.49859	 0.03000	 -0.47846
	 0.59660	 0.42557	 0.03000	 -0.47846
	 0.59966	 0.42457	 0.03000	 -0.47303
	 0.59660	 0.45083	 0.03000	 -0.47846
	 0.59660	 0.40701	 0.03000	 -0.47846
	 0.59884	 0.49859	 0.03000	 -0.47278
	 0.59660	 0.44362	 0.03000	 -0.47846
	 0.59660	 0.49836	 0.03000	 -0.47846
	 0.59660	 0.49859	 0.02907	 -0.46179
	 0.59660	 0.44362	 0.03000	 -0.47846
	 0.59660	 0.47157	 0.03000	 -0.47846
	 0.59660	 0.44362	 0.02993	 -0.47137
	 0.59660	 0.42638	 0.03000	 -0.47846
	 0.59660	 0.41098	 0.03000	 -0.47846
	 0.59660	 0.49859	 0.03000	 -0.47846
	 0.59660	 0.49859	 0.03000	 -0.47846
	 0.59660	 0.40678	 0.03000	 -0.47846
	 0.59660	 0.39034	 0.02620	 -0.42124
	 0.59660	 0.49859	 0.03000	 -0.47846
	 0.59660	 0.40905	 0.03000	 -0.47846
	 0.59660	 0.39682	 0.03000	 -0.47846
	 0.59660	 0.39274	 0.03000	 -0.47846
	 0.59660	 0.39444	 0.03000	 -0.47846
	 0.59660	 0.40678	 0.03000	 -0.47846
	 0.59660	 0.41098	 0.03000	 -0.47846
	 0.59660	 0.42304	 0.03000	 -0.47846
	 0.57043	 0.41073	 0.02979	 -0.46813
	 0.59660	 0.44982	 0.03000	 -0.47846
	 0.59660	 0.49859	 0.03000	 -0.47846
	 0.59660	 0.49859	 0.03000	 -0.47846
	 0.59660	 0.39865	 0.03000	 -0.47846
	 0.59660	 0.49859	 0.03000	 -0.47846
	 0.59660	 0.44362	 0.03000	 -0.47846
	 0.59998	 0.33014	 0.03000	 -0.47312
	 0.59660	 0.44362	 0.03000	 -0.47846
	 0.59660	 0.40678	 0.03000	 -0.47846
	 0.59254	 0.40678	 0.03000	 -0.47722
	 0.59861	 0.40678	 0.03000	 -0.47272
	 0.59660	 0.49859	 0.03000	 -0.47846
	 0.59660	 0.49859	 0.03000	 -0.47846
	 0.59812	 0.46798	 0.03000	 -0.47257
	 0.59660	 0.49859	 0.03000	 -0.47846
	 0.59660	 0.40905	 0.03000	 -0.47846
	 0.59660	 0.33014	 0.03000	 -0.47846
	 0.59660	 0.37809	 0.03000	 -0.47846
	 0.59660	 0.40905	 0.03000	 -0.47846
	 0.59660	 0.40678	 0.03000	 -0.47846
	 0.59660	 0.44362	 0.03000	 -0.47846
	 0.59660	 0.40678	 0.03000	 -0.47846
	 0.54303	 0.49859	 0.03000	 -0.47286
	 0.59660	 0.40178	 0.03000	 -0.47846
	 0.54555	 0.39682	 0.03000	 -0.47377
	 0.59705	 0.44362	 0.03000	 -0.47225
	 0.59660	 0.44362	 0.03000	 -0.47846
	 0.59660	 0.40990	 0.03000	 -0.47846
	 0.59660	 0.38235	 0.03000	 -0.47846
