	 Inner loop 2	303.702763819	0.108203182371	2.70169628856e-16	-0.195045130383	0.488948695599	-0.294	9.64347834398e-05	0.0
	 Inner loop 2	303.702763819	0.108203182371	2.70169628856e-16	-0.195045130383	0.488948695599	-0.294	9.64347834398e-05	0.0
Outer loop 	1	0.108203182371	0.0
	 Inner loop 2	304.255527638	0.108203182371	2.70169628856e-16	-0.195045130383	0.488948695599	-0.294	9.64347834398e-05	0.0
	 Inner loop 2	304.255527638	0.108203182371	2.70169628856e-16	-0.195045130383	0.488948695599	-0.294	9.64347834398e-05	0.0
Outer loop 	2	0.108203182371	0.0
	 Inner loop 2	304.808291457	0.108203182371	2.70169628856e-16	-0.195045130383	0.488948695599	-0.294	9.64347834398e-05	0.0
	 Inner loop 2	304.808291457	0.108203182371	2.70169628856e-16	-0.195045130383	0.488948695599	-0.294	9.64347834398e-05	0.0
Outer loop 	3	0.108203182371	0.0
	 Inner loop 2	305.361055276	0.108203182371	2.70169628856e-16	-0.195045130383	0.488948695599	-0.294	9.64347834398e-05	0.0
	 Inner loop 2	305.361055276	0.108203182371	2.70169628856e-16	-0.195045130383	0.488948695599	-0.294	9.64347834398e-05	0.0
Outer loop 	4	0.108203182371	0.0
	 Inner loop 2	305.913819095	0.108203182371	2.70169628856e-16	-0.195045130383	0.488948695599	-0.294	9.64347834398e-05	0.0
	 Inner loop 2	305.913819095	0.108203182371	2.70169628856e-16	-0.195045130383	0.488948695599	-0.294	9.64347834398e-05	0.0
Outer loop 	5	0.108203182371	0.0
	 Inner loop 2	306.466582915	0.108203182371	2.70169628856e-16	-0.195045130383	0.488948695599	-0.294	9.64347834398e-05	0.0
	 Inner loop 2	306.466582915	0.108203182371	2.70169628856e-16	-0.195045130383	0.488948695599	-0.294	9.64347834398e-05	0.0
Outer loop 	6	0.108203182371	0.0
	 Inner loop 2	307.019346734	0.108203182371	2.70169628856e-16	-0.195045130383	0.488948695599	-0.294	9.64347834398e-05	0.0
	 Inner loop 2	307.019346734	0.108203182371	2.70169628856e-16	-0.195045130383	0.488948695599	-0.294	9.64347834398e-05	0.0
Outer loop 	7	0.108203182371	0.0
	 Inner loop 2	307.572110553	0.108203182371	2.70169628856e-16	-0.195045130383	0.488948695599	-0.294	9.64347834398e-05	0.0
	 Inner loop 2	307.572110553	0.108203182371	2.70169628856e-16	-0.195045130383	0.488948695599	-0.294	9.64347834398e-05	0.0
Outer loop 	8	0.108203182371	0.0
	 Inner loop 2	308.124874372	0.108203182371	2.70169628856e-16	-0.195045130383	0.488948695599	-0.294	9.64347834398e-05	0.0
	 Inner loop 2	308.124874372	0.108203182371	2.70169628856e-16	-0.195045130383	0.488948695599	-0.294	9.64347834398e-05	0.0
Outer loop 	9	0.108203182371	0.0
	 Inner loop 2	308.677638191	0.108203182371	2.70169628856e-16	-0.195045130383	0.488948695599	-0.294	9.64347834398e-05	0.0
	 Inner loop 2	308.677638191	0.108203182371	2.70169628856e-16	-0.195045130383	0.488948695599	-0.294	9.64347834398e-05	0.0
Outer loop 	10	0.108203182371	0.0
	 Inner loop 2	309.23040201	0.108203182371	2.70169628856e-16	-0.195045130383	0.488948695599	-0.294	9.64347834398e-05	0.0
	 Inner loop 2	309.23040201	0.108203182371	2.70169628856e-16	-0.195045130383	0.488948695599	-0.294	9.64347834398e-05	0.0
Outer loop 	11	0.108203182371	0.0
	 Inner loop 2	309.783165829	0.108203182371	2.70169628856e-16	-0.195045130383	0.488948695599	-0.294	9.64347834398e-05	0.0
	 Inner loop 2	309.783165829	0.108203182371	2.70169628856e-16	-0.195045130383	0.488948695599	-0.294	9.64347834398e-05	0.0
Outer loop 	12	0.108203182371	0.0
	 Inner loop 2	310.335929648	0.108203182371	2.70169628856e-16	-0.195045130383	0.488948695599	-0.294	9.64347834398e-05	0.0
	 Inner loop 2	310.335929648	0.108203182371	2.70169628856e-16	-0.195045130383	0.488948695599	-0.294	9.64347834398e-05	0.0
Outer loop 	13	0.108203182371	0.0
	 Inner loop 2	310.888693467	0.108203182371	2.70169628856e-16	-0.195045130383	0.488948695599	-0.294	9.64347834398e-05	0.0
	 Inner loop 2	310.888693467	0.108203182371	2.70169628856e-16	-0.195045130383	0.488948695599	-0.294	9.64347834398e-05	0.0
Outer loop 	14	0.108203182371	0.0
	 Inner loop 2	311.441457286	0.108203182371	2.70169628856e-16	-0.195045130383	0.488948695599	-0.294	9.64347834398e-05	0.0
	 Inner loop 2	311.441457286	0.108203182371	2.70169628856e-16	-0.195045130383	0.488948695599	-0.294	9.64347834398e-05	0.0
Outer loop 	15	0.108203182371	0.0
	 Inner loop 2	311.994221106	0.108203182371	2.70169628856e-16	-0.195045130383	0.488948695599	-0.294	9.64347834398e-05	0.0
	 Inner loop 2	311.994221106	0.108203182371	2.70169628856e-16	-0.195045130383	0.488948695599	-0.294	9.64347834398e-05	0.0
Outer loop 	16	0.108203182371	0.0
	 Inner loop 2	312.546984925	0.108203182371	2.70169628856e-16	-0.195045130383	0.488948695599	-0.294	9.64347834398e-05	0.0
	 Inner loop 2	312.546984925	0.108203182371	2.70169628856e-16	-0.195045130383	0.488948695599	-0.294	9.64347834398e-05	0.0
Outer loop 	17	0.108203182371	0.0
	 Inner loop 2	313.099748744	0.108203182371	2.70169628856e-16	-0.195045130383	0.488948695599	-0.294	9.64347834398e-05	0.0
	 Inner loop 2	313.099748744	0.108203182371	2.70169628856e-16	-0.195045130383	0.488948695599	-0.294	9.64347834398e-05	0.0
Outer loop 	18	0.108203182371	0.0
	 Inner loop 2	313.652512563	0.108203182371	2.70169628856e-16	-0.195045130383	0.488948695599	-0.294	9.64347834398e-05	0.0
	 Inner loop 2	313.652512563	0.108203182371	2.70169628856e-16	-0.195045130383	0.488948695599	-0.294	9.64347834398e-05	0.0
Outer loop 	19	0.108203182371	0.0
	 Inner loop 2	314.205276382	0.108203182371	2.70169628856e-16	-0.195045130383	0.488948695599	-0.294	9.64347834398e-05	0.0
	 Inner loop 2	314.205276382	0.108203182371	2.70169628856e-16	-0.195045130383	0.488948695599	-0.294	9.64347834398e-05	0.0
Outer loop 	20	0.108203182371	0.0
	 Inner loop 2	314.758040201	0.108203182371	2.70169628856e-16	-0.195045130383	0.488948695599	-0.294	9.64347834398e-05	0.0
	 Inner loop 2	314.758040201	0.108203182371	2.70169628856e-16	-0.195045130383	0.488948695599	-0.294	9.64347834398e-05	0.0
Outer loop 	21	0.108203182371	0.0
	 Inner loop 2	315.31080402	0.108203182371	2.70169628856e-16	-0.195045130383	0.488948695599	-0.294	9.64347834398e-05	0.0
	 Inner loop 2	315.31080402	0.108203182371	2.70169628856e-16	-0.195045130383	0.488948695599	-0.294	9.64347834398e-05	0.0
Outer loop 	22	0.108203182371	0.0
	 Inner loop 2	315.863567839	0.108203182371	2.70169628856e-16	-0.195045130383	0.488948695599	-0.294	9.64347834398e-05	0.0
	 Inner loop 2	315.863567839	0.108203182371	2.70169628856e-16	-0.195045130383	0.488948695599	-0.294	9.64347834398e-05	0.0
Outer loop 	23	0.108203182371	0.0
	 Inner loop 2	316.416331658	0.108203182371	2.70169628856e-16	-0.195045130383	0.488948695599	-0.294	9.64347834398e-05	0.0
	 Inner loop 2	316.416331658	0.108203182371	2.70169628856e-16	-0.195045130383	0.488948695599	-0.294	9.64347834398e-05	0.0
Outer loop 	24	0.108203182371	0.0
	 Inner loop 2	316.969095477	0.108203182371	2.70169628856e-16	-0.195045130383	0.488948695599	-0.294	9.64347834398e-05	0.0
	 Inner loop 2	316.969095477	0.108203182371	2.70169628856e-16	-0.195045130383	0.488948695599	-0.294	9.64347834398e-05	0.0
Outer loop 	25	0.108203182371	0.0
	 Inner loop 2	317.521859296	0.108203182371	2.70169628856e-16	-0.195045130383	0.488948695599	-0.294	9.64347834398e-05	0.0
	 Inner loop 2	317.521859296	0.108203182371	2.70169628856e-16	-0.195045130383	0.488948695599	-0.294	9.64347834398e-05	0.0
Outer loop 	26	0.108203182371	0.0
	 Inner loop 2	318.074623116	0.108203182371	2.70169628856e-16	-0.195045130383	0.488948695599	-0.294	9.64347834398e-05	0.0
	 Inner loop 2	318.074623116	0.108203182371	2.70169628856e-16	-0.195045130383	0.488948695599	-0.294	9.64347834398e-05	0.0
Outer loop 	27	0.108203182371	0.0
	 Inner loop 2	318.627386935	0.108203182371	2.70169628856e-16	-0.195045130383	0.488948695599	-0.294	9.64347834398e-05	0.0
	 Inner loop 2	318.627386935	0.108203182371	2.70169628856e-16	-0.195045130383	0.488948695599	-0.294	9.64347834398e-05	0.0
Outer loop 	28	0.108203182371	0.0
	 Inner loop 2	319.180150754	0.108203182371	2.70169628856e-16	-0.195045130383	0.488948695599	-0.294	9.64347834398e-05	0.0
	 Inner loop 2	319.180150754	0.108203182371	2.70169628856e-16	-0.195045130383	0.488948695599	-0.294	9.64347834398e-05	0.0
Outer loop 	29	0.108203182371	0.0
	 Inner loop 2	319.732914573	0.108203182371	2.70169628856e-16	-0.195045130383	0.488948695599	-0.294	9.64347834398e-05	0.0
	 Inner loop 2	319.732914573	0.108203182371	2.70169628856e-16	-0.195045130383	0.488948695599	-0.294	9.64347834398e-05	0.0
Outer loop 	30	0.108203182371	0.0
	 Inner loop 2	320.285678392	0.108203182371	2.70169628856e-16	-0.195045130383	0.488948695599	-0.294	9.64347834398e-05	0.0
	 Inner loop 2	320.285678392	0.108203182371	2.70169628856e-16	-0.195045130383	0.488948695599	-0.294	9.64347834398e-05	0.0
Outer loop 	31	0.108203182371	0.0
	 Inner loop 2	320.838442211	0.108203182371	2.70169628856e-16	-0.195045130383	0.488948695599	-0.294	9.64347834398e-05	0.0
	 Inner loop 2	320.838442211	0.108203182371	2.70169628856e-16	-0.195045130383	0.488948695599	-0.294	9.64347834398e-05	0.0
Outer loop 	32	0.108203182371	0.0
	 Inner loop 2	321.39120603	0.108203182371	2.70169628856e-16	-0.195045130383	0.488948695599	-0.294	9.64347834398e-05	0.0
	 Inner loop 2	321.39120603	0.108203182371	2.70169628856e-16	-0.195045130383	0.488948695599	-0.294	9.64347834398e-05	0.0
Outer loop 	33	0.108203182371	0.0
	 Inner loop 2	321.943969849	0.108203182371	2.70169628856e-16	-0.195045130383	0.488948695599	-0.294	9.64347834398e-05	0.0
	 Inner loop 2	321.943969849	0.108203182371	2.70169628856e-16	-0.195045130383	0.488948695599	-0.294	9.64347834398e-05	0.0
Outer loop 	34	0.108203182371	0.0
	 Inner loop 2	322.496733668	0.108203182371	2.70169628856e-16	-0.195045130383	0.488948695599	-0.294	9.64347834398e-05	0.0
	 Inner loop 2	322.496733668	0.108203182371	2.70169628856e-16	-0.195045130383	0.488948695599	-0.294	9.64347834398e-05	0.0
Outer loop 	35	0.108203182371	0.0
	 Inner loop 2	323.049497487	0.108203182371	2.70169628856e-16	-0.195045130383	0.488948695599	-0.294	9.64347834398e-05	0.0
	 Inner loop 2	323.049497487	0.108203182371	2.70169628856e-16	-0.195045130383	0.488948695599	-0.294	9.64347834398e-05	0.0
Outer loop 	36	0.108203182371	0.0
	 Inner loop 2	323.602261307	0.108203182371	2.70169628856e-16	-0.195045130383	0.488948695599	-0.294	9.64347834398e-05	0.0
	 Inner loop 2	323.602261307	0.108203182371	2.70169628856e-16	-0.195045130383	0.488948695599	-0.294	9.64347834398e-05	0.0
Outer loop 	37	0.108203182371	0.0
	 Inner loop 2	324.155025126	0.108203182371	2.70169628856e-16	-0.195045130383	0.488948695599	-0.294	9.64347834398e-05	0.0
	 Inner loop 2	324.155025126	0.108203182371	2.70169628856e-16	-0.195045130383	0.488948695599	-0.294	9.64347834398e-05	0.0
Outer loop 	38	0.108203182371	0.0
	 Inner loop 2	324.707788945	0.108203182371	2.70169628856e-16	-0.195045130383	0.488948695599	-0.294	9.64347834398e-05	0.0
	 Inner loop 2	324.707788945	0.108203182371	2.70169628856e-16	-0.195045130383	0.488948695599	-0.294	9.64347834398e-05	0.0
Outer loop 	39	0.108203182371	0.0
	 Inner loop 2	325.260552764	0.108203182371	2.70169628856e-16	-0.195045130383	0.488948695599	-0.294	9.64347834398e-05	0.0
	 Inner loop 2	325.260552764	0.108203182371	2.70169628856e-16	-0.195045130383	0.488948695599	-0.294	9.64347834398e-05	0.0
Outer loop 	40	0.108203182371	0.0
	 Inner loop 2	325.813316583	0.108203182371	2.70169628856e-16	-0.195045130383	0.488948695599	-0.294	9.64347834398e-05	0.0
	 Inner loop 2	325.813316583	0.108203182371	2.70169628856e-16	-0.195045130383	0.488948695599	-0.294	9.64347834398e-05	0.0
Outer loop 	41	0.108203182371	0.0
	 Inner loop 2	326.366080402	0.108203182371	2.70169628856e-16	-0.195045130383	0.488948695599	-0.294	9.64347834398e-05	0.0
	 Inner loop 2	326.366080402	0.108203182371	2.70169628856e-16	-0.195045130383	0.488948695599	-0.294	9.64347834398e-05	0.0
Outer loop 	42	0.108203182371	0.0
	 Inner loop 2	326.918844221	0.108203182371	2.70169628856e-16	-0.195045130383	0.488948695599	-0.294	9.64347834398e-05	0.0
	 Inner loop 2	326.918844221	0.108203182371	2.70169628856e-16	-0.195045130383	0.488948695599	-0.294	9.64347834398e-05	0.0
Outer loop 	43	0.108203182371	0.0
	 Inner loop 2	327.47160804	0.108203182371	2.70169628856e-16	-0.195045130383	0.488948695599	-0.294	9.64347834398e-05	0.0
	 Inner loop 2	327.47160804	0.108203182371	2.70169628856e-16	-0.195045130383	0.488948695599	-0.294	9.64347834398e-05	0.0
Outer loop 	44	0.108203182371	0.0
	 Inner loop 2	328.024371859	0.108203182371	2.70169628856e-16	-0.195045130383	0.488948695599	-0.294	9.64347834398e-05	0.0
	 Inner loop 2	328.024371859	0.108203182371	2.70169628856e-16	-0.195045130383	0.488948695599	-0.294	9.64347834398e-05	0.0
Outer loop 	45	0.108203182371	0.0
	 Inner loop 2	328.577135678	0.108203182371	2.70169628856e-16	-0.195045130383	0.488948695599	-0.294	9.64347834398e-05	0.0
	 Inner loop 2	328.577135678	0.108203182371	2.70169628856e-16	-0.195045130383	0.488948695599	-0.294	9.64347834398e-05	0.0
Outer loop 	46	0.108203182371	0.0
	 Inner loop 2	329.129899497	0.108203182371	2.70169628856e-16	-0.195045130383	0.488948695599	-0.294	9.64347834398e-05	0.0
	 Inner loop 2	329.129899497	0.108203182371	2.70169628856e-16	-0.195045130383	0.488948695599	-0.294	9.64347834398e-05	0.0
Outer loop 	47	0.108203182371	0.0
	 Inner loop 2	329.682663317	0.108203006491	-1.14758421056e-05	-0.195056606225	0.488948695599	-0.294	9.64347834398e-05	0.0
	 Inner loop 2	329.682663317	0.108203162646	1.01890285254e-05	-0.195048916145	0.488952747377	-0.293999999998	0.000106357793611	-3.96477727529e-06
	 Inner loop 2	329.682663317	0.108203089208	7.33328493416e-11	-0.19505253283	0.488950841847	-0.293999999999	0.000101691055262	-2.10016383249e-06
	 Inner loop 2	329.682663317	0.108203089207	-6.51041870832e-11	-0.195052532879	0.488950841821	-0.293999999999	0.000101690991856	-2.10013849851e-06
Outer loop 	48	0.108203089207	-2.10015041295e-06
	 Inner loop 2	330.235427136	0.108203172082	1.14864230923e-05	-0.195048448833	0.488952988047	-0.293999999997	0.000106947206145	-4.20027934342e-06
	 Inner loop 2	330.235427136	0.108203015483	-1.02178541055e-05	-0.195056165736	0.488948932621	-0.294	9.70152611795e-05	-2.31932136644e-07
	 Inner loop 2	330.235427136	0.108203089208	7.25183350327e-11	-0.19505253283	0.488950841847	-0.293999999999	0.00010169105483	-2.10016366007e-06
	 Inner loop 2	330.235427136	0.108203089207	-6.45125850527e-11	-0.195052532879	0.488950841821	-0.293999999999	0.000101690992123	-2.10013860527e-06
Outer loop 	49	0.108203089207	-2.10015039961e-06
	 Inner loop 2	330.788190955	0.108203089207	-6.10330200008e-14	-0.195052532856	0.488950841834	-0.293999999999	0.000101691021615	-2.1001503887e-06
	 Inner loop 2	330.788190955	0.108203089207	5.9799441874e-14	-0.195052532856	0.488950841834	-0.293999999999	0.000101691021673	-2.10015041209e-06
Outer loop 	50	0.108203089207	-2.10015040117e-06
	 Inner loop 2	331.340954774	0.108201644692	-9.42525343596e-05	-0.19514678539	0.488950841834	-0.293999999999	0.000101691021642	-2.10015039961e-06
	 Inner loop 2	331.340954774	0.108202921614	8.33304923348e-05	-0.19508396994	0.488984117013	-0.293999999823	0.00018318324344	-3.46606843012e-05
	 Inner loop 2	331.340954774	0.10820232255	5.13081757121e-09	-0.195113447558	0.488968504631	-0.293999999945	0.000144948001775	-1.93836449102e-05
	 Inner loop 2	331.340954774	0.10820232248	-4.53545892309e-09	-0.195113450977	0.48896850282	-0.293999999945	0.000144943565993	-1.93818725761e-05
Outer loop 	51	0.108202322513	-1.93827041626e-05
	 Inner loop 2	331.893718593	0.108203004299	9.45271897439e-05	-0.195079833748	0.488986164107	-0.293999999802	0.000188196633094	-3.66638036194e-05
	 Inner loop 2	331.893718593	0.10820171609	-8.40545786394e-05	-0.195143333931	0.488952797878	-0.293999999998	0.000106481471758	-4.01419335929e-06
	 Inner loop 2	331.893718593	0.108202322548	4.90790944598e-09	-0.195113447619	0.488968504585	-0.293999999945	0.000144947887098	-1.93835990905e-05
	 Inner loop 2	331.893718593	0.108202322481	-4.36491630538e-09	-0.195113450916	0.488968502852	-0.293999999945	0.000144943644023	-1.93819037533e-05
Outer loop 	52	0.108202322513	-1.9382701789e-05
	 Inner loop 2	332.446482412	0.108199702236	-0.000170981240073	-0.195284430596	0.488968503665	-0.293999999945	0.000144945635391	-1.93826994123e-05
	 Inner loop 2	332.446482412	0.108201997825	0.000149837376369	-0.195171764582	0.489028854682	-0.293999999096	0.000292746372171	-7.84370581525e-05
	 Inner loop 2	332.446482412	0.108200926119	1.80994159841e-08	-0.19522438889	0.48900067427	-0.29399999962	0.000223732339184	-5.08622330808e-05
	 Inner loop 2	332.446482412	0.108200925876	-1.58561420704e-08	-0.195224400815	0.489000667883	-0.29399999962	0.000223716696111	-5.08559828304e-05
Outer loop 	53	0.108200925989	-5.08589014956e-05
	 Inner loop 2	332.999246231	0.108202167185	0.000172172203408	-0.195163152504	0.489032833421	-0.293999999004	0.000302490289865	-8.23302783323e-05
	 Inner loop 2	332.999246231	0.108199822377	-0.000153008665167	-0.195278798741	0.488972081678	-0.293999999923	0.000153708321357	-2.28838646422e-05
	 Inner loop 2	332.999246231	0.108200926107	1.62646707923e-08	-0.195224389392	0.489000673884	-0.29399999962	0.000223731392748	-5.08618549289e-05
	 Inner loop 2	332.999246231	0.108200925886	-1.44588825049e-08	-0.195224400318	0.489000668144	-0.29399999962	0.000223717335424	-5.08562382704e-05
Outer loop 	54	0.10820092599	-5.0858881538e-05
	 Inner loop 2	333.55201005	0.108194686502	-0.000407194796912	-0.195631589903	0.489000670825	-0.29399999962	0.000223723901013	-5.08588615772e-05
	 Inner loop 2	333.55201005	0.108200039363	0.000349571369704	-0.195370315135	0.489144333037	-0.293999994613	0.000575548081286	-0.000191431580008
	 Inner loop 2	333.55201005	0.108197569401	1.15185755168e-07	-0.195491014866	0.489078007357	-0.293999997646	0.000413120341833	-0.000126532945509
	 Inner loop 2	333.55201005	0.108197567887	-9.88079142356e-08	-0.195491088752	0.489077966734	-0.293999997648	0.000413020858315	-0.000126493196483
Outer loop 	55	0.108197568586	-0.000126511549914
	 Inner loop 2	334.104773869	0.108194777393	3.69774595766e-05	-0.195720641828	0.489155273334	-0.293999993994	0.000602339947113	-0.000202136374114
	 Inner loop 2	334.104773869	0.108194300142	-3.11658273993e-05	-0.195743836884	0.489142240981	-0.293999994728	0.000570424803447	-0.000189384554438
	 Inner loop 2	334.104773869	0.108194518439	1.01167937656e-09	-0.19573322847	0.489148201717	-0.293999994398	0.00058502216233	-0.000195216985906
	 Inner loop 2	334.104773869	0.108194518426	-8.52745794333e-10	-0.195733229104	0.48914820136	-0.293999994398	0.000585021289115	-0.000195216637009
Outer loop 	56	0.108194518432	-0.000195216796587
	 Inner loop 2	334.657537688	0.108188960552	-0.000163813847997	-0.196139138668	0.489218395457	-0.293999989763	0.000756919124908	-0.000263899085302
	 Inner loop 2	334.657537688	0.108191025573	0.000134931692337	-0.19603937718	0.489276089826	-0.293999984914	0.00089820396099	-0.000320349990597
	 Inner loop 2	334.657537688	0.108190093346	2.10951692336e-08	-0.196084434473	0.48925003729	-0.29399998722	0.000834405497183	-0.00029485906646
	 Inner loop 2	334.657537688	0.108190093081	-1.73700489721e-08	-0.196084447318	0.489250029862	-0.29399998722	0.000834387306162	-0.000294851798167
Outer loop 	57	0.108190093201	-0.000294855080364
	 Inner loop 2	335.210301508	0.108182473105	-0.000208819720892	-0.196644309639	0.489351818462	-0.293999977129	0.00108364858519	-0.000394445110842
	 Inner loop 2	335.210301508	0.108185026595	0.000166956890007	-0.196521875897	0.489425275073	-0.293999968035	0.00126352574885	-0.000466315730593
	 Inner loop 2	335.210301508	0.108183892856	3.61096330489e-08	-0.19657626919	0.48939264772	-0.293999972261	0.00118362984096	-0.000434393010116
	 Inner loop 2	335.210301508	0.108183892414	-2.88577559251e-08	-0.196576290358	0.48939263502	-0.293999972263	0.00118359874276	-0.000434380584709
Outer loop 	58	0.10818389261	-0.000434386103933
	 Inner loop 2	335.763065327	0.108173794343	-0.000254956818979	-0.197322755293	0.489535157102	-0.293999951597	0.00153259296814	-0.000573822583667
	 Inner loop 2	335.763065327	0.108176796902	0.000196487994695	-0.19718011275	0.489624696104	-0.29399993569	0.00175184033093	-0.000661423719471
	 Inner loop 2	335.763065327	0.108175491229	5.60430738871e-08	-0.197242188507	0.489585738637	-0.293999942888	0.00165644880205	-0.000623309663412
	 Inner loop 2	335.763065327	0.10817549057	-4.31660451803e-08	-0.197242219855	0.48958571896	-0.293999942892	0.00165640062126	-0.000623290412591
Outer loop 	59	0.108175490857	-0.000623298788655
	 Inner loop 2	336.315829146	0.108162507272	-0.000300022512896	-0.19820756458	0.489778647763	-0.293999903067	0.00212879737152	-0.00081203836991
	 Inner loop 2	336.315829146	0.108165884399	0.000221246922305	-0.19804888307	0.489883785266	-0.293999876957	0.00238622168317	-0.00091489325399
	 Inner loop 2	336.315829146	0.10816445264	7.96652398737e-08	-0.19811621918	0.489839179591	-0.293999888414	0.00227700766785	-0.00087125636976
	 Inner loop 2	336.315829146	0.108164451744	-5.87057087495e-08	-0.198116261303	0.489839151683	-0.293999888421	0.00227693933581	-0.000871229067429
Outer loop 	60	0.108164452124	-0.000871240650807
	 Inner loop 2	336.868592965	0.1081481977	-0.000341988322841	-0.199331255207	0.490092312953	-0.29399981597	0.00289676990063	-0.00111888477829
	 Inner loop 2	336.868592965	0.10815184839	0.000239506876434	-0.199161903383	0.490211824175	-0.293999775505	0.00318936158901	-0.0012357909244
	 Inner loop 2	336.868592965	0.108150346831	1.0461038557e-07	-0.199231634887	0.490162623719	-0.29399979265	0.00306890842886	-0.00118766339618
	 Inner loop 2	336.868592965	0.108150345715	-7.31980687031e-08	-0.199231686673	0.490162587175	-0.293999792662	0.00306881896236	-0.00118762764949
Outer loop 	61	0.108150346175	-0.00118764236526
	 Inner loop 2	337.421356784	0.108130467526	-0.000379149293505	-0.200724588819	0.490485575138	-0.293999667678	0.00385953206577	-0.0015035601427
	 Inner loop 2	337.421356784	0.108134275465	0.000250258934698	-0.200550506591	0.490617614312	-0.293999608138	0.00418275935114	-0.00163270686065
	 Inner loop 2	337.421356784	0.1081327639	1.27847871681e-07	-0.200619695762	0.490565143048	-0.293999632385	0.00405431294693	-0.0015813856007
	 Inner loop 2	337.421356784	0.108132762617	-8.42974957425e-08	-0.20061975444	0.490565098544	-0.293999632406	0.0040542040033	-0.00158134207184
	 Inner loop 2	337.421356784	0.108132763127	2.84373219417e-14	-0.200619731124	0.490565116228	-0.293999632398	0.00405424729286	-0.00158135936836
	 Inner loop 2	337.421356784	0.108132763127	-2.52090015529e-14	-0.200619731124	0.490565116228	-0.293999632398	0.00405424729283	-0.00158135936835
Outer loop 	62	0.108132763127	-0.00158135936835
	 Inner loop 2	337.974120603	0.108108946142	-0.000410287254024	-0.202415538623	0.490966910705	-0.293999426998	0.00503776766143	-0.00197432875362
	 Inner loop 2	337.974120603	0.108112792082	0.000253288762	-0.202242579817	0.491109191896	-0.293999343384	0.00538602006761	-0.00211347435583
	 Inner loop 2	337.974120603	0.108111326902	1.46453219136e-07	-0.202308566412	0.491054915624	-0.293999375952	0.00525317319308	-0.00206039487086
	 Inner loop 2	337.974120603	0.108111325531	-9.02998192652e-08	-0.202308628123	0.491054864861	-0.293999375982	0.0052530489442	-0.00206034522674
	 Inner loop 2	337.974120603	0.108111326054	1.58354232505e-14	-0.202308604586	0.491054884223	-0.29399937597	0.00525309633389	-0.00206036416148
	 Inner loop 2	337.974120603	0.108111326054	3.90052573573e-15	-0.202308604586	0.491054884223	-0.29399937597	0.00525309633389	-0.00206036416148
Outer loop 	63	0.108111326054	-0.00206036416147
	 Inner loop 2	338.526884422	0.108083299288	-0.000434770217117	-0.204428490871	0.491543590169	-0.29399905291	0.00644918339465	-0.00253826539465
	 Inner loop 2	338.526884422	0.108087072409	0.00024911350435	-0.204261855916	0.491693604684	-0.293998940284	0.00681630501965	-0.00268495026656
	 Inner loop 2	338.526884422	0.108085701007	1.58350911902e-07	-0.204322520532	0.491638995624	-0.293998982014	0.00668266527376	-0.00263155398676
	 Inner loop 2	338.526884422	0.108085699635	-9.06007876231e-08	-0.204322581194	0.491638941015	-0.293998982056	0.00668253163355	-0.0026315005903
	 Inner loop 2	338.526884422	0.108085700134	1.64599237018e-14	-0.204322559117	0.491638960889	-0.293998982041	0.00668258026913	-0.00263152002283
	 Inner loop 2	338.526884422	0.108085700134	-2.29590652046e-15	-0.204322559117	0.491638960889	-0.293998982041	0.00668258026912	-0.00263152002283
Outer loop 	64	0.108085700134	-0.00263152002283
	 Inner loop 2	339.079648241	0.108053234752	-0.0004525528664	-0.206783741662	0.492221532523	-0.293998493675	0.00810814994833	-0.00320111192798
	 Inner loop 2	339.079648241	0.108056841126	0.000238796972729	-0.206627592988	0.492376765874	-0.293998347465	0.00848797155188	-0.00335287112568
	 Inner loop 2	339.079648241	0.108055598501	1.62721446009e-07	-0.206681494117	0.49232318432	-0.293998398697	0.00835687121553	-0.00330048947683
	 Inner loop 2	339.079648241	0.108055597206	-8.57211868727e-08	-0.206681550232	0.492323128535	-0.293998398749	0.00835673472491	-0.00330043494147
	 Inner loop 2	339.079648241	0.108055597653	2.04367772705e-14	-0.206681530871	0.492323147783	-0.293998398731	0.00835678181884	-0.00330045375804
	 Inner loop 2	339.079648241	0.108055597653	-1.22107185474e-14	-0.206681530871	0.492323147783	-0.293998398731	0.00835678181882	-0.00330045375803
Outer loop 	65	0.108055597653	-0.00330045375803
	 Inner loop 2	339.63241206	0.108018504651	-0.000464087383712	-0.209497313197	0.493005278044	-0.293997686359	0.0100256341282	-0.00396725018345
	 Inner loop 2	339.63241206	0.108021871873	0.00022370547857	-0.209354606769	0.493163392957	-0.293997502595	0.0104124218853	-0.00412179273488
	 Inner loop 2	339.63241206	0.108020779624	1.59970167423e-07	-0.209400991465	0.493112003053	-0.29399756309	0.0102867114729	-0.00407156465109
	 Inner loop 2	339.63241206	0.108020778465	-7.69672272773e-08	-0.209401040628	0.493111948585	-0.293997563154	0.0102865782301	-0.00407151141343
	 Inner loop 2	339.63241206	0.108020778841	2.25808954868e-14	-0.209401024658	0.493111966278	-0.293997563134	0.010286621513	-0.00407152870726
	 Inner loop 2	339.63241206	0.108020778841	-9.88098491916e-15	-0.209401024658	0.493111966278	-0.293997563134	0.010286621513	-0.00407152870726
Outer loop 	66	0.108020778841	-0.00407152870726
	 Inner loop 2	340.185175879	0.107978904386	-0.000470179362289	-0.212581070033	0.493898063854	-0.293996556763	0.0122093835794	-0.00483977576282
	 Inner loop 2	340.185175879	0.107981982529	0.000205272094212	-0.212453579101	0.494057028929	-0.293996332191	0.0125981544582	-0.00499511067824
	 Inner loop 2	340.185175879	0.107981049812	1.51370554514e-07	-0.21249229783	0.494008754876	-0.293996401138	0.0124800954621	-0.00494793974757
	 Inner loop 2	340.185175879	0.107981048823	-6.59475466926e-08	-0.21249233885	0.494008703731	-0.29399640121	0.0124799703816	-0.00494788977115
	 Inner loop 2	340.185175879	0.107981049123	1.94341071014e-14	-0.212492326402	0.494008719251	-0.293996401188	0.0124800083386	-0.00494790493704
	 Inner loop 2	340.185175879	0.107981049123	-1.122886506e-14	-0.212492326402	0.494008719251	-0.293996401188	0.0124800083386	-0.00494790493703
Outer loop 	67	0.107981049123	-0.00494790493704
	 Inner loop 2	340.737939698	0.107934268795	-0.000471829148908	-0.216043079269	0.49490197429	-0.293995019667	0.0146642954967	-0.00582064535927
	 Inner loop 2	340.737939698	0.107937028552	0.000184815961566	-0.215931551871	0.495060133096	-0.293994751762	0.0150509864981	-0.00597514925159
	 Inner loop 2	340.737939698	0.107936254274	1.38593827633e-07	-0.21596292087	0.495015652375	-0.293994827816	0.0149422349039	-0.00593169712952
	 Inner loop 2	340.737939698	0.107936253465	-5.41605369633e-08	-0.21596295361	0.495015605949	-0.293994827895	0.0149421213948	-0.00593165177652
	 Inner loop 2	340.737939698	0.107936253692	1.39506461938e-14	-0.21596294441	0.495015618994	-0.293994827873	0.0149421532889	-0.00593166451991
	 Inner loop 2	340.737939698	0.107936253692	-5.87030424271e-15	-0.21596294441	0.495015618994	-0.293994827873	0.0149421532889	-0.0059316645199
Outer loop 	68	0.107936253692	-0.0059316645199
	 Inner loop 2	341.290703518	0.107884466305	-0.000470090621272	-0.219888137525	0.496018134509	-0.293992979297	0.0173928916908	-0.00691086657206
	 Inner loop 2	341.290703518	0.107886895464	0.000163434148175	-0.219792521375	0.496174221957	-0.293992666171	0.0177743997376	-0.00706329959471
	 Inner loop 2	341.290703518	0.107886270958	1.23303613223e-07	-0.219817172448	0.496133986134	-0.29399274754	0.017676057158	-0.00702400643489
	 Inner loop 2	341.290703518	0.107886270322	-4.27565418418e-08	-0.219817197513	0.49613394522	-0.293992747622	0.0176759571588	-0.00702396647981
	 Inner loop 2	341.290703518	0.107886270486	2.11289319374e-15	-0.21981719106	0.496133955755	-0.293992747601	0.0176759829062	-0.00702397676729
	 Inner loop 2	341.290703518	0.107886270486	-6.38725183855e-15	-0.21981719106	0.496133955755	-0.293992747601	0.0176759829062	-0.00702397676729
Outer loop 	69	0.107886270486	-0.00702397676729
	 Inner loop 2	341.843467337	0.107829391945	-0.000465965205321	-0.224118384109	0.497246918821	-0.29399032988	0.0203958299617	-0.00811070222776
	 Inner loop 2	341.843467337	0.107831491235	0.000141960217642	-0.22403806349	0.497400038295	-0.293989970149	0.0207699555614	-0.00826018556498
	 Inner loop 2	341.843467337	0.107831002855	1.06901112688e-07	-0.224056808913	0.497364310142	-0.293990054673	0.0206826603449	-0.00822530642199
	 Inner loop 2	341.843467337	0.107831002374	-3.24730937001e-08	-0.224056827329	0.497364275038	-0.293990054756	0.0206825745744	-0.00822527215203
	 Inner loop 2	341.843467337	0.107831002486	2.64024913044e-15	-0.224056823038	0.497364283217	-0.293990054737	0.0206825945582	-0.00822528013666
	 Inner loop 2	341.843467337	0.107831002486	1.27918509119e-14	-0.224056823038	0.497364283217	-0.293990054737	0.0206825945582	-0.00822528013666
Outer loop 	70	0.107831002486	-0.00822528013666
	 Inner loop 2	342.396231156	0.107768960029	-0.000460335539314	-0.228733930153	0.498588152167	-0.293986956211	0.0236723986575	-0.00941986798303
	 Inner loop 2	342.396231156	0.107770739113	0.000120971463184	-0.228667938518	0.49873772849	-0.293986548831	0.0240377303227	-0.00956583766957
	 Inner loop 2	342.396231156	0.107770370404	9.04210943863e-08	-0.228681664954	0.498706625394	-0.293986634056	0.0239617640374	-0.00953548504504
	 Inner loop 2	342.396231156	0.107770370056	-2.36831245379e-08	-0.22868167791	0.498706596034	-0.293986634137	0.0239616923291	-0.00953545639371
Outer loop 	71	0.107770370128	-0.00953546234049
	 Inner loop 2	342.948994975	0.107703097136	-0.00045393410178	-0.233733451577	0.500041290997	-0.293982734144	0.0272209606224	-0.010837709706
	 Inner loop 2	342.948994975	0.107704571163	0.00010082441191	-0.233680642213	0.50018701243	-0.293982278252	0.0275767324463	-0.0109798597207
	 Inner loop 2	342.948994975	0.107704304496	7.45362069877e-08	-0.233690236684	0.500160548815	-0.293982361484	0.0275121238893	-0.0109540451207
	 Inner loop 2	342.948994975	0.107704304255	-1.64924757184e-08	-0.233690245352	0.500160524905	-0.293982361559	0.0275120655141	-0.0109540217967
Outer loop 	72	0.107704304299	-0.0109540260225
	 Inner loop 2	343.501758794	0.107631735774	-0.000447337887042	-0.239114713475	0.50160557677	-0.293977530966	0.031039329783	-0.0123633539424
	 Inner loop 2	343.501758794	0.107632922696	8.17017352856e-05	-0.23907388441	0.501747335801	-0.293977025749	0.0313852760939	-0.0125015781353
	 Inner loop 2	343.501758794	0.107632740356	5.96179251661e-08	-0.239080188811	0.501725460245	-0.293977104077	0.0313318922605	-0.0124802484172
	 Inner loop 2	343.501758794	0.107632740199	-1.08398615084e-08	-0.239080194251	0.501725441366	-0.293977104144	0.0313318461893	-0.0124802300093
Outer loop 	73	0.107632740223	-0.0124802328413
	 Inner loop 2	344.054522613	0.107554808964	-0.000440979666486	-0.244875010719	0.503280160417	-0.293971205632	0.0351250762666	-0.0139958298273
	 Inner loop 2	344.054522613	0.107555727579	6.36592622555e-05	-0.244844988341	0.503417999448	-0.293970650223	0.0354612983785	-0.0141301686787
	 Inner loop 2	344.054522613	0.107555612418	4.58157099342e-08	-0.244848776134	0.503400624646	-0.293970720524	0.0354189178287	-0.0141132353653
	 Inner loop 2	344.054522613	0.107555612324	-6.57768916418e-09	-0.244848779254	0.503400610335	-0.293970720582	0.0354188829229	-0.0141132214186
Outer loop 	74	0.107555612335	-0.0141132231695
	 Inner loop 2	344.607286432	0.107472245763	-0.000435167889239	-0.251011522407	0.505064199376	-0.293963608855	0.0394757639963	-0.0157341640167
	 Inner loop 2	344.607286432	0.107472914412	4.66669681605e-05	-0.250991211853	0.505198264432	-0.29396300226	0.0398026166491	-0.0158647592643
	 Inner loop 2	344.607286432	0.10747285016	3.31309878976e-08	-0.250993180292	0.505185289791	-0.293963061183	0.0397709848156	-0.0158521206422
	 Inner loop 2	344.607286432	0.107472850109	-3.52766470202e-09	-0.250993181839	0.505185279592	-0.29396306123	0.0397709599498	-0.015852110707
Outer loop 	75	0.107472850114	-0.0158521116631
	 Inner loop 2	345.160050251	0.107384414505	-0.000398709469523	-0.257521585985	0.506956930558	-0.293954583047	0.0441205290053	-0.0175774519161
	 Inner loop 2	345.160050251	0.107384849315	3.05727287135e-05	-0.25751084506	0.507077908925	-0.293953972356	0.0444174812193	-0.0176952365745
	 Inner loop 2	345.160050251	0.107384818644	1.97758115023e-08	-0.257511611332	0.507069299097	-0.293954015952	0.044396347962	-0.0176868541703
	 Inner loop 2	345.160050251	0.107384818623	-1.50291523671e-09	-0.257511611865	0.507069293101	-0.293954015982	0.0443963332436	-0.0176868483323
Outer loop 	76	0.107384818624	-0.0176868487446
	 Inner loop 2	345.71281407	0.107290796317	-0.000424295165188	-0.264403448468	0.508938942632	-0.293944066983	0.0489842776538	-0.0195066342757
	 Inner loop 2	345.71281407	0.107291046578	1.77338787898e-05	-0.264399728088	0.509065664937	-0.293943357629	0.0492951546581	-0.0196299421347
	 Inner loop 2	345.71281407	0.107291036714	1.21856219143e-08	-0.264399878492	0.509060584749	-0.293943386151	0.0492826920804	-0.0196249989136
	 Inner loop 2	345.71281407	0.107291036707	-5.00683425275e-10	-0.2643998786	0.509060581112	-0.293943386172	0.0492826831588	-0.0196249953749
Outer loop 	77	0.107291036708	-0.0196249955146
	 Inner loop 2	346.265577889	0.10719135481	-0.000421269896347	-0.271652856252	0.51103599033	-0.293931756948	0.0541273529736	-0.0215466102074
	 Inner loop 2	346.265577889	0.107191401352	3.32490337534e-06	-0.271656198159	0.511159745207	-0.293930992503	0.0544307703581	-0.0216669592443
	 Inner loop 2	346.265577889	0.10719140102	2.26303862455e-09	-0.271656172263	0.511158776838	-0.293930998501	0.0544283961888	-0.0216660175416
	 Inner loop 2	346.265577889	0.107191401019	-1.63073096693e-11	-0.271656172245	0.511158776174	-0.293930998505	0.0544283945601	-0.0216660168956
Outer loop 	78	0.107191401019	-0.0216660169002
	 Inner loop 2	346.818341709	0.107085946983	-0.000418963984468	-0.279269307704	0.513239533578	-0.293917512899	0.0595283230412	-0.0236888788426
	 Inner loop 2	346.818341709	0.107085801457	-1.04840672309e-05	-0.279279055736	0.513360513042	-0.293916692079	0.0598247507055	-0.0238064554408
	 Inner loop 2	346.818341709	0.107085797625	-7.07615916556e-09	-0.279279304889	0.513363615782	-0.293916670974	0.0598323530045	-0.0238094708559
	 Inner loop 2	346.818341709	0.107085797623	-1.81770348773e-10	-0.279279305053	0.513363617824	-0.29391667096	0.0598323580072	-0.0238094728402
Outer loop 	79	0.107085797623	-0.0238094728925
	 Inner loop 2	347.371105528	0.106974445015	-0.000417624706583	-0.287252228923	0.515549422287	-0.293901144278	0.0651863262077	-0.0259330984123
	 Inner loop 2	347.371105528	0.106974117509	-2.38014743291e-05	-0.287267817838	0.515667884883	-0.293900265213	0.0654763966937	-0.0260481534666
	 Inner loop 2	347.371105528	0.106974097506	-1.59584898213e-08	-0.287268757226	0.51567503904	-0.293900212002	0.0654939142289	-0.0260551017121
	 Inner loop 2	347.371105528	0.106974097493	-9.19739062688e-10	-0.28726875782	0.515675043563	-0.293900211968	0.0654939253045	-0.0260551061052
Outer loop 	80	0.106974097492	-0.0260551063739
	 Inner loop 2	347.923869347	0.106856705379	-0.000417225931246	-0.295601747242	0.517965793065	-0.293882450035	0.0711011782807	-0.0282791958576
	 Inner loop 2	347.923869347	0.10685620443	-3.67367939326e-05	-0.295622692906	0.518081981697	-0.293881510721	0.0713854851362	-0.0283919647957
	 Inner loop 2	347.923869347	0.106856155753	-2.45109960106e-08	-0.29562471038	0.518093191469	-0.293881419901	0.0714129143011	-0.0284028444412
	 Inner loop 2	347.923869347	0.106856155723	-2.17342319142e-09	-0.295624711607	0.518093198289	-0.293881419846	0.0714129309902	-0.0284028510608
Outer loop 	81	0.10685615572	-0.0284028517049
	 Inner loop 2	348.476633166	0.106732568054	-0.00041772892529	-0.30431870693	0.520488998748	-0.293861218399	0.0772731976552	-0.0307272974682
	 Inner loop 2	348.476633166	0.106731900839	-4.93879722178e-05	-0.30434459444	0.52060313693	-0.293860216719	0.0775522862567	-0.0308379966111
	 Inner loop 2	348.476633166	0.106731810979	-3.28449589609e-08	-0.304348058156	0.520618429319	-0.293860082241	0.077589678234	-0.030852827958
	 Inner loop 2	348.476633166	0.106731810926	-3.9030504384e-09	-0.304348060187	0.520618438286	-0.293860082163	0.0775897001605	-0.030852836655
Outer loop 	82	0.106731810919	-0.0308528378278
	 Inner loop 2	349.029396985	0.106601856031	-0.000419087725439	-0.313404668136	0.523119606978	-0.29383722618	0.0837031996127	-0.0332777266217
	 Inner loop 2	349.029396985	0.10660102856	-6.18409463463e-05	-0.313435140772	0.52323189702	-0.293836159933	0.0839775627385	-0.0333865514276
	 Inner loop 2	349.029396985	0.106600884845	-4.10559165276e-08	-0.313440405523	0.523251320222	-0.293835975151	0.0840250193954	-0.0334053748808
	 Inner loop 2	349.029396985	0.106600884763	-6.08228138688e-09	-0.313440408501	0.523251331214	-0.293835975046	0.0840250462515	-0.0334053855332
Outer loop 	83	0.106600884749	-0.0334053873857
	 Inner loop 2	349.582160804	0.106464374926	-0.000421252918638	-0.322861895536	0.525858396307	-0.293810238024	0.0903924843344	-0.0359309990286
	 Inner loop 2	349.582160804	0.106463392226	-7.41699617966e-05	-0.322896644847	0.525969018819	-0.293809104947	0.0906625610137	-0.0360381236362
	 Inner loop 2	349.582160804	0.106463181683	-4.92245499223e-08	-0.322904057178	0.525992640364	-0.293808862566	0.0907202301557	-0.0360609978223
	 Inner loop 2	349.582160804	0.106463181567	-8.69496416533e-09	-0.32290406123	0.52599265328	-0.293808862434	0.0907202616889	-0.0360610103297
Outer loop 	84	0.106463181543	-0.036061013013
	 Inner loop 2	350.134924623	0.106319912642	-0.000424174217236	-0.332693339911	0.528706350643	-0.293780005614	0.0973428206647	-0.0386878162925
	 Inner loop 2	350.134924623	0.106318778927	-8.64383329371e-05	-0.332732097058	0.528815464934	-0.293778803413	0.0976089972047	-0.0387933939287
	 Inner loop 2	350.134924623	0.106318488166	-5.74179543633e-08	-0.332741999292	0.528843369719	-0.293778495443	0.0976770675985	-0.038820393721
	 Inner loop 2	350.134924623	0.106318488012	-1.17324151783e-08	-0.332742004528	0.528843384477	-0.29377849528	0.097677103599	-0.0388204080004
Outer loop 	85	0.106318487973	-0.0388204116675
	 Inner loop 2	350.687688442	0.106168239071	-0.000427802140692	-0.342902615037	0.531664652636	-0.29374626684	0.104556427101	-0.0415490583695
	 Inner loop 2	350.687688442	0.106166957895	-9.86994137571e-05	-0.342945143359	0.531772397663	-0.293744993206	0.104819039489	-0.0416532223024
	 Inner loop 2	350.687688442	0.10616657301	-6.56910916913e-08	-0.342957876682	0.531804686005	-0.293744610919	0.104897735905	-0.0416844368547
	 Inner loop 2	350.687688442	0.106166572813	-1.51911271618e-08	-0.3429578832	0.531804702536	-0.293744610723	0.104897776196	-0.041684452836
	 Inner loop 2	350.687688442	0.106166572754	-1.13797860024e-15	-0.342957885161	0.531804707509	-0.293744610664	0.104897788316	-0.0416844576434
	 Inner loop 2	350.687688442	0.106166572754	-6.5780714209e-15	-0.342957885161	0.531804707509	-0.293744610664	0.104897788316	-0.0416844576434
Outer loop 	86	0.106166572754	-0.0416844576434
	 Inner loop 2	351.240452261	0.106009105805	-0.000432089048436	-0.353493971586	0.534734676422	-0.293708744927	0.112035951042	-0.0445157753381
	 Inner loop 2	351.240452261	0.106007680195	-0.000110997632321	-0.353540060295	0.534841172069	-0.29370739756	0.112295288154	-0.0446186401482
	 Inner loop 2	351.240452261	0.106007186684	-7.40880441441e-08	-0.353555967033	0.534877957815	-0.29370693144	0.11238486657	-0.0446541709933
	 Inner loop 2	351.240452261	0.106007186439	-1.90709968373e-08	-0.353555974921	0.53487797606	-0.293706931209	0.112384910999	-0.0446541886157
	 Inner loop 2	351.240452261	0.106007186354	2.81719092499e-15	-0.353555977655	0.534877982384	-0.293706931128	0.112384926399	-0.0446541947243
	 Inner loop 2	351.240452261	0.106007186354	-4.99600361081e-15	-0.353555977655	0.534877982384	-0.293706931128	0.112384926399	-0.0446541947243
Outer loop 	87	0.106007186354	-0.0446541947243
	 Inner loop 2	351.79321608	0.105842245852	-0.000436989709678	-0.36447226919	0.537917979999	-0.293667147525	0.119784447007	-0.0475891787575
	 Inner loop 2	351.79321608	0.105840657439	-0.00012502147186	-0.364521728083	0.538023328524	-0.293665724155	0.120039102242	-0.0476908417705
	 Inner loop 2	351.79321608	0.105840019161	-1.61995663911e-07	-0.36454151748	0.538065513772	-0.293665153349	0.120140995062	-0.047731550338
	 Inner loop 2	351.79321608	0.10584001857	-4.65010846495e-08	-0.364541535781	0.538065552792	-0.293665152821	0.120141089309	-0.0477315879918
	 Inner loop 2	351.79321608	0.105840018332	-8.90953977262e-15	-0.364541543149	0.538065568502	-0.293665152608	0.120141127255	-0.0477316031522
	 Inner loop 2	351.79321608	0.105840018332	-2.22044604925e-15	-0.364541543149	0.538065568502	-0.293665152608	0.120141127255	-0.0477316031522
Outer loop 	88	0.105840018332	-0.0477316031522
	 Inner loop 2	352.345979899	0.105666623115	-0.000495406577759	-0.375843750368	0.541217886855	-0.293621142921	0.127751599856	-0.0507721651688
	 Inner loop 2	352.345979899	0.105664686251	-0.00015415132884	-0.375902699592	0.541334649642	-0.293619461451	0.128033360072	-0.0508847349728
	 Inner loop 2	352.345979899	0.105663810391	-1.16642530912e-07	-0.375929281798	0.541387346599	-0.293618701376	0.128160519932	-0.0509355383148
	 Inner loop 2	352.345979899	0.105663809934	-3.63593873343e-08	-0.375929295648	0.541387374063	-0.29361870098	0.128160586205	-0.0509355647923
	 Inner loop 2	352.345979899	0.105663809727	-1.63480340376e-14	-0.375929301921	0.541387386502	-0.2936187008	0.128160616219	-0.0509355767836
	 Inner loop 2	352.345979899	0.105663809727	1.88737914186e-15	-0.375929301921	0.541387386502	-0.2936187008	0.128160616219	-0.0509355767836
Outer loop 	89	0.105663809727	-0.0509355767836
	 Inner loop 2	352.898743719	0.105482003055	-0.000450472841611	-0.387633546102	0.544671491403	-0.293569861745	0.136081443602	-0.0541001328029
	 Inner loop 2	352.898743719	0.105480127373	-0.000150989269023	-0.38768944871	0.544775223417	-0.293568271996	0.13633150802	-0.0542000393935
	 Inner loop 2	352.898743719	0.105479180952	-1.02958723602e-07	-0.387717589546	0.544827479334	-0.293567470055	0.136457477309	-0.0542503670741
	 Inner loop 2	352.898743719	0.105479180522	-3.45595489726e-08	-0.387717602299	0.544827503021	-0.293567469691	0.13645753441	-0.0542503898873
	 Inner loop 2	352.898743719	0.105479180306	-1.33226762955e-15	-0.387717608743	0.54482751499	-0.293567469508	0.136457563261	-0.054250401414
	 Inner loop 2	352.898743719	0.105479180306	-1.33226762955e-15	-0.387717608743	0.54482751499	-0.293567469508	0.136457563261	-0.054250401414
Outer loop 	90	0.105479180306	-0.054250401414
	 Inner loop 2	353.451507538	0.105288936565	-0.000457039308218	-0.399821456931	0.548227828761	-0.29351371643	0.144650305292	-0.0575235937025
	 Inner loop 2	353.451507538	0.105286924897	-0.000163819270566	-0.399880239667	0.548330619781	-0.293512043369	0.144897843984	-0.0576224912065
	 Inner loop 2	353.451507538	0.105285800233	-1.12254820495e-07	-0.399913031051	0.548388001368	-0.29351110818	0.145036025608	-0.0576776980013
	 Inner loop 2	353.451507538	0.105285799739	-4.02890728002e-08	-0.399913045462	0.548388026592	-0.293511107769	0.14503608635	-0.0576777222689
	 Inner loop 2	353.451507538	0.105285799462	2.16493489802e-15	-0.39991305353	0.548388040713	-0.293511107538	0.145036120355	-0.0576777358548
	 Inner loop 2	353.451507538	0.105285799462	2.10942374679e-15	-0.39991305353	0.548388040713	-0.293511107538	0.145036120355	-0.0576777358548
Outer loop 	91	0.105285799462	-0.0576777358548
	 Inner loop 2	354.004271357	0.105086784714	-0.000464066475178	-0.412423365854	0.551906598421	-0.293452085764	0.153504786722	-0.0610611663767
	 Inner loop 2	354.004271357	0.105084638933	-0.00017680911191	-0.412484882034	0.552008494469	-0.293450327396	0.153749905849	-0.0611590972079
	 Inner loop 2	354.004271357	0.10508331744	-1.21768107403e-07	-0.412522688519	0.552071160646	-0.293449244627	0.153900650732	-0.0612193233185
	 Inner loop 2	354.004271357	0.105083316876	-4.64494106234e-08	-0.41252270463	0.552071187358	-0.293449244165	0.153900714988	-0.0612193489903
	 Inner loop 2	354.004271357	0.105083316528	-3.80251385934e-15	-0.412522714566	0.552071203832	-0.293449243881	0.153900754615	-0.0612193648222
	 Inner loop 2	354.004271357	0.105083316528	-6.10622663544e-15	-0.412522714566	0.552071203832	-0.293449243881	0.153900754615	-0.0612193648222
Outer loop 	92	0.105083316528	-0.0612193648222
	 Inner loop 2	354.557035176	0.104875177316	-0.000471521076357	-0.425446800468	0.555710192495	-0.293384578809	0.162649665705	-0.0647147596737
	 Inner loop 2	354.557035176	0.104872899262	-0.000189967375616	-0.425510908416	0.555811228894	-0.293382733254	0.162892445402	-0.0648117558474
	 Inner loop 2	354.557035176	0.104871361514	-1.31494567124e-07	-0.425554097746	0.555879342569	-0.293381487547	0.16305611123	-0.0648771441784
	 Inner loop 2	354.557035176	0.104871360878	-5.30353874151e-08	-0.425554115591	0.555879370719	-0.293381487032	0.163056178869	-0.0648771712016
	 Inner loop 2	354.557035176	0.104871360449	-1.14352971536e-14	-0.425554127653	0.555879389747	-0.293381486684	0.16305622459	-0.0648771894682
	 Inner loop 2	354.557035176	0.104871360449	-6.27276008913e-15	-0.425554127653	0.555879389747	-0.293381486684	0.16305622459	-0.0648771894682
Outer loop 	93	0.104871360449	-0.0648771894682
	 Inner loop 2	355.109798995	0.104653723429	-0.000479371596015	-0.438899717182	0.559641140287	-0.293310782779	0.172089988077	-0.0684863895226
	 Inner loop 2	355.109798995	0.104651314956	-0.00020329878606	-0.438966278591	0.559741342802	-0.29330884828	0.172330485283	-0.068582473788
	 Inner loop 2	355.109798995	0.104649540691	-1.4142384e-07	-0.439015220683	0.559815069486	-0.293307423228	0.172507433002	-0.0686531685451
	 Inner loop 2	355.109798995	0.10464953998	-6.003827005e-08	-0.439015240283	0.559815099019	-0.293307422657	0.172507503882	-0.0686531968636
	 Inner loop 2	355.109798995	0.104649539456	-6.38378239159e-16	-0.439015254741	0.559815120806	-0.293307422236	0.172507556171	-0.0686532177542
	 Inner loop 2	355.109798995	0.104649539456	-6.38378239159e-16	-0.439015254741	0.559815120806	-0.293307422236	0.172507556171	-0.0686532177542
Outer loop 	94	0.104649539456	-0.0686532177542
	 Inner loop 2	355.662562814	0.104422011042	-0.000487587950954	-0.45279046915	0.563702099914	-0.293230262009	0.181831043294	-0.0723781691852
	 Inner loop 2	355.662562814	0.104419474056	-0.000216804567038	-0.452859347747	0.563801485793	-0.29322823695	0.182069294337	-0.0724733560559
	 Inner loop 2	355.662562814	0.104417442183	-1.51539382043e-07	-0.452914413377	0.563880992228	-0.293226615079	0.182259884688	-0.0725495013642
	 Inner loop 2	355.662562814	0.104417441394	-6.74452108052e-08	-0.452914434743	0.563881023087	-0.293226614449	0.18225995866	-0.0725495309177
	 Inner loop 2	355.662562814	0.104417440761	-2.05113703799e-14	-0.452914451879	0.563881047836	-0.293226613944	0.182260017987	-0.0725495546203
	 Inner loop 2	355.662562814	0.104417440761	-1.07691633389e-14	-0.452914451879	0.563881047836	-0.293226613944	0.182260017987	-0.0725495546203
Outer loop 	95	0.104417440761	-0.0725495546203
	 Inner loop 2	356.215326633	0.10417960678	-0.000496141170165	-0.46712777333	0.567895849705	-0.293142556952	0.191878339407	-0.0763922992569
	 Inner loop 2	356.215326633	0.104176943269	-0.000230482728988	-0.467198833817	0.567994428618	-0.293140439867	0.192114362336	-0.0764865959442
	 Inner loop 2	356.215326633	0.104174631889	-1.61818628386e-07	-0.467260393028	0.568079881412	-0.29313860262	0.192318952417	-0.0765683344721
	 Inner loop 2	356.215326633	0.10417463102	-7.52388994718e-08	-0.46726041616	0.568079913532	-0.293138601929	0.192319029317	-0.0765683651958
	 Inner loop 2	356.215326633	0.104174630265	-2.25097718243e-14	-0.467260436262	0.568079941445	-0.293138601329	0.192319096145	-0.076568391895
	 Inner loop 2	356.215326633	0.104174630265	-1.51822998617e-14	-0.467260436262	0.568079941445	-0.293138601329	0.192319096145	-0.076568391895
Outer loop 	96	0.104174630265	-0.076568391895
	 Inner loop 2	356.768090452	0.103926234199	-0.000489359193578	-0.481920676442	0.572225279297	-0.293047183179	0.20225322113	-0.0805310573519
	 Inner loop 2	356.768090452	0.103923546092	-0.000235576982474	-0.481991519997	0.572320025768	-0.293045041269	0.202480958516	-0.0806215715121
	 Inner loop 2	356.768090452	0.103921050385	-1.6037515016e-07	-0.482057186622	0.572407902094	-0.293043052579	0.202692176732	-0.080705520133
	 Inner loop 2	356.768090452	0.103921049503	-7.72658813319e-08	-0.482057209796	0.572407933115	-0.293043051876	0.202692251292	-0.0807055497669
	 Inner loop 2	356.768090452	0.103921048684	-2.1371793224e-14	-0.48205723134	0.572407961954	-0.293043051223	0.202692320609	-0.0807055773172
	 Inner loop 2	356.768090452	0.103921048684	-7.68829444553e-15	-0.48205723134	0.572407961954	-0.293043051223	0.202692320609	-0.0807055773172
Outer loop 	97	0.103921048684	-0.0807055773172
	 Inner loop 2	357.320854271	0.103662080994	-0.00047796733159	-0.497168248871	0.576680109262	-0.29294394568	0.212954117957	-0.084784125807
	 Inner loop 2	357.320854271	0.103659388285	-0.000239017736802	-0.497238002069	0.576770261865	-0.292941803204	0.213170525671	-0.0848701369923
	 Inner loop 2	357.320854271	0.103656694502	-1.56673201496e-07	-0.497307678381	0.576860367246	-0.292939659742	0.213386814203	-0.0849561008093
	 Inner loop 2	357.320854271	0.103656693619	-7.84035507351e-08	-0.497307701204	0.576860396769	-0.292939659039	0.21338688507	-0.0849561289753
	 Inner loop 2	357.320854271	0.103656692735	-2.1593837829e-14	-0.497307724066	0.576860426343	-0.292939658335	0.213386956058	-0.0849561571894
	 Inner loop 2	357.320854271	0.103656692735	-1.67643676718e-14	-0.497307724066	0.576860426343	-0.292939658335	0.213386956058	-0.0849561571894
Outer loop 	98	0.103656692735	-0.0849561571895
	 Inner loop 2	357.87361809	0.103386532758	-0.000521740856545	-0.512872232638	0.58125484153	-0.292832568852	0.223928219104	-0.089145779243
	 Inner loop 2	357.87361809	0.103383526612	-0.000270307414581	-0.512948805793	0.581350690343	-0.292830177392	0.224157985427	-0.0892370998039
	 Inner loop 2	357.87361809	0.103380294583	-1.90523943483e-07	-0.513031004267	0.581453643947	-0.292827606022	0.224404775818	-0.089335186576
	 Inner loop 2	357.87361809	0.103380293485	-9.87784258e-08	-0.513031032175	0.581453678912	-0.292827605148	0.224404859632	-0.0893352198878
	 Inner loop 2	357.87361809	0.103380292303	-3.89133170131e-14	-0.513031062221	0.581453716557	-0.292827604207	0.224404949871	-0.0893352557532
	 Inner loop 2	357.87361809	0.103380292303	-2.40918396344e-14	-0.513031062221	0.581453716557	-0.292827604207	0.224404949871	-0.0893352557532
Outer loop 	99	0.103380292303	-0.0893352557532
	 Inner loop 2	358.42638191	0.10309805822	-0.000531310450208	-0.529068672311	0.585986382623	-0.292711686645	0.235262665883	-0.0936506519496
	 Inner loop 2	358.42638191	0.103094935017	-0.000284529409552	-0.529146894327	0.586081414352	-0.292709199702	0.235490150268	-0.0937410655549
	 Inner loop 2	358.42638191	0.103091334	-2.01016514018e-07	-0.529236946637	0.586190885744	-0.292706332001	0.235752191877	-0.0938452139193
	 Inner loop 2	358.42638191	0.103091332818	-1.07720875692e-07	-0.529236976173	0.586190921661	-0.292706331059	0.23575227785	-0.0938452480893
	 Inner loop 2	358.42638191	0.103091331453	-1.89293025699e-14	-0.529237010276	0.586190963132	-0.292706329972	0.235752377117	-0.0938452875427
	 Inner loop 2	358.42638191	0.103091331453	-1.37112543541e-14	-0.529237010276	0.586190963132	-0.292706329972	0.235752377117	-0.0938452875427
Outer loop 	100	0.103091331453	-0.0938452875427
	 Inner loop 2	358.979145729	0.102796507729	-0.000541079356122	-0.545757468778	0.590864953672	-0.292581021535	0.246932457285	-0.098288807283
	 Inner loop 2	358.979145729	0.102793270145	-0.000298873238305	-0.545837201428	0.590959151694	-0.292578438572	0.247157615068	-0.098378296181
	 Inner loop 2	358.979145729	0.102789275176	-2.11480344514e-07	-0.545935441014	0.591075285133	-0.292575251004	0.247435195405	-0.0984886204084
	 Inner loop 2	358.979145729	0.10278927391	-1.16887165863e-07	-0.545935472115	0.591075321912	-0.292575249994	0.24743528331	-0.0984886553465
	 Inner loop 2	358.979145729	0.102789272346	-3.19466675336e-14	-0.545935510546	0.591075367358	-0.292575248746	0.247435391934	-0.098488698519
	 Inner loop 2	358.979145729	0.102789272346	-1.19071419391e-14	-0.545935510546	0.591075367358	-0.292575248746	0.247435391934	-0.098488698519
Outer loop 	101	0.102789272346	-0.098488698519
	 Inner loop 2	359.531909548	0.102481321852	-0.000551019574799	-0.562948716234	0.595893827583	-0.292439958661	0.258943827737	-0.103062723115
	 Inner loop 2	359.531909548	0.102477972751	-0.000313321332466	-0.563029819532	0.59598717168	-0.292437279366	0.259166605886	-0.103151266228
	 Inner loop 2	359.531909548	0.102473558416	-2.21860487704e-07	-0.563136564807	0.596110102732	-0.292433747443	0.259459987657	-0.103267870731
	 Inner loop 2	359.531909548	0.102473557067	-1.26228214936e-07	-0.563136597396	0.596110140276	-0.292433746363	0.259460077256	-0.103267906342
	 Inner loop 2	359.531909548	0.102473555287	-4.00235400377e-14	-0.563136640412	0.596110189831	-0.292433744939	0.25946019552	-0.103267953346
	 Inner loop 2	359.531909548	0.102473555287	-2.20379270388e-14	-0.563136640412	0.596110189831	-0.292433744939	0.25946019552	-0.103267953346
Outer loop 	102	0.102473555287	-0.103267953346
	 Inner loop 2	360.084673367	0.102151919338	-0.000561102338791	-0.580652601879	0.601076325542	-0.292287853801	0.271303027799	-0.107974883728
	 Inner loop 2	360.084673367	0.102148461781	-0.000327853708939	-0.58073493402	0.601168792348	-0.292285078096	0.271523366058	-0.108062457107
	 Inner loop 2	360.084673367	0.102143602328	-2.32097006891e-07	-0.58085048515	0.601298646253	-0.292281176437	0.271832783237	-0.108185434879
	 Inner loop 2	360.084673367	0.102143600897	-1.3568914381e-07	-0.580850519137	0.60129868446	-0.292281175288	0.271832874276	-0.108185471062
	 Inner loop 2	360.084673367	0.102143598884	-3.67483821151e-14	-0.580850566971	0.601298738235	-0.292281173672	0.271833002409	-0.108185521988
	 Inner loop 2	360.084673367	0.102143598884	-2.3037127761e-14	-0.580850566971	0.601298738235	-0.292281173672	0.271833002409	-0.108185521988
Outer loop 	103	0.102143598884	-0.108185521988
	 Inner loop 2	360.637437186	0.101807174401	-0.000621554214487	-0.598879357932	0.606415804079	-0.292124032895	0.283966032533	-0.113027765777
	 Inner loop 2	360.637437186	0.101803273204	-0.000374987063658	-0.598970110503	0.606515421141	-0.292120908237	0.284200610535	-0.113121957986
	 Inner loop 2	360.637437186	0.101797341072	-2.9030672738e-07	-0.599107900118	0.606666770923	-0.292116156116	0.284556995004	-0.113265060239
	 Inner loop 2	360.637437186	0.101797339249	-1.75240279898e-07	-0.59910794241	0.606666817395	-0.292116154655	0.28455710443	-0.113265104177
	 Inner loop 2	360.637437186	0.101797336474	-5.5677684685e-14	-0.599108006817	0.60666688817	-0.292116152432	0.28455727108	-0.113265171094
	 Inner loop 2	360.637437186	0.101797336474	-3.6248781754e-14	-0.599108006817	0.60666688817	-0.292116152432	0.28455727108	-0.113265171094
Outer loop 	104	0.101797336474	-0.113265171094
	 Inner loop 2	361.190201005	0.101444341708	-0.000655946535006	-0.617680588831	0.61196009164	-0.291946336421	0.297010887077	-0.118265783213
	 Inner loop 2	361.190201005	0.101440183459	-0.000405253734849	-0.617775685444	0.61206228798	-0.291942988675	0.297251132404	-0.118362251074
	 Inner loop 2	361.190201005	0.101433462836	-3.24367679772e-07	-0.617929146259	0.612227320467	-0.291937577028	0.297639078453	-0.11851802653
	 Inner loop 2	361.190201005	0.101433460779	-2.00506648784e-07	-0.617929193173	0.61222737094	-0.291937575372	0.297639197099	-0.118518074171
	 Inner loop 2	361.190201005	0.10143345745	-7.86593012947e-14	-0.617929269118	0.612227452646	-0.291937572691	0.297639389163	-0.118518151292
	 Inner loop 2	361.190201005	0.10143345745	-5.15698594938e-14	-0.617929269118	0.612227452646	-0.291937572691	0.297639389163	-0.118518151292
Outer loop 	105	0.10143345745	-0.118518151292
	 Inner loop 2	361.742964824	0.101063547254	-0.000595917307915	-0.637065826967	0.617709289761	-0.29175395221	0.310514572109	-0.123688038969
	 Inner loop 2	361.742964824	0.101059737481	-0.000376515402725	-0.637151441571	0.61779950763	-0.291750867652	0.31072628619	-0.123773050423
	 Inner loop 2	361.742964824	0.101053200881	-2.67937001253e-07	-0.637298136818	0.617954186406	-0.29174557446	0.311089256935	-0.123918797322
	 Inner loop 2	361.742964824	0.101053199168	-1.69365083236e-07	-0.63729817523	0.617954226924	-0.291745573073	0.311089352014	-0.123918835499
	 Inner loop 2	361.742964824	0.101053196224	-6.26165785889e-14	-0.637298241228	0.617954296542	-0.291745570689	0.311089515376	-0.123918901095
	 Inner loop 2	361.742964824	0.101053196224	-4.06896738525e-14	-0.637298241228	0.617954296542	-0.291745570689	0.311089515376	-0.123918901095
Outer loop 	106	0.101053196224	-0.123918901095
	 Inner loop 2	362.295728643	0.100666883783	-0.000606338528636	-0.656982042768	0.623599409081	-0.291548331345	0.324324626503	-0.129233313963
	 Inner loop 2	362.295728643	0.100662980013	-0.000391248554599	-0.657068258375	0.623688602522	-0.291545151646	0.324533558944	-0.12931720848
	 Inner loop 2	362.295728643	0.100655880715	-2.76974694902e-07	-0.657224840496	0.623850693965	-0.291539368142	0.324913237698	-0.129469664295
	 Inner loop 2	362.295728643	0.100655878932	-1.78796793149e-07	-0.657224879794	0.623850734662	-0.291539366689	0.324913333024	-0.129469702572
	 Inner loop 2	362.295728643	0.100655875684	-5.34572386357e-14	-0.657224951362	0.623850808778	-0.291539364043	0.324913506627	-0.12946977228
	 Inner loop 2	362.295728643	0.100655875684	-3.64708263589e-14	-0.657224951362	0.623850808778	-0.291539364043	0.324913506627	-0.12946977228
Outer loop 	107	0.100655875684	-0.12946977228
	 Inner loop 2	362.848492462	0.100252486358	-0.00061673171144	-0.67746583209	0.629662545439	-0.291327720546	0.338514275484	-0.134931010976
	 Inner loop 2	362.848492462	0.100248492854	-0.000405920671369	-0.677552496601	0.629750679995	-0.291324447063	0.338720342997	-0.135013755112
	 Inner loop 2	362.848492462	0.100240805272	-2.85472366135e-07	-0.677719110369	0.629920226106	-0.291318144444	0.339116743234	-0.135172925255
	 Inner loop 2	362.848492462	0.100240803424	-1.87966009702e-07	-0.677719150396	0.629920266855	-0.291318142928	0.339116838504	-0.135172963509
	 Inner loop 2	362.848492462	0.10024079986	-5.98965321785e-14	-0.677719227559	0.629920345408	-0.291318140006	0.339117022157	-0.135173037253
	 Inner loop 2	362.848492462	0.10024079986	-4.32986979604e-14	-0.677719227559	0.629920345408	-0.291318140006	0.339117022157	-0.135173037253
Outer loop 	108	0.10024079986	-0.135173037253
	 Inner loop 2	363.401256281	0.0998196404093	-0.000627058567448	-0.698526800633	0.635902026933	-0.291091277026	0.353088992158	-0.140783327673
	 Inner loop 2	363.401256281	0.0998155616586	-0.000420496051974	-0.698613761207	0.635989067041	-0.291087911424	0.353292109538	-0.140864887216
	 Inner loop 2	363.401256281	0.0998072609423	-2.93346787195e-07	-0.698790508557	0.636166087418	-0.291081060839	0.353705188631	-0.141030754568
	 Inner loop 2	363.401256281	0.0998072590343	-1.967861184e-07	-0.69879054915	0.63616612809	-0.291081059264	0.353705283537	-0.141030792677
	 Inner loop 2	363.401256281	0.0998072551459	-7.01105840051e-14	-0.698790631874	0.636166210978	-0.291081056054	0.35370547695	-0.14103087034
	 Inner loop 2	363.401256281	0.0998072551459	-4.15778522722e-14	-0.698790631874	0.636166210978	-0.291081056054	0.353705476951	-0.14103087034
Outer loop 	109	0.0998072551459	-0.14103087034
	 Inner loop 2	363.954020101	0.0993646571892	-0.000946510045959	-0.720174222836	0.642321112193	-0.290838128854	0.367744729452	-0.146792345646
	 Inner loop 2	363.954020101	0.0993583918624	-0.000655227965271	-0.720303573123	0.6424487016	-0.290832995868	0.368032639425	-0.146911663382
	 Inner loop 2	363.954020101	0.0993443051557	-6.84302804699e-07	-0.720593843302	0.642735297945	-0.290821451597	0.36867931265	-0.147179662382
	 Inner loop 2	363.954020101	0.0993443006268	-4.73946072721e-07	-0.720593936501	0.642735390027	-0.290821447885	0.368679520412	-0.147179748485
	 Inner loop 2	363.954020101	0.0993442904229	-3.63986618623e-13	-0.720594146483	0.642735597491	-0.290821439521	0.368679988512	-0.147179942478
	 Inner loop 2	363.954020101	0.0993442904229	-2.51687559683e-13	-0.720594146484	0.642735597491	-0.290821439521	0.368679988513	-0.147179942478
Outer loop 	110	0.0993442904229	-0.147179942478
	 Inner loop 2	364.50678392	0.0988738699005	-0.000791201908367	-0.742708443966	0.649206703911	-0.290555504614	0.383266042761	-0.153224800696
	 Inner loop 2	364.50678392	0.0988686252826	-0.000556682746386	-0.742814608682	0.649310141563	-0.290551171955	0.383498956328	-0.153321326423
	 Inner loop 2	364.50678392	0.0988561813252	-4.72224934156e-07	-0.743066115596	0.64955538483	-0.290540889272	0.384051147812	-0.153550169616
	 Inner loop 2	364.50678392	0.0988561781955	-3.32378433776e-07	-0.743066178781	0.649555446477	-0.290540886685	0.384051286611	-0.153550227138
	 Inner loop 2	364.50678392	0.0988561707571	-1.67477143265e-13	-0.743066328956	0.649555592995	-0.290540880537	0.384051616499	-0.153550363853
	 Inner loop 2	364.50678392	0.0988561707571	-1.13853371175e-13	-0.743066328956	0.649555592995	-0.290540880537	0.384051616499	-0.153550363853
Outer loop 	111	0.0988561707571	-0.153550363853
	 Inner loop 2	365.059547739	0.0983618284272	-0.000670249511693	-0.765847135905	0.656272180325	-0.290253668068	0.399158374136	-0.159811015739
	 Inner loop 2	365.059547739	0.0983573836577	-0.000478839575877	-0.765935343715	0.656357161087	-0.290249965166	0.399349308218	-0.159890144024
	 Inner loop 2	365.059547739	0.0983462685534	-3.33931962415e-07	-0.766155643943	0.656569544941	-0.290240703359	0.39982646843	-0.160087892214
	 Inner loop 2	365.059547739	0.0983462663393	-2.3863731663e-07	-0.766155687786	0.656569587228	-0.290240701514	0.399826563434	-0.160087931587
	 Inner loop 2	365.059547739	0.0983462607948	-8.44324610227e-14	-0.766155797577	0.656569693126	-0.290240696893	0.399826801345	-0.160088030183
	 Inner loop 2	365.059547739	0.0983462607948	-6.15618667155e-14	-0.766155797577	0.656569693126	-0.290240696893	0.399826801345	-0.160088030183
Outer loop 	112	0.0983462607948	-0.160088030183
	 Inner loop 2	365.612311558	0.0978301308276	-0.000679936519345	-0.789551550968	0.663477031804	-0.289933638506	0.415328221151	-0.166512240824
	 Inner loop 2	365.612311558	0.0978256238003	-0.000492770949228	-0.789639252903	0.66356065365	-0.289929851988	0.415515680292	-0.166589928999
	 Inner loop 2	365.612311558	0.0978137622394	-3.3791675802e-07	-0.789869774128	0.663780599857	-0.289919884624	0.416008720979	-0.16679425849
	 Inner loop 2	365.612311558	0.0978137599999	-2.44965107032e-07	-0.789869817611	0.663780641366	-0.289919882742	0.416008814023	-0.16679429705
	 Inner loop 2	365.612311558	0.097813754098	-8.54316617449e-14	-0.789869932205	0.663780750757	-0.289919877782	0.416009059231	-0.166794398671
	 Inner loop 2	365.612311558	0.097813754098	-6.12287998081e-14	-0.789869932205	0.663780750757	-0.289919877782	0.416009059231	-0.166794398671
Outer loop 	113	0.097813754098	-0.166794398671
	 Inner loop 2	366.165075377	0.0972750343838	-0.000689284829002	-0.813887672812	0.670881702564	-0.289591963048	0.431908648467	-0.17338362157
	 Inner loop 2	366.165075377	0.097270471195	-0.000506335664315	-0.813974712723	0.670963926433	-0.289588096716	0.432092547342	-0.173459834273
	 Inner loop 2	366.165075377	0.0972578470006	-3.40720468062e-07	-0.814215209873	0.671191271993	-0.289577398235	0.432600995394	-0.173670548997
	 Inner loop 2	366.165075377	0.0972578447455	-2.50349764752e-07	-0.814215252795	0.671191312588	-0.289577396323	0.432601086181	-0.173670586621
	 Inner loop 2	366.165075377	0.0972578384982	-9.20929998927e-14	-0.8142153717	0.671191425047	-0.289577391028	0.432601337681	-0.173670690849
	 Inner loop 2	366.165075377	0.0972578384982	-6.63358257214e-14	-0.8142153717	0.671191425047	-0.289577391028	0.432601337681	-0.173670690849
Outer loop 	114	0.0972578384982	-0.17367069085
	 Inner loop 2	366.717839196	0.0966984535124	-0.000390627120529	-0.838861380875	0.678488668758	-0.289227588895	0.449209673891	-0.180426154668
	 Inner loop 2	366.717839196	0.0966958919553	-0.000288438580473	-0.838909624132	0.678533866484	-0.289225383683	0.44931270275	-0.180467948543
	 Inner loop 2	366.717839196	0.096688663254	-1.05263567529e-07	-0.839045673362	0.678661375211	-0.289219159936	0.449603352823	-0.180585851361
	 Inner loop 2	366.717839196	0.0966886625638	-7.77368828753e-08	-0.839045686345	0.678661387383	-0.289219159341	0.449603380567	-0.180585862615
	 Inner loop 2	366.717839196	0.0966886606147	1.72084568817e-15	-0.839045723011	0.678661421756	-0.289219157663	0.449603458918	-0.180585894398
	 Inner loop 2	366.717839196	0.0966886606147	1.66533453694e-16	-0.839045723011	0.678661421756	-0.289219157663	0.449603458918	-0.180585894398
Outer loop 	115	0.0966886606147	-0.180585894398
	 Inner loop 2	367.270603015	0.0961137477166	-0.000654949502987	-0.864175110665	0.686018946711	-0.288853665631	0.466354880083	-0.187381143901
	 Inner loop 2	367.270603015	0.0961094619837	-0.000489509366585	-0.864254305763	0.686092529016	-0.288849947317	0.466522214698	-0.187449023542
	 Inner loop 2	367.270603015	0.0960967859259	-2.89573971357e-07	-0.864488281654	0.686310059157	-0.288838947649	0.467016880572	-0.187649685803
	 Inner loop 2	367.270603015	0.0960967840315	-2.1647201659e-07	-0.864488316593	0.686310091655	-0.288838946005	0.467016954471	-0.18764971578
	 Inner loop 2	367.270603015	0.0960967784216	-6.63358257214e-14	-0.864488420054	0.686310187889	-0.288838941137	0.467017173301	-0.187649804548
	 Inner loop 2	367.270603015	0.0960967784216	-5.24025267623e-14	-0.864488420054	0.686310187889	-0.288838941137	0.467017173301	-0.187649804548
Outer loop 	116	0.0960967784216	-0.187649804548
	 Inner loop 2	367.823366834	0.0954988005722	-0.000706198176208	-0.890226940256	0.69384393597	-0.288451296663	0.484128102774	-0.194590889358
	 Inner loop 2	367.823366834	0.0954941926759	-0.000533915514902	-0.890310400182	0.693920947427	-0.288447267135	0.484302804374	-0.194661757432
	 Inner loop 2	367.823366834	0.095479918246	-3.28666532878e-07	-0.890568638723	0.694159394377	-0.288434782129	0.484843697808	-0.194881172001
	 Inner loop 2	367.823366834	0.095479916102	-2.48535907132e-07	-0.890568677475	0.694159430177	-0.288434780253	0.484843779015	-0.194881204942
	 Inner loop 2	367.823366834	0.0954799094521	-6.58362253603e-14	-0.89056879767	0.694159541218	-0.288434774436	0.484844030889	-0.194881307115
	 Inner loop 2	367.823366834	0.0954799094521	-4.99045249569e-14	-0.89056879767	0.694159541218	-0.288434774436	0.484844030889	-0.194881307115
Outer loop 	117	0.0954799094521	-0.194881307115
	 Inner loop 2	368.376130653	0.0948569672255	-0.000713768561011	-0.916941134218	0.701890784818	-0.28802297538	0.502359556219	-0.201986517092
	 Inner loop 2	368.376130653	0.0948523261366	-0.000545527170878	-0.917023486666	0.70196633529	-0.288018884514	0.502530508718	-0.202055864336
	 Inner loop 2	368.376130653	0.0948372834291	-3.27036190462e-07	-0.91729009567	0.702211089965	-0.288005622828	0.503084301497	-0.20228051155
	 Inner loop 2	368.376130653	0.0948372813032	-2.499974876e-07	-0.917290133314	0.702211124542	-0.288005620953	0.503084379729	-0.202280543285
	 Inner loop 2	368.376130653	0.0948372744045	-6.63913368726e-14	-0.917290255475	0.702211236747	-0.288005614871	0.503084633599	-0.202280646268
	 Inner loop 2	368.376130653	0.0948372744045	-5.58442181386e-14	-0.917290255475	0.702211236747	-0.288005614871	0.503084633599	-0.202280646268
Outer loop 	118	0.0948372744045	-0.202280646268
	 Inner loop 2	368.928894472	0.0941852858364	-0.00111510295617	-0.944299396097	0.710141788365	-0.287568622409	0.520611127184	-0.209550272254
	 Inner loop 2	368.928894472	0.0941779593811	-0.000873621386831	-0.944424863097	0.710256355274	-0.28756220626	0.520857092696	-0.209655157612
	 Inner loop 2	368.928894472	0.0941514725369	-8.01574372544e-07	-0.944877613723	0.710670234061	-0.287539003183	0.521745581271	-0.2100340296
	 Inner loop 2	368.928894472	0.094151467273	-6.28143620007e-07	-0.94487770357	0.710670316266	-0.287538998571	0.521745757731	-0.210034104847
	 Inner loop 2	368.928894472	0.0941514482079	-4.24549284617e-13	-0.944878028983	0.710670614	-0.287538981865	0.521746396847	-0.210034377381
	 Inner loop 2	368.928894472	0.0941514482079	-3.3273384048e-13	-0.944878028983	0.710670614	-0.287538981865	0.521746396847	-0.210034377381
Outer loop 	119	0.0941514482079	-0.210034377381
	 Inner loop 2	369.481658291	0.0934556550089	-0.00120609502684	-0.972744197849	0.718999805745	-0.287063926955	0.539602224031	-0.217648513281
	 Inner loop 2	369.481658291	0.0934477757766	-0.000953656220033	-0.972876016444	0.719119928777	-0.287056963278	0.539859394725	-0.217758176787
	 Inner loop 2	369.481658291	0.0934180321251	-9.05425540432e-07	-0.97337264366	0.719573038676	-0.287030667278	0.540829366837	-0.218171795232
	 Inner loop 2	369.481658291	0.0934180262134	-7.16089687325e-07	-0.973372742215	0.71957312868	-0.28703066205	0.540829559495	-0.218171877386
	 Inner loop 2	369.481658291	0.0934180038544	-5.12478948167e-13	-0.973373114957	0.719573469086	-0.287030642278	0.540830288149	-0.218172188101
	 Inner loop 2	369.481658291	0.0934180038544	-4.057865155e-13	-0.973373114957	0.719573469086	-0.287030642278	0.540830288149	-0.218172188101
Outer loop 	120	0.0934180038544	-0.218172188101
	 Inner loop 2	370.034422111	0.0926784490765	-0.000750773856515	-1.00213463567	0.728336087078	-0.286513226341	0.559561001072	-0.226159395427
	 Inner loop 2	370.034422111	0.0926735756786	-0.000598856489574	-1.00221412202	0.728408523247	-0.286508879011	0.559715621295	-0.22622532905
	 Inner loop 2	370.034422111	0.0926543736616	-3.37614327828e-07	-1.00252693412	0.728693803989	-0.286491746463	0.560324538982	-0.226484985574
	 Inner loop 2	370.034422111	0.0926543714709	-2.69335113656e-07	-1.00252696978	0.728693836524	-0.286491744508	0.560324608425	-0.226485015186
	 Inner loop 2	370.034422111	0.0926543628292	-7.08322289711e-14	-1.00252711042	0.728693964865	-0.286491736796	0.56032488235	-0.226485131994
	 Inner loop 2	370.034422111	0.0926543628292	-5.71764857682e-14	-1.00252711042	0.728693964865	-0.286491736796	0.56032488235	-0.226485131994
Outer loop 	121	0.0926543628292	-0.226485131994
	 Inner loop 2	370.58718593	0.0918846677657	-0.000754886996138	-1.03194099294	0.737671300895	-0.285943562317	0.579458367365	-0.234644090615
	 Inner loop 2	370.58718593	0.0918797998549	-0.000607057117651	-1.03201846457	0.737741922015	-0.285939180854	0.579608666296	-0.234708181541
	 Inner loop 2	370.58718593	0.0918598191422	-3.27823460489e-07	-1.03233607353	0.738031664874	-0.285921193417	0.58022527425	-0.234971117372
	 Inner loop 2	370.58718593	0.0918598170289	-2.63657712773e-07	-1.03233610709	0.738031695508	-0.285921191514	0.580225339439	-0.23497114517
	 Inner loop 2	370.58718593	0.0918598083456	-7.7049477909e-14	-1.03233624499	0.738031821381	-0.285921183696	0.5802256073	-0.234971259392
	 Inner loop 2	370.58718593	0.0918598083456	-6.38378239159e-14	-1.03233624499	0.738031821381	-0.285921183696	0.5802256073	-0.234971259392
Outer loop 	122	0.0918598083456	-0.234971259392
	 Inner loop 2	371.139949749	0.0910496714718	-0.00197154665336	-1.06239822706	0.747223745592	-0.285341179445	0.59854411426	-0.24330016302
	 Inner loop 2	371.139949749	0.0910367554123	-0.00163465454347	-1.06259412187	0.747402610446	-0.285329713866	0.598886570745	-0.243461992587
	 Inner loop 2	371.139949749	0.0909741708293	-2.21495205244e-06	-1.06354016676	0.748268308085	-0.285274124665	0.600543768385	-0.244245109821
	 Inner loop 2	371.139949749	0.0909741563351	-1.83688476618e-06	-1.06354038525	0.748268508385	-0.285274111785	0.600544151764	-0.244245290989
	 Inner loop 2	371.139949749	0.0909740859139	-2.78921330477e-12	-1.06354144681	0.748269481562	-0.285274049204	0.600546014451	-0.244246171211
	 Inner loop 2	371.139949749	0.0909740859139	-2.31492602865e-12	-1.06354144681	0.748269481562	-0.285274049204	0.600546014451	-0.244246171211
Outer loop 	123	0.0909740859138	-0.244246171212
	 Inner loop 2	371.692713568	0.0900770214471	-0.00145889297717	-1.09496494713	0.758337119279	-0.28461590144	0.619784836313	-0.253337575041
	 Inner loop 2	371.692713568	0.0900675579664	-0.00121749738256	-1.09510385504	0.758464982526	-0.284607405124	0.620028780252	-0.253452851999
	 Inner loop 2	371.692713568	0.0900198754737	-1.14319206779e-06	-1.09580205175	0.759108714072	-0.284564577985	0.621256772472	-0.254033146014
	 Inner loop 2	371.692713568	0.0900198680643	-9.54173493328e-07	-1.09580216002	0.759108814035	-0.284564571328	0.621256963144	-0.254033236116
	 Inner loop 2	371.692713568	0.0900198306613	-7.07878200501e-13	-1.09580270659	0.759109318652	-0.284564537722	0.621257925659	-0.254033690958
	 Inner loop 2	371.692713568	0.0900198306613	-5.90860693706e-13	-1.09580270659	0.759109318652	-0.284564537722	0.621257925659	-0.254033690958
Outer loop 	124	0.0900198306612	-0.254033690959
	 Inner loop 2	372.245477387	0.0890595623509	-0.000786162123425	-1.12825498624	0.7697645364	-0.283843067015	0.641547354731	-0.263621564607
	 Inner loop 2	372.245477387	0.0890545142563	-0.000660064945419	-1.12832661886	0.769831117815	-0.283838484504	0.641673920606	-0.26368137396
	 Inner loop 2	372.245477387	0.0890281033442	-3.11649265616e-07	-1.12870090519	0.770179318978	-0.283814504377	0.642335778942	-0.263994138507
	 Inner loop 2	372.245477387	0.0890281013439	-2.61679827251e-07	-1.12870093351	0.77017934534	-0.283814502561	0.642335829049	-0.263994162186
	 Inner loop 2	372.245477387	0.0890280908689	-7.01660951563e-14	-1.1287010818	0.770179483395	-0.283814493048	0.642336091448	-0.263994286184
	 Inner loop 2	372.245477387	0.0890280908689	-5.93969318174e-14	-1.1287010818	0.770179483395	-0.283814493048	0.642336091448	-0.263994286184
Outer loop 	125	0.0890280908689	-0.263994286184
	 Inner loop 2	372.798241206	0.0880354398707	-0.000120993034096	-1.16177992316	0.781063074722	-0.283052364137	0.663648219544	-0.27375272242
	 Inner loop 2	372.798241206	0.088034681562	-0.000100692233022	-1.16179049167	0.781072992358	-0.283051658576	0.663668465656	-0.273761599289
	 Inner loop 2	372.798241206	0.0880309206038	-6.86705603492e-09	-1.16184289823	0.781122177669	-0.283048159137	0.663768872832	-0.27380562262
	 Inner loop 2	372.798241206	0.0880309205608	-5.71493075086e-09	-1.16184289883	0.781122178232	-0.283048159097	0.663768873981	-0.273805623124
Outer loop 	126	0.0880309203473	-0.273805625623
	 Inner loop 2	373.351005025	0.0870348895954	0.000153513925773	-1.19517242752	0.791887996768	-0.282270371675	0.685708316355	-0.283424929058
	 Inner loop 2	373.351005025	0.0870358435118	0.000128479481505	-1.19515952141	0.791875788241	-0.282271266958	0.685683479607	-0.283414039435
	 Inner loop 2	373.351005025	0.0870407395371	-1.04156107072e-08	-1.19509326469	0.791813122938	-0.282275861892	0.685555993223	-0.283358143277
	 Inner loop 2	373.351005025	0.0870407394724	-8.71696959059e-09	-1.19509326556	0.791813123767	-0.282275861831	0.685555994909	-0.283358144016
Outer loop 	127	0.0870407391403	-0.283358147808
	 Inner loop 2	373.903768844	0.0860449893376	-0.000760013234488	-1.2285432944	0.80234004832	-0.2814929484	0.706936181241	-0.292732245224
	 Inner loop 2	373.903768844	0.0860403050208	-0.000639374597174	-1.22860497459	0.802398804169	-0.281488516614	0.70705531244	-0.292784478067
	 Inner loop 2	373.903768844	0.0860154888896	-2.4024861367e-07	-1.22893136458	0.802709971827	-0.281465034713	0.707686187214	-0.293061083888
	 Inner loop 2	373.903768844	0.0860154874093	-2.02124118887e-07	-1.22893138403	0.802709990382	-0.281465033312	0.707686224832	-0.293061100381
	 Inner loop 2	373.903768844	0.0860154795616	-2.14273043753e-14	-1.22893148714	0.802710088757	-0.281465025885	0.707686424272	-0.293061187825
	 Inner loop 2	373.903768844	0.0860154795616	-1.67643676718e-14	-1.22893148714	0.802710088757	-0.281465025885	0.707686424272	-0.293061187825
Outer loop 	128	0.0860154795616	-0.293061187825
	 Inner loop 2	374.456532663	0.0849840494254	-0.000853687830946	-1.26295845252	0.813441626687	-0.280643491213	0.729306629219	-0.302583927317
	 Inner loop 2	374.456532663	0.0849787969609	-0.00072673021857	-1.26302506897	0.813505733614	-0.280638515676	0.729431120818	-0.302640715078
	 Inner loop 2	374.456532663	0.0849487452618	-2.82328615486e-07	-1.26340570859	0.813872384663	-0.280610043326	0.730143084925	-0.30296548276
	 Inner loop 2	374.456532663	0.0849487435255	-2.40352234671e-07	-1.26340573056	0.813872405841	-0.28061004168	0.730143126046	-0.302965501517
	 Inner loop 2	374.456532663	0.0849487335833	-2.209343819e-14	-1.26340585635	0.813872527104	-0.280610032259	0.730143361501	-0.302965608922
	 Inner loop 2	374.456532663	0.0849487335833	-1.73194791842e-14	-1.26340585635	0.813872527104	-0.280610032259	0.730143361501	-0.302965608922
Outer loop 	129	0.0849487335833	-0.302965608922
	 Inner loop 2	375.009296482	0.0838714404702	-0.0014789695602	-1.29805413953	0.824866525246	-0.279744153956	0.751452798678	-0.312686065937
	 Inner loop 2	375.009296482	0.083862424296	-0.00126445814697	-1.29816488727	0.824974417276	-0.279735540672	0.751661552522	-0.312781290544
	 Inner loop 2	375.009296482	0.0838093204093	-7.85320092955e-07	-1.29881569131	0.825609503614	-0.279684794805	0.752890197182	-0.313341745872
	 Inner loop 2	375.009296482	0.0838093156252	-6.71458722956e-07	-1.29881574983	0.825609560799	-0.279684790232	0.752890307802	-0.313341796332
	 Inner loop 2	375.009296482	0.0838092874127	-2.05835348766e-13	-1.29881609491	0.825609898029	-0.279684763266	0.752890960144	-0.313342093903
	 Inner loop 2	375.009296482	0.0838092874127	-1.74860126378e-13	-1.29881609491	0.825609898029	-0.279684763266	0.752890960144	-0.313342093903
Outer loop 	130	0.0838092874127	-0.313342093903
	 Inner loop 2	375.562060302	0.082664621137	-0.000742297535718	-1.334366829	0.837166811871	-0.278747846386	0.775205565978	-0.323521066018
	 Inner loop 2	375.562060302	0.0826601403683	-0.000637203556386	-1.33441987124	0.837219358626	-0.278743528421	0.775306837481	-0.323567261762
	 Inner loop 2	375.562060302	0.0826329832666	-1.81696365287e-07	-1.33474098399	0.837537743543	-0.278717354358	0.775920413111	-0.323847148813
	 Inner loop 2	375.562060302	0.0826329821702	-1.55975891203e-07	-1.33474099694	0.837537756394	-0.278717353301	0.775920437875	-0.32384716011
	 Inner loop 2	375.562060302	0.0826329755213	1.04360964315e-14	-1.33474107548	0.837537834325	-0.278717346892	0.775920588052	-0.323847228614
	 Inner loop 2	375.562060302	0.0826329755213	6.55031584529e-15	-1.33474107548	0.837537834325	-0.278717346892	0.775920588052	-0.323847228614
Outer loop 	131	0.0826329755213	-0.323847228614
	 Inner loop 2	376.114824121	0.0814514171601	-0.000755965006506	-1.37079294904	0.849285109517	-0.277738285847	0.798490160365	-0.334154192867
	 Inner loop 2	376.114824121	0.0814468885703	-0.000652563957379	-1.37084456465	0.849337115064	-0.277733894122	0.798588779752	-0.334199736204
	 Inner loop 2	376.114824121	0.081418319768	-1.71153652029e-07	-1.37116980209	0.849665102741	-0.277706184875	0.799210713068	-0.334486950711
	 Inner loop 2	376.114824121	0.081418318743	-1.47745946588e-07	-1.37116981374	0.849665114505	-0.277706183881	0.799210735374	-0.334486961012
	 Inner loop 2	376.114824121	0.0814183122738	-1.66533453694e-15	-1.37116988732	0.849665188758	-0.277706177606	0.799210876165	-0.334487026031
	 Inner loop 2	376.114824121	0.0814183122738	-2.10942374679e-15	-1.37116988732	0.849665188758	-0.277706177606	0.799210876165	-0.334487026031
Outer loop 	132	0.0814183122738	-0.334487026031
	 Inner loop 2	376.66758794	0.0801970533928	-0.000962707174975	-1.4077101847	0.861611520047	-0.276683360033	0.821819317512	-0.344927811522
	 Inner loop 2	376.66758794	0.0801913412559	-0.000833809374035	-1.40777289834	0.861675914261	-0.27667777563	0.82194095034	-0.344983982677
	 Inner loop 2	376.66758794	0.0801544084312	-2.51507433435e-07	-1.40817777773	0.862092125803	-0.276641662597	0.822727063021	-0.345347016721
	 Inner loop 2	376.66758794	0.0801544069395	-2.17836512606e-07	-1.40817779407	0.862092142608	-0.276641661138	0.82272709476	-0.345347031378
	 Inner loop 2	376.66758794	0.0801543972892	-2.42028619368e-14	-1.40817789972	0.86209225133	-0.276641651701	0.822727300092	-0.345347126202
	 Inner loop 2	376.66758794	0.0801543972892	-2.19824158876e-14	-1.40817789972	0.86209225133	-0.276641651701	0.822727300092	-0.345347126202
Outer loop 	133	0.0801543972892	-0.345347126202
	 Inner loop 2	377.220351759	0.0788857480673	-0.000699911027906	-1.44527403927	0.874335142912	-0.275565298842	0.845804284176	-0.356004289025
	 Inner loop 2	377.220351759	0.0788816352962	-0.000608062249372	-1.44531741407	0.874380668595	-0.275561245839	0.845889929067	-0.356043840621
	 Inner loop 2	377.220351759	0.0788544167862	-1.1924970289e-07	-1.4456041566	0.874681889487	-0.275534419745	0.846456567614	-0.356305519497
	 Inner loop 2	377.220351759	0.0788544160857	-1.03601451751e-07	-1.44560416398	0.874681897237	-0.275534419055	0.846456582194	-0.356305526231
	 Inner loop 2	377.220351759	0.0788544114478	-8.99280649946e-15	-1.44560421279	0.874681948553	-0.275534414483	0.846456678721	-0.356305570808
	 Inner loop 2	377.220351759	0.0788544114478	-7.77156117238e-15	-1.44560421279	0.874681948553	-0.275534414483	0.846456678721	-0.356305570808
Outer loop 	134	0.0788544114478	-0.356305570808
	 Inner loop 2	377.773115578	0.0775488813583	-0.000829794397653	-1.48310247619	0.887088462999	-0.274415441367	0.869599660156	-0.367061697321
	 Inner loop 2	377.773115578	0.0775440302994	-0.000726084787198	-1.48315136338	0.887140998147	-0.274410645013	0.869694925454	-0.3671071538
	 Inner loop 2	377.773115578	0.0775100807873	-1.42721506835e-07	-1.48349303464	0.887508560539	-0.274377073676	0.870361405056	-0.367425169036
	 Inner loop 2	377.773115578	0.0775100799532	-1.2488381651e-07	-1.48349304302	0.887508569567	-0.274377072851	0.870361421425	-0.367425176846
	 Inner loop 2	377.773115578	0.0775100741139	-1.7763568394e-15	-1.48349310172	0.887508632773	-0.274377067076	0.870361536026	-0.367425231529
	 Inner loop 2	377.773115578	0.0775100741139	-2.6645352591e-15	-1.48349310172	0.887508632773	-0.274377067076	0.870361536026	-0.367425231529
Outer loop 	135	0.0775100741139	-0.367425231529
	 Inner loop 2	378.325879397	0.0761574876547	-0.00124961570724	-1.52143085337	0.900151088543	-0.273207948837	0.893238097957	-0.378340937301
	 Inner loop 2	378.325879397	0.0761502527823	-0.00109605347678	-1.52150063591	0.90022811888	-0.273200740055	0.893377203603	-0.378407312498
	 Inner loop 2	378.325879397	0.0760986431077	-2.80813961639e-07	-1.52199740935	0.900777402642	-0.273149306278	0.894369032176	-0.378880570189
	 Inner loop 2	378.325879397	0.0760986414827	-2.46303683893e-07	-1.52199742497	0.900777419931	-0.273149304659	0.894369063391	-0.378880585083
	 Inner loop 2	378.325879397	0.0760986298853	-1.84297022088e-14	-1.5219975364	0.900777543322	-0.273149293099	0.894369286176	-0.378880691386
	 Inner loop 2	378.325879397	0.0760986298853	-1.65423230669e-14	-1.5219975364	0.900777543322	-0.273149293099	0.894369286176	-0.378880691386
Outer loop 	136	0.0760986298853	-0.378880691386
	 Inner loop 2	378.878643216	0.0746830725997	-0.000630677556109	-1.56051004336	0.91385559568	-0.271909363343	0.917933133465	-0.390124340001
	 Inner loop 2	378.878643216	0.0746794573934	-0.000554358781178	-1.56054324041	0.913893438306	-0.271905733074	0.918001176401	-0.390156807147
	 Inner loop 2	378.878643216	0.0746532047165	-6.06235281975e-08	-1.56078405593	0.914168191614	-0.271879368509	0.918495172203	-0.390392520575
	 Inner loop 2	378.878643216	0.0746532043691	-5.32870728653e-08	-1.56078405911	0.914168195249	-0.27187936816	0.918495178739	-0.390392523693
	 Inner loop 2	378.878643216	0.0746532018456	1.73194791842e-14	-1.56078408224	0.914168221655	-0.271879365626	0.918495226212	-0.390392546346
	 Inner loop 2	378.878643216	0.0746532018456	1.37667655054e-14	-1.56078408224	0.914168221655	-0.271879365626	0.918495226212	-0.390392546346
Outer loop 	137	0.0746532018456	-0.390392546345
	 Inner loop 2	379.431407035	0.073200808708	-0.00108027646155	-1.59955909394	0.927370631451	-0.27059749028	0.941705676306	-0.401694949642
	 Inner loop 2	379.431407035	0.0731946421858	-0.000956472094715	-1.59961267865	0.927433812116	-0.270591285576	0.941813680016	-0.401748924657
	 Inner loop 2	379.431407035	0.073147024105	-1.26664646105e-07	-1.60002567477	0.927921548281	-0.270543364718	0.94264736454	-0.402165559744
	 Inner loop 2	379.431407035	0.0731470233823	-1.12145667641e-07	-1.60002568103	0.927921555682	-0.27054336399	0.942647377188	-0.402165566065
	 Inner loop 2	379.431407035	0.0731470178	6.77236045021e-15	-1.60002572936	0.927921612844	-0.270543358372	0.942647474887	-0.40216561489
	 Inner loop 2	379.431407035	0.0731470178	4.32986979604e-15	-1.60002572936	0.927921612844	-0.270543358372	0.942647474887	-0.40216561489
Outer loop 	138	0.0731470178	-0.40216561489
	 Inner loop 2	379.984170854	0.071633502228	-0.0011501853721	-1.63921403428	0.941482762609	-0.269195201115	0.965776287414	-0.413724273506
	 Inner loop 2	379.984170854	0.0716270016788	-0.00101987664722	-1.63926744771	0.94154832144	-0.269188610342	0.96588785996	-0.413780032053
	 Inner loop 2	379.984170854	0.0715761486361	-1.08402632315e-07	-1.63968442739	0.94206102567	-0.269137042884	0.966760336201	-0.414216053358
	 Inner loop 2	379.984170854	0.0715761480237	-9.61184110082e-08	-1.6396844324	0.942061031843	-0.269137042263	0.966760346704	-0.414216058606
	 Inner loop 2	379.984170854	0.0715761432321	-8.881784197e-15	-1.63968447162	0.942061080139	-0.269137037403	0.966760428884	-0.414216099676
	 Inner loop 2	379.984170854	0.0715761432321	-6.10622663544e-15	-1.63968447162	0.942061080139	-0.269137037403	0.966760428884	-0.414216099676
Outer loop 	139	0.0715761432321	-0.414216099676
	 Inner loop 2	380.536934673	0.0700019778818	-0.000522100562284	-1.67924123109	0.956003959662	-0.267718349784	0.990433520653	-0.426046762657
	 Inner loop 2	380.536934673	0.0699990563815	-0.000463522831135	-1.67926379602	0.956032970027	-0.267715365388	0.990482668555	-0.426071324394
	 Inner loop 2	380.536934673	0.0699759434384	-1.52325340119e-08	-1.67944214082	0.956262450921	-0.267691753162	0.990871427828	-0.426265607422
	 Inner loop 2	380.536934673	0.0699759433531	-1.35232891552e-08	-1.67944214148	0.956262451767	-0.267691753075	0.990871429262	-0.426265608138
	 Inner loop 2	380.536934673	0.0699759426789	1.14352971536e-14	-1.67944214667	0.95626245846	-0.267691752386	0.990871440601	-0.426265613805
	 Inner loop 2	380.536934673	0.0699759426789	1.26565424807e-14	-1.67944214667	0.95626245846	-0.267691752386	0.990871440601	-0.426265613805
Outer loop 	140	0.0699759426789	-0.426265613805
	 Inner loop 2	381.089698492	0.0683703469902	-0.00086501359095	-1.71907377775	0.970271841714	-0.266234452203	1.01417137465	-0.438099890163
	 Inner loop 2	381.089698492	0.0683655427172	-0.000770307405394	-1.71910851227	0.970318762725	-0.2662295194	1.01424896154	-0.438139439337
	 Inner loop 2	381.089698492	0.0683264793067	-1.65416120801e-08	-1.71939045752	0.970700198825	-0.266189406272	1.01487964843	-0.438460925932
	 Inner loop 2	381.089698492	0.0683264792148	-1.47300860398e-08	-1.71939045819	0.970700199721	-0.266189406178	1.01487964991	-0.438460926687
	 Inner loop 2	381.089698492	0.0683264784681	-2.88657986403e-15	-1.71939046357	0.970700207012	-0.266189405411	1.01487966197	-0.438460932832
	 Inner loop 2	381.089698492	0.0683264784681	-2.88657986403e-15	-1.71939046357	0.970700207012	-0.266189405411	1.01487966197	-0.438460932832
Outer loop 	141	0.0683264784681	-0.438460932832
	 Inner loop 2	381.642462312	0.0666738227576	-0.000517010398751	-1.75916850154	0.984945883076	-0.264675107994	1.03838071605	-0.450440369793
	 Inner loop 2	381.642462312	0.0666709786534	-0.000460743066134	-1.75918763594	0.984973267616	-0.264672166934	1.03842579219	-0.45046334692
	 Inner loop 2	381.642462312	0.0666476941548	6.14816642042e-10	-1.75934412124	0.98519743763	-0.264648087082	1.03879477131	-0.450651430489
	 Inner loop 2	381.642462312	0.0666476941582	5.47894618563e-10	-1.75934412122	0.985197437598	-0.264648087086	1.03879477126	-0.450651430461
Outer loop 	142	0.0666476941859	-0.450651430238
	 Inner loop 2	382.195226131	0.0649653222427	-0.000586881686481	-1.79909561614	0.999507132601	-0.263095174936	1.06209677678	-0.462630602722
	 Inner loop 2	382.195226131	0.0649621110779	-0.000525304487364	-1.79911553417	0.999537520056	-0.263091844381	1.062144554	-0.462655984833
	 Inner loop 2	382.195226131	0.0649347229046	1.59612154604e-08	-1.7992851921	0.999796664151	-0.263063435804	1.06255197972	-0.462872433697
	 Inner loop 2	382.195226131	0.0649347229919	1.42861171781e-08	-1.79928519156	0.999796663324	-0.263063435895	1.06255197842	-0.462872433007
	 Inner loop 2	382.195226131	0.0649347237366	-7.54951656745e-15	-1.79928518695	0.999796656279	-0.263063436667	1.06255196734	-0.462872427123
	 Inner loop 2	382.195226131	0.0649347237366	-5.99520433298e-15	-1.79928518695	0.999796656279	-0.263063436667	1.06255196734	-0.462872427123
Outer loop 	143	0.0649347237366	-0.462872427123
