	 0.68174	 -0.52165	 0.90299	 0.87267	 0.69581	 -0.45937	 0.81872	 -0.57192	 -0.44904
	 0.68174	 -0.52165	 0.90299	 0.87267	 0.69581	 -0.45937	 0.81872	 -0.57192	 -0.44904
	 0.68174	 -0.52165	 0.90299	 0.87267	 0.69581	 -0.45937	 0.81872	 -0.57192	 -0.44904
	 0.68174	 -0.52165	 0.90299	 0.87267	 0.69581	 -0.45937	 0.81872	 -0.57192	 -0.44904
	 0.68174	 -0.52165	 0.90299	 0.87267	 0.69581	 -0.45937	 0.81872	 -0.57192	 -0.44904
	 0.68174	 -0.52165	 0.90299	 0.87267	 0.69581	 -0.45937	 0.81872	 -0.57192	 -0.44904
	 0.68174	 -0.52165	 0.90299	 0.87267	 0.69581	 -0.45937	 0.81872	 -0.57192	 -0.44904
	 0.68174	 -0.52165	 0.90299	 0.87267	 0.69581	 -0.45937	 0.81872	 -0.57192	 -0.44904
	 0.68174	 -0.52165	 0.90299	 0.87267	 0.69581	 -0.45937	 0.81872	 -0.57192	 -0.44904
	 0.37500	 -0.47079	 0.99500	 0.89205	 0.74500	 -0.65125	 0.75500	 -0.67822	 0.00000
	 0.37500	 -0.47079	 0.99500	 0.89205	 0.74500	 -0.65125	 0.75500	 -0.67822	 0.00000
	 0.37500	 -0.47079	 0.99500	 0.89205	 0.74500	 -0.65125	 0.75500	 -0.67822	 0.00000
	 0.37500	 -0.47079	 0.99500	 0.89205	 0.74500	 -0.65125	 0.75500	 -0.67822	 0.00000
	 0.37500	 -0.47079	 0.99500	 0.89205	 0.74500	 -0.65125	 0.75500	 -0.67822	 0.00000
	 0.37500	 -0.47079	 0.99500	 0.89205	 0.74500	 -0.65125	 0.75500	 -0.67822	 0.00000
	 0.37500	 -0.47079	 0.99500	 0.89205	 0.74500	 -0.65125	 0.75500	 -0.67822	 0.00000
	 0.37500	 -0.47079	 0.99500	 0.89205	 0.74500	 -0.65125	 0.75500	 -0.67822	 0.00000
	 0.37500	 -0.47079	 0.99500	 0.89205	 0.74500	 -0.65125	 0.75500	 -0.67822	 0.00000
	 0.61236	 -0.51014	 0.92380	 0.87706	 0.70694	 -0.50278	 0.80430	 -0.59597	 0.00000
	 0.61236	 -0.51014	 0.92380	 0.87706	 0.70694	 -0.50278	 0.80430	 -0.59597	 0.00000
	 0.61236	 -0.51014	 0.92380	 0.87706	 0.70694	 -0.50278	 0.80430	 -0.59597	 0.00000
	 0.61236	 -0.51014	 0.92380	 0.87706	 0.70694	 -0.50278	 0.80430	 -0.59597	 0.00000
	 0.61236	 -0.51014	 0.92380	 0.87706	 0.70694	 -0.50278	 0.80430	 -0.59597	 0.00000
	 0.61236	 -0.51014	 0.92380	 0.87706	 0.70694	 -0.50278	 0.80430	 -0.59597	 0.00000
	 0.61236	 -0.51014	 0.92380	 0.87706	 0.70694	 -0.50278	 0.80430	 -0.59597	 0.00000
	 0.61236	 -0.51014	 0.92380	 0.87706	 0.70694	 -0.50278	 0.80430	 -0.59597	 0.00000
	 0.61236	 -0.51014	 0.92380	 0.87706	 0.70694	 -0.50278	 0.80430	 -0.59597	 0.00000
	 0.67427	 -0.52041	 0.90523	 0.87315	 0.69701	 -0.46405	 0.81716	 -0.57451	 0.00000
	 0.67427	 -0.52041	 0.90523	 0.87315	 0.69701	 -0.46405	 0.81716	 -0.57451	 0.00000
	 0.67427	 -0.52041	 0.90523	 0.87315	 0.69701	 -0.46405	 0.81716	 -0.57451	 0.00000
	 0.67427	 -0.52041	 0.90523	 0.87315	 0.69701	 -0.46405	 0.81716	 -0.57451	 0.00000
	 0.67427	 -0.52041	 0.90523	 0.87315	 0.69701	 -0.46405	 0.81716	 -0.57451	 0.00000
	 0.67427	 -0.52041	 0.90523	 0.87315	 0.69701	 -0.46405	 0.81716	 -0.57451	 0.00000
	 0.67427	 -0.52041	 0.90523	 0.87315	 0.69701	 -0.46405	 0.81716	 -0.57451	 0.00000
	 0.67427	 -0.52041	 0.90523	 0.87315	 0.69701	 -0.46405	 0.81716	 -0.57451	 0.00000
	 0.67427	 -0.52041	 0.90523	 0.87315	 0.69701	 -0.46405	 0.81716	 -0.57451	 0.00000
	 0.68162	 -0.52163	 0.90303	 0.87268	 0.69583	 -0.45945	 0.81869	 -0.57197	 -0.44980
	 0.68162	 -0.52163	 0.90303	 0.87268	 0.69583	 -0.45945	 0.81869	 -0.57197	 -0.44980
	 0.68162	 -0.52163	 0.90303	 0.87268	 0.69583	 -0.45945	 0.81869	 -0.57197	 -0.44980
	 0.68162	 -0.52163	 0.90303	 0.87268	 0.69583	 -0.45945	 0.81869	 -0.57197	 -0.44980
	 0.68162	 -0.52163	 0.90303	 0.87268	 0.69583	 -0.45945	 0.81869	 -0.57197	 -0.44980
	 0.68162	 -0.52163	 0.90303	 0.87268	 0.69583	 -0.45945	 0.81869	 -0.57197	 -0.44980
	 0.68162	 -0.52163	 0.90303	 0.87268	 0.69583	 -0.45945	 0.81869	 -0.57197	 -0.44980
	 0.68162	 -0.52163	 0.90303	 0.87268	 0.69583	 -0.45945	 0.81869	 -0.57197	 -0.44980
	 0.68162	 -0.52163	 0.90303	 0.87268	 0.69583	 -0.45945	 0.81869	 -0.57197	 -0.44980
	 0.67677	 -0.52082	 0.90448	 0.87299	 0.69661	 -0.46249	 0.81768	 -0.57365	 0.00000
	 0.67677	 -0.52082	 0.90448	 0.87299	 0.69661	 -0.46249	 0.81768	 -0.57365	 0.00000
	 0.67677	 -0.52082	 0.90448	 0.87299	 0.69661	 -0.46249	 0.81768	 -0.57365	 0.00000
	 0.67677	 -0.52082	 0.90448	 0.87299	 0.69661	 -0.46249	 0.81768	 -0.57365	 0.00000
	 0.67677	 -0.52082	 0.90448	 0.87299	 0.69661	 -0.46249	 0.81768	 -0.57365	 0.00000
	 0.67677	 -0.52082	 0.90448	 0.87299	 0.69661	 -0.46249	 0.81768	 -0.57365	 0.00000
	 0.67677	 -0.52082	 0.90448	 0.87299	 0.69661	 -0.46249	 0.81768	 -0.57365	 0.00000
	 0.67677	 -0.52082	 0.90448	 0.87299	 0.69661	 -0.46249	 0.81768	 -0.57365	 0.00000
	 0.67677	 -0.52082	 0.90448	 0.87299	 0.69661	 -0.46249	 0.81768	 -0.57365	 0.00000
	 0.68157	 -0.52162	 0.90304	 0.87268	 0.69584	 -0.45948	 0.81868	 -0.57198	 -0.45012
	 0.68157	 -0.52162	 0.90304	 0.87268	 0.69584	 -0.45948	 0.81868	 -0.57198	 -0.45012
	 0.68157	 -0.52162	 0.90304	 0.87268	 0.69584	 -0.45948	 0.81868	 -0.57198	 -0.45012
	 0.68157	 -0.52162	 0.90304	 0.87268	 0.69584	 -0.45948	 0.81868	 -0.57198	 -0.45012
	 0.68157	 -0.52162	 0.90304	 0.87268	 0.69584	 -0.45948	 0.81868	 -0.57198	 -0.45012
	 0.68157	 -0.52162	 0.90304	 0.87268	 0.69584	 -0.45948	 0.81868	 -0.57198	 -0.45012
	 0.68157	 -0.52162	 0.90304	 0.87268	 0.69584	 -0.45948	 0.81868	 -0.57198	 -0.45012
	 0.68157	 -0.52162	 0.90304	 0.87268	 0.69584	 -0.45948	 0.81868	 -0.57198	 -0.45012
	 0.68157	 -0.52162	 0.90304	 0.87268	 0.69584	 -0.45948	 0.81868	 -0.57198	 -0.45012
	 0.67840	 -0.52109	 0.90399	 0.87288	 0.69635	 -0.46147	 0.81802	 -0.57308	 0.00000
	 0.67840	 -0.52109	 0.90399	 0.87288	 0.69635	 -0.46147	 0.81802	 -0.57308	 0.00000
	 0.67840	 -0.52109	 0.90399	 0.87288	 0.69635	 -0.46147	 0.81802	 -0.57308	 0.00000
	 0.67840	 -0.52109	 0.90399	 0.87288	 0.69635	 -0.46147	 0.81802	 -0.57308	 0.00000
	 0.67840	 -0.52109	 0.90399	 0.87288	 0.69635	 -0.46147	 0.81802	 -0.57308	 0.00000
	 0.67840	 -0.52109	 0.90399	 0.87288	 0.69635	 -0.46147	 0.81802	 -0.57308	 0.00000
	 0.67840	 -0.52109	 0.90399	 0.87288	 0.69635	 -0.46147	 0.81802	 -0.57308	 0.00000
	 0.67840	 -0.52109	 0.90399	 0.87288	 0.69635	 -0.46147	 0.81802	 -0.57308	 0.00000
	 0.67840	 -0.52109	 0.90399	 0.87288	 0.69635	 -0.46147	 0.81802	 -0.57308	 0.00000
	 0.68155	 -0.52161	 0.90305	 0.87269	 0.69584	 -0.45950	 0.81868	 -0.57199	 -0.45026
	 0.68155	 -0.52161	 0.90305	 0.87269	 0.69584	 -0.45950	 0.81868	 -0.57199	 -0.45026
	 0.68155	 -0.52161	 0.90305	 0.87269	 0.69584	 -0.45950	 0.81868	 -0.57199	 -0.45026
	 0.68155	 -0.52161	 0.90305	 0.87269	 0.69584	 -0.45950	 0.81868	 -0.57199	 -0.45026
	 0.68155	 -0.52161	 0.90305	 0.87269	 0.69584	 -0.45950	 0.81868	 -0.57199	 -0.45026
	 0.68155	 -0.52161	 0.90305	 0.87269	 0.69584	 -0.45950	 0.81868	 -0.57199	 -0.45026
	 0.68155	 -0.52161	 0.90305	 0.87269	 0.69584	 -0.45950	 0.81868	 -0.57199	 -0.45026
	 0.68155	 -0.52161	 0.90305	 0.87269	 0.69584	 -0.45950	 0.81868	 -0.57199	 -0.45026
	 0.68155	 -0.52161	 0.90305	 0.87269	 0.69584	 -0.45950	 0.81868	 -0.57199	 -0.45026
	 0.67947	 -0.52127	 0.90367	 0.87282	 0.69618	 -0.46080	 0.81824	 -0.57271	 0.00000
	 0.67947	 -0.52127	 0.90367	 0.87282	 0.69618	 -0.46080	 0.81824	 -0.57271	 0.00000
	 0.67947	 -0.52127	 0.90367	 0.87282	 0.69618	 -0.46080	 0.81824	 -0.57271	 0.00000
	 0.67947	 -0.52127	 0.90367	 0.87282	 0.69618	 -0.46080	 0.81824	 -0.57271	 0.00000
	 0.67947	 -0.52127	 0.90367	 0.87282	 0.69618	 -0.46080	 0.81824	 -0.57271	 0.00000
	 0.67947	 -0.52127	 0.90367	 0.87282	 0.69618	 -0.46080	 0.81824	 -0.57271	 0.00000
	 0.67947	 -0.52127	 0.90367	 0.87282	 0.69618	 -0.46080	 0.81824	 -0.57271	 0.00000
	 0.67947	 -0.52127	 0.90367	 0.87282	 0.69618	 -0.46080	 0.81824	 -0.57271	 0.00000
	 0.67947	 -0.52127	 0.90367	 0.87282	 0.69618	 -0.46080	 0.81824	 -0.57271	 0.00000
	 0.68154	 -0.52161	 0.90305	 0.87269	 0.69584	 -0.45950	 0.81867	 -0.57200	 -0.45032
	 0.68154	 -0.52161	 0.90305	 0.87269	 0.69584	 -0.45950	 0.81867	 -0.57200	 -0.45032
	 0.68154	 -0.52161	 0.90305	 0.87269	 0.69584	 -0.45950	 0.81867	 -0.57200	 -0.45032
	 0.68154	 -0.52161	 0.90305	 0.87269	 0.69584	 -0.45950	 0.81867	 -0.57200	 -0.45032
	 0.68154	 -0.52161	 0.90305	 0.87269	 0.69584	 -0.45950	 0.81867	 -0.57200	 -0.45032
	 0.68154	 -0.52161	 0.90305	 0.87269	 0.69584	 -0.45950	 0.81867	 -0.57200	 -0.45032
	 0.68154	 -0.52161	 0.90305	 0.87269	 0.69584	 -0.45950	 0.81867	 -0.57200	 -0.45032
	 0.68154	 -0.52161	 0.90305	 0.87269	 0.69584	 -0.45950	 0.81867	 -0.57200	 -0.45032
	 0.68154	 -0.52161	 0.90305	 0.87269	 0.69584	 -0.45950	 0.81867	 -0.57200	 -0.45032
	 0.68017	 -0.52139	 0.90346	 0.87277	 0.69606	 -0.46036	 0.81839	 -0.57247	 0.00000
	 0.68017	 -0.52139	 0.90346	 0.87277	 0.69606	 -0.46036	 0.81839	 -0.57247	 0.00000
	 0.68017	 -0.52139	 0.90346	 0.87277	 0.69606	 -0.46036	 0.81839	 -0.57247	 0.00000
	 0.68017	 -0.52139	 0.90346	 0.87277	 0.69606	 -0.46036	 0.81839	 -0.57247	 0.00000
	 0.68017	 -0.52139	 0.90346	 0.87277	 0.69606	 -0.46036	 0.81839	 -0.57247	 0.00000
	 0.68017	 -0.52139	 0.90346	 0.87277	 0.69606	 -0.46036	 0.81839	 -0.57247	 0.00000
	 0.68017	 -0.52139	 0.90346	 0.87277	 0.69606	 -0.46036	 0.81839	 -0.57247	 0.00000
	 0.68017	 -0.52139	 0.90346	 0.87277	 0.69606	 -0.46036	 0.81839	 -0.57247	 0.00000
	 0.68017	 -0.52139	 0.90346	 0.87277	 0.69606	 -0.46036	 0.81839	 -0.57247	 0.00000
	 0.68153	 -0.52161	 0.90305	 0.87269	 0.69584	 -0.45951	 0.81867	 -0.57200	 -0.45034
	 0.68153	 -0.52161	 0.90305	 0.87269	 0.69584	 -0.45951	 0.81867	 -0.57200	 -0.45034
	 0.68153	 -0.52161	 0.90305	 0.87269	 0.69584	 -0.45951	 0.81867	 -0.57200	 -0.45034
	 0.68153	 -0.52161	 0.90305	 0.87269	 0.69584	 -0.45951	 0.81867	 -0.57200	 -0.45034
	 0.68153	 -0.52161	 0.90305	 0.87269	 0.69584	 -0.45951	 0.81867	 -0.57200	 -0.45034
	 0.68153	 -0.52161	 0.90305	 0.87269	 0.69584	 -0.45951	 0.81867	 -0.57200	 -0.45034
	 0.68153	 -0.52161	 0.90305	 0.87269	 0.69584	 -0.45951	 0.81867	 -0.57200	 -0.45034
	 0.68153	 -0.52161	 0.90305	 0.87269	 0.69584	 -0.45951	 0.81867	 -0.57200	 -0.45034
	 0.68153	 -0.52161	 0.90305	 0.87269	 0.69584	 -0.45951	 0.81867	 -0.57200	 -0.45034
	 0.68064	 -0.52146	 0.90332	 0.87274	 0.69599	 -0.46007	 0.81849	 -0.57231	 0.00000
	 0.68064	 -0.52146	 0.90332	 0.87274	 0.69599	 -0.46007	 0.81849	 -0.57231	 0.00000
	 0.68064	 -0.52146	 0.90332	 0.87274	 0.69599	 -0.46007	 0.81849	 -0.57231	 0.00000
	 0.68064	 -0.52146	 0.90332	 0.87274	 0.69599	 -0.46007	 0.81849	 -0.57231	 0.00000
	 0.68064	 -0.52146	 0.90332	 0.87274	 0.69599	 -0.46007	 0.81849	 -0.57231	 0.00000
	 0.68064	 -0.52146	 0.90332	 0.87274	 0.69599	 -0.46007	 0.81849	 -0.57231	 0.00000
	 0.68064	 -0.52146	 0.90332	 0.87274	 0.69599	 -0.46007	 0.81849	 -0.57231	 0.00000
	 0.68064	 -0.52146	 0.90332	 0.87274	 0.69599	 -0.46007	 0.81849	 -0.57231	 0.00000
	 0.68064	 -0.52146	 0.90332	 0.87274	 0.69599	 -0.46007	 0.81849	 -0.57231	 0.00000
	 0.68153	 -0.52161	 0.90305	 0.87269	 0.69585	 -0.45951	 0.81867	 -0.57200	 -0.45036
	 0.68153	 -0.52161	 0.90305	 0.87269	 0.69585	 -0.45951	 0.81867	 -0.57200	 -0.45036
	 0.68153	 -0.52161	 0.90305	 0.87269	 0.69585	 -0.45951	 0.81867	 -0.57200	 -0.45036
	 0.68153	 -0.52161	 0.90305	 0.87269	 0.69585	 -0.45951	 0.81867	 -0.57200	 -0.45036
	 0.68153	 -0.52161	 0.90305	 0.87269	 0.69585	 -0.45951	 0.81867	 -0.57200	 -0.45036
	 0.68153	 -0.52161	 0.90305	 0.87269	 0.69585	 -0.45951	 0.81867	 -0.57200	 -0.45036
	 0.68153	 -0.52161	 0.90305	 0.87269	 0.69585	 -0.45951	 0.81867	 -0.57200	 -0.45036
	 0.68153	 -0.52161	 0.90305	 0.87269	 0.69585	 -0.45951	 0.81867	 -0.57200	 -0.45036
	 0.68153	 -0.52161	 0.90305	 0.87269	 0.69585	 -0.45951	 0.81867	 -0.57200	 -0.45036
	 0.68094	 -0.52151	 0.90323	 0.87272	 0.69594	 -0.45988	 0.81855	 -0.57220	 -0.44178
	 0.68094	 -0.52151	 0.90323	 0.87272	 0.69594	 -0.45988	 0.81855	 -0.57220	 -0.44178
	 0.68094	 -0.52151	 0.90323	 0.87272	 0.69594	 -0.45988	 0.81855	 -0.57220	 -0.44178
	 0.68094	 -0.52151	 0.90323	 0.87272	 0.69594	 -0.45988	 0.81855	 -0.57220	 -0.44178
	 0.68094	 -0.52151	 0.90323	 0.87272	 0.69594	 -0.45988	 0.81855	 -0.57220	 -0.44178
	 0.68094	 -0.52151	 0.90323	 0.87272	 0.69594	 -0.45988	 0.81855	 -0.57220	 -0.44178
	 0.68094	 -0.52151	 0.90323	 0.87272	 0.69594	 -0.45988	 0.81855	 -0.57220	 -0.44178
	 0.68094	 -0.52151	 0.90323	 0.87272	 0.69594	 -0.45988	 0.81855	 -0.57220	 -0.44178
	 0.68094	 -0.52151	 0.90323	 0.87272	 0.69594	 -0.45988	 0.81855	 -0.57220	 -0.44178
	 0.68150	 -0.52161	 0.90306	 0.87269	 0.69585	 -0.45953	 0.81867	 -0.57201	 -0.45055
	 0.68150	 -0.52161	 0.90306	 0.87269	 0.69585	 -0.45953	 0.81867	 -0.57201	 -0.45055
	 0.68150	 -0.52161	 0.90306	 0.87269	 0.69585	 -0.45953	 0.81867	 -0.57201	 -0.45055
	 0.68150	 -0.52161	 0.90306	 0.87269	 0.69585	 -0.45953	 0.81867	 -0.57201	 -0.45055
	 0.68150	 -0.52161	 0.90306	 0.87269	 0.69585	 -0.45953	 0.81867	 -0.57201	 -0.45055
	 0.68150	 -0.52161	 0.90306	 0.87269	 0.69585	 -0.45953	 0.81867	 -0.57201	 -0.45055
	 0.68150	 -0.52161	 0.90306	 0.87269	 0.69585	 -0.45953	 0.81867	 -0.57201	 -0.45055
	 0.68150	 -0.52161	 0.90306	 0.87269	 0.69585	 -0.45953	 0.81867	 -0.57201	 -0.45055
	 0.68150	 -0.52161	 0.90306	 0.87269	 0.69585	 -0.45953	 0.81867	 -0.57201	 -0.45055
	 0.68113	 -0.52155	 0.90317	 0.87271	 0.69591	 -0.45976	 0.81859	 -0.57214	 -0.44062
	 0.68113	 -0.52155	 0.90317	 0.87271	 0.69591	 -0.45976	 0.81859	 -0.57214	 -0.44061
	 0.68113	 -0.52155	 0.90317	 0.87271	 0.69591	 -0.45976	 0.81859	 -0.57214	 -0.44062
	 0.68113	 -0.52155	 0.90317	 0.87271	 0.69591	 -0.45976	 0.81859	 -0.57214	 -0.44062
	 0.68113	 -0.52155	 0.90317	 0.87271	 0.69591	 -0.45976	 0.81859	 -0.57214	 -0.44062
	 0.68113	 -0.52155	 0.90317	 0.87271	 0.69591	 -0.45976	 0.81859	 -0.57214	 -0.44062
	 0.68113	 -0.52155	 0.90317	 0.87271	 0.69591	 -0.45976	 0.81859	 -0.57214	 -0.44062
	 0.68113	 -0.52155	 0.90317	 0.87271	 0.69591	 -0.45976	 0.81859	 -0.57214	 -0.44061
	 0.68113	 -0.52155	 0.90317	 0.87271	 0.69591	 -0.45976	 0.81859	 -0.57214	 -0.44062
	 0.68149	 -0.52161	 0.90307	 0.87269	 0.69585	 -0.45953	 0.81866	 -0.57201	 -0.45062
	 0.68149	 -0.52161	 0.90307	 0.87269	 0.69585	 -0.45953	 0.81866	 -0.57201	 -0.45062
	 0.68149	 -0.52161	 0.90307	 0.87269	 0.69585	 -0.45953	 0.81866	 -0.57201	 -0.45062
	 0.68149	 -0.52161	 0.90307	 0.87269	 0.69585	 -0.45953	 0.81866	 -0.57201	 -0.45062
	 0.68149	 -0.52161	 0.90307	 0.87269	 0.69585	 -0.45953	 0.81866	 -0.57201	 -0.45062
	 0.68149	 -0.52161	 0.90307	 0.87269	 0.69585	 -0.45953	 0.81866	 -0.57201	 -0.45062
	 0.68149	 -0.52161	 0.90307	 0.87269	 0.69585	 -0.45953	 0.81866	 -0.57201	 -0.45062
	 0.68149	 -0.52161	 0.90307	 0.87269	 0.69585	 -0.45953	 0.81866	 -0.57201	 -0.45062
	 0.68149	 -0.52161	 0.90307	 0.87269	 0.69585	 -0.45953	 0.81866	 -0.57201	 -0.45062
	 0.68125	 -0.52157	 0.90314	 0.87270	 0.69589	 -0.45968	 0.81861	 -0.57209	 -0.43987
	 0.68125	 -0.52157	 0.90314	 0.87270	 0.69589	 -0.45968	 0.81861	 -0.57209	 -0.43987
	 0.68125	 -0.52157	 0.90314	 0.87270	 0.69589	 -0.45968	 0.81861	 -0.57209	 -0.43987
	 0.68125	 -0.52157	 0.90314	 0.87270	 0.69589	 -0.45968	 0.81861	 -0.57209	 -0.43987
	 0.68125	 -0.52157	 0.90314	 0.87270	 0.69589	 -0.45968	 0.81861	 -0.57209	 -0.43987
	 0.68125	 -0.52157	 0.90314	 0.87270	 0.69589	 -0.45968	 0.81861	 -0.57209	 -0.43987
	 0.68125	 -0.52157	 0.90314	 0.87270	 0.69589	 -0.45968	 0.81861	 -0.57209	 -0.43987
	 0.68125	 -0.52157	 0.90314	 0.87270	 0.69589	 -0.45968	 0.81861	 -0.57209	 -0.43987
	 0.68125	 -0.52157	 0.90314	 0.87270	 0.69589	 -0.45968	 0.81861	 -0.57209	 -0.43987
	 0.68148	 -0.52160	 0.90307	 0.87269	 0.69585	 -0.45954	 0.81866	 -0.57201	 -0.45065
	 0.68148	 -0.52160	 0.90307	 0.87269	 0.69585	 -0.45954	 0.81866	 -0.57201	 -0.45065
	 0.68148	 -0.52160	 0.90307	 0.87269	 0.69585	 -0.45954	 0.81866	 -0.57201	 -0.45065
	 0.68148	 -0.52160	 0.90307	 0.87269	 0.69585	 -0.45954	 0.81866	 -0.57201	 -0.45065
	 0.68148	 -0.52160	 0.90307	 0.87269	 0.69585	 -0.45954	 0.81866	 -0.57201	 -0.45065
	 0.68148	 -0.52160	 0.90307	 0.87269	 0.69585	 -0.45954	 0.81866	 -0.57201	 -0.45065
	 0.68148	 -0.52160	 0.90307	 0.87269	 0.69585	 -0.45954	 0.81866	 -0.57201	 -0.45065
	 0.68148	 -0.52160	 0.90307	 0.87269	 0.69585	 -0.45954	 0.81866	 -0.57201	 -0.45065
	 0.68148	 -0.52160	 0.90307	 0.87269	 0.69585	 -0.45954	 0.81866	 -0.57201	 -0.45065
