	 Inner loop 	221.005025126	0.0534667495467	-3.11830097334e-16	-0.975726423917	1.26962623636	-0.294	0.00010018756115	0.0
	 Inner loop 	221.005025126	0.0534667495467	-3.11830097334e-16	-0.975726423917	1.26962623636	-0.294	0.00010018756115	0.0
Outer loop 	1	0.0534667495467	0.0
	 Inner loop 	222.010050251	0.0534667495467	-3.11830097334e-16	-0.975726423917	1.26962623636	-0.294	0.00010018756115	0.0
	 Inner loop 	222.010050251	0.0534667495467	-3.11830097334e-16	-0.975726423917	1.26962623636	-0.294	0.00010018756115	0.0
Outer loop 	2	0.0534667495467	0.0
	 Inner loop 	223.015075377	0.0534667495467	-3.11830097334e-16	-0.975726423917	1.26962623636	-0.294	0.00010018756115	0.0
	 Inner loop 	223.015075377	0.0534667495467	-3.11830097334e-16	-0.975726423917	1.26962623636	-0.294	0.00010018756115	0.0
Outer loop 	3	0.0534667495467	0.0
	 Inner loop 	224.020100503	0.0534667495467	-3.11830097334e-16	-0.975726423917	1.26962623636	-0.294	0.00010018756115	0.0
	 Inner loop 	224.020100503	0.0534667495467	-3.11830097334e-16	-0.975726423917	1.26962623636	-0.294	0.00010018756115	0.0
Outer loop 	4	0.0534667495467	0.0
	 Inner loop 	225.025125628	0.0534667495467	-3.11830097334e-16	-0.975726423917	1.26962623636	-0.294	0.00010018756115	0.0
	 Inner loop 	225.025125628	0.0534667495467	-3.11830097334e-16	-0.975726423917	1.26962623636	-0.294	0.00010018756115	0.0
Outer loop 	5	0.0534667495467	0.0
	 Inner loop 	226.030150754	0.0534667495467	-3.11830097334e-16	-0.975726423917	1.26962623636	-0.294	0.00010018756115	0.0
	 Inner loop 	226.030150754	0.0534667495467	-3.11830097334e-16	-0.975726423917	1.26962623636	-0.294	0.00010018756115	0.0
Outer loop 	6	0.0534667495467	0.0
	 Inner loop 	227.035175879	0.0534667495467	-3.11830097334e-16	-0.975726423917	1.26962623636	-0.294	0.00010018756115	0.0
	 Inner loop 	227.035175879	0.0534667495467	-3.11830097334e-16	-0.975726423917	1.26962623636	-0.294	0.00010018756115	0.0
Outer loop 	7	0.0534667495467	0.0
	 Inner loop 	228.040201005	0.0534667495467	-3.11830097334e-16	-0.975726423917	1.26962623636	-0.294	0.00010018756115	0.0
	 Inner loop 	228.040201005	0.0534667495467	-3.11830097334e-16	-0.975726423917	1.26962623636	-0.294	0.00010018756115	0.0
Outer loop 	8	0.0534667495467	0.0
	 Inner loop 	229.045226131	0.0534667495467	-3.11830097334e-16	-0.975726423917	1.26962623636	-0.294	0.00010018756115	0.0
	 Inner loop 	229.045226131	0.0534667495467	-3.11830097334e-16	-0.975726423917	1.26962623636	-0.294	0.00010018756115	0.0
Outer loop 	9	0.0534667495467	0.0
	 Inner loop 	230.050251256	0.0534667495467	-3.11830097334e-16	-0.975726423917	1.26962623636	-0.294	0.00010018756115	0.0
	 Inner loop 	230.050251256	0.0534667495467	-3.11830097334e-16	-0.975726423917	1.26962623636	-0.294	0.00010018756115	0.0
Outer loop 	10	0.0534667495467	0.0
	 Inner loop 	231.055276382	0.0534667495467	-3.11830097334e-16	-0.975726423917	1.26962623636	-0.294	0.00010018756115	0.0
	 Inner loop 	231.055276382	0.0534667495467	-3.11830097334e-16	-0.975726423917	1.26962623636	-0.294	0.00010018756115	0.0
Outer loop 	11	0.0534667495467	0.0
	 Inner loop 	232.060301508	0.0534667495467	-3.11830097334e-16	-0.975726423917	1.26962623636	-0.294	0.00010018756115	0.0
	 Inner loop 	232.060301508	0.0534667495467	-3.11830097334e-16	-0.975726423917	1.26962623636	-0.294	0.00010018756115	0.0
Outer loop 	12	0.0534667495467	0.0
	 Inner loop 	233.065326633	0.0534667495467	-3.11830097334e-16	-0.975726423917	1.26962623636	-0.294	0.00010018756115	0.0
	 Inner loop 	233.065326633	0.0534667495467	-3.11830097334e-16	-0.975726423917	1.26962623636	-0.294	0.00010018756115	0.0
Outer loop 	13	0.0534667495467	0.0
	 Inner loop 	234.070351759	0.0534667495467	-3.11830097334e-16	-0.975726423917	1.26962623636	-0.294	0.00010018756115	0.0
	 Inner loop 	234.070351759	0.0534667495467	-3.11830097334e-16	-0.975726423917	1.26962623636	-0.294	0.00010018756115	0.0
Outer loop 	14	0.0534667495467	0.0
	 Inner loop 	235.075376884	0.0534667495467	-3.11830097334e-16	-0.975726423917	1.26962623636	-0.294	0.00010018756115	0.0
	 Inner loop 	235.075376884	0.0534667495467	-3.11830097334e-16	-0.975726423917	1.26962623636	-0.294	0.00010018756115	0.0
Outer loop 	15	0.0534667495467	0.0
	 Inner loop 	236.08040201	0.0534667495467	-3.11830097334e-16	-0.975726423917	1.26962623636	-0.294	0.00010018756115	0.0
	 Inner loop 	236.08040201	0.0534667495467	-3.11830097334e-16	-0.975726423917	1.26962623636	-0.294	0.00010018756115	0.0
Outer loop 	16	0.0534667495467	0.0
	 Inner loop 	237.085427136	0.0534667495467	-3.11830097334e-16	-0.975726423917	1.26962623636	-0.294	0.00010018756115	0.0
	 Inner loop 	237.085427136	0.0534667495467	-3.11830097334e-16	-0.975726423917	1.26962623636	-0.294	0.00010018756115	0.0
Outer loop 	17	0.0534667495467	0.0
	 Inner loop 	238.090452261	0.0534667495467	-3.11830097334e-16	-0.975726423917	1.26962623636	-0.294	0.00010018756115	0.0
	 Inner loop 	238.090452261	0.0534667495467	-3.11830097334e-16	-0.975726423917	1.26962623636	-0.294	0.00010018756115	0.0
Outer loop 	18	0.0534667495467	0.0
	 Inner loop 	239.095477387	0.0534667495467	-3.11830097334e-16	-0.975726423917	1.26962623636	-0.294	0.00010018756115	0.0
	 Inner loop 	239.095477387	0.0534667495467	-3.11830097334e-16	-0.975726423917	1.26962623636	-0.294	0.00010018756115	0.0
Outer loop 	19	0.0534667495467	0.0
	 Inner loop 	240.100502513	0.0534667495467	-3.11830097334e-16	-0.975726423917	1.26962623636	-0.294	0.00010018756115	0.0
	 Inner loop 	240.100502513	0.0534667495467	-3.11830097334e-16	-0.975726423917	1.26962623636	-0.294	0.00010018756115	0.0
Outer loop 	20	0.0534667495467	0.0
	 Inner loop 	241.105527638	0.0534667495467	-3.11830097334e-16	-0.975726423917	1.26962623636	-0.294	0.00010018756115	0.0
	 Inner loop 	241.105527638	0.0534667495467	-3.11830097334e-16	-0.975726423917	1.26962623636	-0.294	0.00010018756115	0.0
Outer loop 	21	0.0534667495467	0.0
	 Inner loop 	242.110552764	0.0534667495467	-3.11830097334e-16	-0.975726423917	1.26962623636	-0.294	0.00010018756115	0.0
	 Inner loop 	242.110552764	0.0534667495467	-3.11830097334e-16	-0.975726423917	1.26962623636	-0.294	0.00010018756115	0.0
Outer loop 	22	0.0534667495467	0.0
	 Inner loop 	243.115577889	0.0534667495467	-3.11830097334e-16	-0.975726423917	1.26962623636	-0.294	0.00010018756115	0.0
	 Inner loop 	243.115577889	0.0534667495467	-3.11830097334e-16	-0.975726423917	1.26962623636	-0.294	0.00010018756115	0.0
Outer loop 	23	0.0534667495467	0.0
	 Inner loop 	244.120603015	0.0534667495467	-3.11830097334e-16	-0.975726423917	1.26962623636	-0.294	0.00010018756115	0.0
	 Inner loop 	244.120603015	0.0534667495467	-3.11830097334e-16	-0.975726423917	1.26962623636	-0.294	0.00010018756115	0.0
Outer loop 	24	0.0534667495467	0.0
	 Inner loop 	245.125628141	0.0534667495467	-3.11830097334e-16	-0.975726423917	1.26962623636	-0.294	0.00010018756115	0.0
	 Inner loop 	245.125628141	0.0534667495467	-3.11830097334e-16	-0.975726423917	1.26962623636	-0.294	0.00010018756115	0.0
Outer loop 	25	0.0534667495467	0.0
	 Inner loop 	246.130653266	0.0534667495467	-3.11830097334e-16	-0.975726423917	1.26962623636	-0.294	0.00010018756115	0.0
	 Inner loop 	246.130653266	0.0534667495467	-3.11830097334e-16	-0.975726423917	1.26962623636	-0.294	0.00010018756115	0.0
Outer loop 	26	0.0534667495467	0.0
	 Inner loop 	247.135678392	0.0534667495467	-3.11830097334e-16	-0.975726423917	1.26962623636	-0.294	0.00010018756115	0.0
	 Inner loop 	247.135678392	0.0534667495467	-3.11830097334e-16	-0.975726423917	1.26962623636	-0.294	0.00010018756115	0.0
Outer loop 	27	0.0534667495467	0.0
	 Inner loop 	248.140703518	0.0534667495467	-3.11830097334e-16	-0.975726423917	1.26962623636	-0.294	0.00010018756115	0.0
	 Inner loop 	248.140703518	0.0534667495467	-3.11830097334e-16	-0.975726423917	1.26962623636	-0.294	0.00010018756115	0.0
Outer loop 	28	0.0534667495467	0.0
	 Inner loop 	249.145728643	0.0534667495467	-3.11830097334e-16	-0.975726423917	1.26962623636	-0.294	0.00010018756115	0.0
	 Inner loop 	249.145728643	0.0534667495467	-3.11830097334e-16	-0.975726423917	1.26962623636	-0.294	0.00010018756115	0.0
Outer loop 	29	0.0534667495467	0.0
	 Inner loop 	250.150753769	0.0534667495467	-3.11830097334e-16	-0.975726423917	1.26962623636	-0.294	0.00010018756115	0.0
	 Inner loop 	250.150753769	0.0534667495467	-3.11830097334e-16	-0.975726423917	1.26962623636	-0.294	0.00010018756115	0.0
Outer loop 	30	0.0534667495467	0.0
	 Inner loop 	251.155778894	0.0534667495467	-3.11830097334e-16	-0.975726423917	1.26962623636	-0.294	0.00010018756115	0.0
	 Inner loop 	251.155778894	0.0534667495467	-3.11830097334e-16	-0.975726423917	1.26962623636	-0.294	0.00010018756115	0.0
Outer loop 	31	0.0534667495467	0.0
	 Inner loop 	252.16080402	0.0534667495467	-3.11830097334e-16	-0.975726423917	1.26962623636	-0.294	0.00010018756115	0.0
	 Inner loop 	252.16080402	0.0534667495467	-3.11830097334e-16	-0.975726423917	1.26962623636	-0.294	0.00010018756115	0.0
Outer loop 	32	0.0534667495467	0.0
	 Inner loop 	253.165829146	0.0534667495467	-3.11830097334e-16	-0.975726423917	1.26962623636	-0.294	0.00010018756115	0.0
	 Inner loop 	253.165829146	0.0534667495467	-3.11830097334e-16	-0.975726423917	1.26962623636	-0.294	0.00010018756115	0.0
Outer loop 	33	0.0534667495467	0.0
	 Inner loop 	254.170854271	0.0534667495467	-3.11830097334e-16	-0.975726423917	1.26962623636	-0.294	0.00010018756115	0.0
	 Inner loop 	254.170854271	0.0534667495467	-3.11830097334e-16	-0.975726423917	1.26962623636	-0.294	0.00010018756115	0.0
Outer loop 	34	0.0534667495467	0.0
	 Inner loop 	255.175879397	0.0534667495467	-3.11830097334e-16	-0.975726423917	1.26962623636	-0.294	0.00010018756115	0.0
	 Inner loop 	255.175879397	0.0534667495467	-3.11830097334e-16	-0.975726423917	1.26962623636	-0.294	0.00010018756115	0.0
Outer loop 	35	0.0534667495467	0.0
	 Inner loop 	256.180904523	0.0534667495467	-3.11830097334e-16	-0.975726423917	1.26962623636	-0.294	0.00010018756115	0.0
	 Inner loop 	256.180904523	0.0534667495467	-3.11830097334e-16	-0.975726423917	1.26962623636	-0.294	0.00010018756115	0.0
Outer loop 	36	0.0534667495467	0.0
	 Inner loop 	257.185929648	0.0534667495467	-3.11830097334e-16	-0.975726423917	1.26962623636	-0.294	0.00010018756115	0.0
	 Inner loop 	257.185929648	0.0534667495467	-3.11830097334e-16	-0.975726423917	1.26962623636	-0.294	0.00010018756115	0.0
Outer loop 	37	0.0534667495467	0.0
	 Inner loop 	258.190954774	0.0534667495467	-3.11830097334e-16	-0.975726423917	1.26962623636	-0.294	0.00010018756115	0.0
	 Inner loop 	258.190954774	0.0534667495467	-3.11830097334e-16	-0.975726423917	1.26962623636	-0.294	0.00010018756115	0.0
Outer loop 	38	0.0534667495467	0.0
	 Inner loop 	259.195979899	0.0534667495467	-3.11830097334e-16	-0.975726423917	1.26962623636	-0.294	0.00010018756115	0.0
	 Inner loop 	259.195979899	0.0534667495467	-3.11830097334e-16	-0.975726423917	1.26962623636	-0.294	0.00010018756115	0.0
Outer loop 	39	0.0534667495467	0.0
	 Inner loop 	260.201005025	0.0534667495467	-3.11830097334e-16	-0.975726423917	1.26962623636	-0.294	0.00010018756115	0.0
	 Inner loop 	260.201005025	0.0534667495467	-3.11830097334e-16	-0.975726423917	1.26962623636	-0.294	0.00010018756115	0.0
Outer loop 	40	0.0534667495467	0.0
	 Inner loop 	261.206030151	0.0534667495467	-3.11830097334e-16	-0.975726423917	1.26962623636	-0.294	0.00010018756115	0.0
	 Inner loop 	261.206030151	0.0534667495467	-3.11830097334e-16	-0.975726423917	1.26962623636	-0.294	0.00010018756115	0.0
Outer loop 	41	0.0534667495467	0.0
	 Inner loop 	262.211055276	0.0534667495467	-3.11830097334e-16	-0.975726423917	1.26962623636	-0.294	0.00010018756115	0.0
	 Inner loop 	262.211055276	0.0534667495467	-3.11830097334e-16	-0.975726423917	1.26962623636	-0.294	0.00010018756115	0.0
Outer loop 	42	0.0534667495467	0.0
	 Inner loop 	263.216080402	0.0534667495467	-3.11830097334e-16	-0.975726423917	1.26962623636	-0.294	0.00010018756115	0.0
	 Inner loop 	263.216080402	0.0534667495467	-3.11830097334e-16	-0.975726423917	1.26962623636	-0.294	0.00010018756115	0.0
Outer loop 	43	0.0534667495467	0.0
	 Inner loop 	264.221105528	0.0534667495467	-3.11830097334e-16	-0.975726423917	1.26962623636	-0.294	0.00010018756115	0.0
	 Inner loop 	264.221105528	0.0534667495467	-3.11830097334e-16	-0.975726423917	1.26962623636	-0.294	0.00010018756115	0.0
Outer loop 	44	0.0534667495467	0.0
	 Inner loop 	265.226130653	0.0534667495467	-3.11830097334e-16	-0.975726423917	1.26962623636	-0.294	0.00010018756115	0.0
	 Inner loop 	265.226130653	0.0534667495467	-3.11830097334e-16	-0.975726423917	1.26962623636	-0.294	0.00010018756115	0.0
Outer loop 	45	0.0534667495467	0.0
	 Inner loop 	266.231155779	0.0534667495467	-3.11830097334e-16	-0.975726423917	1.26962623636	-0.294	0.00010018756115	0.0
	 Inner loop 	266.231155779	0.0534667495467	-3.11830097334e-16	-0.975726423917	1.26962623636	-0.294	0.00010018756115	0.0
Outer loop 	46	0.0534667495467	0.0
	 Inner loop 	267.236180905	0.0534667495467	-3.11830097334e-16	-0.975726423917	1.26962623636	-0.294	0.00010018756115	0.0
	 Inner loop 	267.236180905	0.0534667495467	-3.11830097334e-16	-0.975726423917	1.26962623636	-0.294	0.00010018756115	0.0
Outer loop 	47	0.0534667495467	0.0
	 Inner loop 	268.24120603	0.0534667495467	-3.11830097334e-16	-0.975726423917	1.26962623636	-0.294	0.00010018756115	0.0
	 Inner loop 	268.24120603	0.0534667495467	-3.11830097334e-16	-0.975726423917	1.26962623636	-0.294	0.00010018756115	0.0
Outer loop 	48	0.0534667495467	0.0
	 Inner loop 	269.246231156	0.0534667495467	-3.11830097334e-16	-0.975726423917	1.26962623636	-0.294	0.00010018756115	0.0
	 Inner loop 	269.246231156	0.0534667495467	-3.11830097334e-16	-0.975726423917	1.26962623636	-0.294	0.00010018756115	0.0
Outer loop 	49	0.0534667495467	0.0
	 Inner loop 	270.251256281	0.0534667495467	-3.11830097334e-16	-0.975726423917	1.26962623636	-0.294	0.00010018756115	0.0
	 Inner loop 	270.251256281	0.0534667495467	-3.11830097334e-16	-0.975726423917	1.26962623636	-0.294	0.00010018756115	0.0
Outer loop 	50	0.0534667495467	0.0
	 Inner loop 	271.256281407	0.0534667495467	-3.11830097334e-16	-0.975726423917	1.26962623636	-0.294	0.00010018756115	0.0
	 Inner loop 	271.256281407	0.0534667495467	-3.11830097334e-16	-0.975726423917	1.26962623636	-0.294	0.00010018756115	0.0
Outer loop 	51	0.0534667495467	0.0
	 Inner loop 	272.261306533	0.0534667495467	-3.11830097334e-16	-0.975726423917	1.26962623636	-0.294	0.00010018756115	0.0
	 Inner loop 	272.261306533	0.0534667495467	-3.11830097334e-16	-0.975726423917	1.26962623636	-0.294	0.00010018756115	0.0
Outer loop 	52	0.0534667495467	0.0
	 Inner loop 	273.266331658	0.0534667495467	-3.11830097334e-16	-0.975726423917	1.26962623636	-0.294	0.00010018756115	0.0
	 Inner loop 	273.266331658	0.0534667495467	-3.11830097334e-16	-0.975726423917	1.26962623636	-0.294	0.00010018756115	0.0
Outer loop 	53	0.0534667495467	0.0
	 Inner loop 	274.271356784	0.0534667495467	-3.11830097334e-16	-0.975726423917	1.26962623636	-0.294	0.00010018756115	0.0
	 Inner loop 	274.271356784	0.0534667495467	-3.11830097334e-16	-0.975726423917	1.26962623636	-0.294	0.00010018756115	0.0
Outer loop 	54	0.0534667495467	0.0
	 Inner loop 	275.27638191	0.0534667495467	-3.11830097334e-16	-0.975726423917	1.26962623636	-0.294	0.00010018756115	0.0
	 Inner loop 	275.27638191	0.0534667495467	-3.11830097334e-16	-0.975726423917	1.26962623636	-0.294	0.00010018756115	0.0
Outer loop 	55	0.0534667495467	0.0
	 Inner loop 	276.281407035	0.0534667495467	-3.11830097334e-16	-0.975726423917	1.26962623636	-0.294	0.00010018756115	0.0
	 Inner loop 	276.281407035	0.0534667495467	-3.11830097334e-16	-0.975726423917	1.26962623636	-0.294	0.00010018756115	0.0
Outer loop 	56	0.0534667495467	0.0
	 Inner loop 	277.286432161	0.0534667495467	-3.11830097334e-16	-0.975726423917	1.26962623636	-0.294	0.00010018756115	0.0
	 Inner loop 	277.286432161	0.0534667495467	-3.11830097334e-16	-0.975726423917	1.26962623636	-0.294	0.00010018756115	0.0
Outer loop 	57	0.0534667495467	0.0
	 Inner loop 	278.291457286	0.0534667495467	-3.11830097334e-16	-0.975726423917	1.26962623636	-0.294	0.00010018756115	0.0
	 Inner loop 	278.291457286	0.0534667495467	-3.11830097334e-16	-0.975726423917	1.26962623636	-0.294	0.00010018756115	0.0
Outer loop 	58	0.0534667495467	0.0
	 Inner loop 	279.296482412	0.0534667495467	-3.11830097334e-16	-0.975726423917	1.26962623636	-0.294	0.00010018756115	0.0
	 Inner loop 	279.296482412	0.0534667495467	-3.11830097334e-16	-0.975726423917	1.26962623636	-0.294	0.00010018756115	0.0
Outer loop 	59	0.0534667495467	0.0
	 Inner loop 	280.301507538	0.0534667495467	-3.11830097334e-16	-0.975726423917	1.26962623636	-0.294	0.00010018756115	0.0
	 Inner loop 	280.301507538	0.0534667495467	-3.11830097334e-16	-0.975726423917	1.26962623636	-0.294	0.00010018756115	0.0
Outer loop 	60	0.0534667495467	0.0
	 Inner loop 	281.306532663	0.0534667495467	-3.11830097334e-16	-0.975726423917	1.26962623636	-0.294	0.00010018756115	0.0
	 Inner loop 	281.306532663	0.0534667495467	-3.11830097334e-16	-0.975726423917	1.26962623636	-0.294	0.00010018756115	0.0
Outer loop 	61	0.0534667495467	0.0
	 Inner loop 	282.311557789	0.0534667495467	-3.11830097334e-16	-0.975726423917	1.26962623636	-0.294	0.00010018756115	0.0
	 Inner loop 	282.311557789	0.0534667495467	-3.11830097334e-16	-0.975726423917	1.26962623636	-0.294	0.00010018756115	0.0
Outer loop 	62	0.0534667495467	0.0
	 Inner loop 	283.316582915	0.0534667495467	-3.11830097334e-16	-0.975726423917	1.26962623636	-0.294	0.00010018756115	0.0
	 Inner loop 	283.316582915	0.0534667495467	-3.11830097334e-16	-0.975726423917	1.26962623636	-0.294	0.00010018756115	0.0
Outer loop 	63	0.0534667495467	0.0
	 Inner loop 	284.32160804	0.0534667495467	-3.11830097334e-16	-0.975726423917	1.26962623636	-0.294	0.00010018756115	0.0
	 Inner loop 	284.32160804	0.0534667495467	-3.11830097334e-16	-0.975726423917	1.26962623636	-0.294	0.00010018756115	0.0
Outer loop 	64	0.0534667495467	0.0
	 Inner loop 	285.326633166	0.0534667495467	-3.11830097334e-16	-0.975726423917	1.26962623636	-0.294	0.00010018756115	0.0
	 Inner loop 	285.326633166	0.0534667495467	-3.11830097334e-16	-0.975726423917	1.26962623636	-0.294	0.00010018756115	0.0
Outer loop 	65	0.0534667495467	0.0
	 Inner loop 	286.331658291	0.0534667495467	-3.11830097334e-16	-0.975726423917	1.26962623636	-0.294	0.00010018756115	0.0
	 Inner loop 	286.331658291	0.0534667495467	-3.11830097334e-16	-0.975726423917	1.26962623636	-0.294	0.00010018756115	0.0
Outer loop 	66	0.0534667495467	0.0
	 Inner loop 	287.336683417	0.0534667495467	-3.11830097334e-16	-0.975726423917	1.26962623636	-0.294	0.00010018756115	0.0
	 Inner loop 	287.336683417	0.0534667495467	-3.11830097334e-16	-0.975726423917	1.26962623636	-0.294	0.00010018756115	0.0
Outer loop 	67	0.0534667495467	0.0
	 Inner loop 	288.341708543	0.0534667495467	-3.11830097334e-16	-0.975726423917	1.26962623636	-0.294	0.00010018756115	0.0
	 Inner loop 	288.341708543	0.0534667495467	-3.11830097334e-16	-0.975726423917	1.26962623636	-0.294	0.00010018756115	0.0
Outer loop 	68	0.0534667495467	0.0
	 Inner loop 	289.346733668	0.0534667495467	-3.11830097334e-16	-0.975726423917	1.26962623636	-0.294	0.00010018756115	0.0
	 Inner loop 	289.346733668	0.0534667495467	-3.11830097334e-16	-0.975726423917	1.26962623636	-0.294	0.00010018756115	0.0
Outer loop 	69	0.0534667495467	0.0
	 Inner loop 	290.351758794	0.0534667495467	-3.11830097334e-16	-0.975726423917	1.26962623636	-0.294	0.00010018756115	0.0
	 Inner loop 	290.351758794	0.0534667495467	-3.11830097334e-16	-0.975726423917	1.26962623636	-0.294	0.00010018756115	0.0
Outer loop 	70	0.0534667495467	0.0
	 Inner loop 	291.35678392	0.0534667495467	-3.11830097334e-16	-0.975726423917	1.26962623636	-0.294	0.00010018756115	0.0
	 Inner loop 	291.35678392	0.0534667495467	-3.11830097334e-16	-0.975726423917	1.26962623636	-0.294	0.00010018756115	0.0
Outer loop 	71	0.0534667495467	0.0
	 Inner loop 	292.361809045	0.0534667495467	-3.11830097334e-16	-0.975726423917	1.26962623636	-0.294	0.00010018756115	0.0
	 Inner loop 	292.361809045	0.0534667495467	-3.11830097334e-16	-0.975726423917	1.26962623636	-0.294	0.00010018756115	0.0
Outer loop 	72	0.0534667495467	0.0
	 Inner loop 	293.366834171	0.0534667495467	-3.11830097334e-16	-0.975726423917	1.26962623636	-0.294	0.00010018756115	0.0
	 Inner loop 	293.366834171	0.0534667495467	-3.11830097334e-16	-0.975726423917	1.26962623636	-0.294	0.00010018756115	0.0
Outer loop 	73	0.0534667495467	0.0
	 Inner loop 	294.371859296	0.0534667495467	-3.11830097334e-16	-0.975726423917	1.26962623636	-0.294	0.00010018756115	0.0
	 Inner loop 	294.371859296	0.0534667495467	-3.11830097334e-16	-0.975726423917	1.26962623636	-0.294	0.00010018756115	0.0
Outer loop 	74	0.0534667495467	0.0
	 Inner loop 	295.376884422	0.0534667495467	-3.11830097334e-16	-0.975726423917	1.26962623636	-0.294	0.00010018756115	0.0
	 Inner loop 	295.376884422	0.0534667495467	-3.11830097334e-16	-0.975726423917	1.26962623636	-0.294	0.00010018756115	0.0
Outer loop 	75	0.0534667495467	0.0
	 Inner loop 	296.381909548	0.0534667495467	-3.11830097334e-16	-0.975726423917	1.26962623636	-0.294	0.00010018756115	0.0
	 Inner loop 	296.381909548	0.0534667495467	-3.11830097334e-16	-0.975726423917	1.26962623636	-0.294	0.00010018756115	0.0
Outer loop 	76	0.0534667495467	0.0
	 Inner loop 	297.386934673	0.0534667495467	-3.11830097334e-16	-0.975726423917	1.26962623636	-0.294	0.00010018756115	0.0
	 Inner loop 	297.386934673	0.0534667495467	-3.11830097334e-16	-0.975726423917	1.26962623636	-0.294	0.00010018756115	0.0
Outer loop 	77	0.0534667495467	0.0
	 Inner loop 	298.391959799	0.0534667495467	-3.11830097334e-16	-0.975726423917	1.26962623636	-0.294	0.00010018756115	0.0
	 Inner loop 	298.391959799	0.0534667495467	-3.11830097334e-16	-0.975726423917	1.26962623636	-0.294	0.00010018756115	0.0
Outer loop 	78	0.0534667495467	0.0
	 Inner loop 	299.396984925	0.0534667495467	-3.11830097334e-16	-0.975726423917	1.26962623636	-0.294	0.00010018756115	0.0
	 Inner loop 	299.396984925	0.0534667495467	-3.11830097334e-16	-0.975726423917	1.26962623636	-0.294	0.00010018756115	0.0
Outer loop 	79	0.0534667495467	0.0
	 Inner loop 	300.40201005	0.0534667495467	-3.11830097334e-16	-0.975726423917	1.26962623636	-0.294	0.00010018756115	0.0
	 Inner loop 	300.40201005	0.0534667495467	-3.11830097334e-16	-0.975726423917	1.26962623636	-0.294	0.00010018756115	0.0
Outer loop 	80	0.0534667495467	0.0
	 Inner loop 	301.407035176	0.0534667495467	-3.11830097334e-16	-0.975726423917	1.26962623636	-0.294	0.00010018756115	0.0
	 Inner loop 	301.407035176	0.0534667495467	-3.11830097334e-16	-0.975726423917	1.26962623636	-0.294	0.00010018756115	0.0
Outer loop 	81	0.0534667495467	0.0
	 Inner loop 	302.412060302	0.0534667495467	-3.11830097334e-16	-0.975726423917	1.26962623636	-0.294	0.00010018756115	0.0
	 Inner loop 	302.412060302	0.0534667495467	-3.11830097334e-16	-0.975726423917	1.26962623636	-0.294	0.00010018756115	0.0
Outer loop 	82	0.0534667495467	0.0
	 Inner loop 	303.417085427	0.0534667495467	-3.11830097334e-16	-0.975726423917	1.26962623636	-0.294	0.00010018756115	0.0
	 Inner loop 	303.417085427	0.0534667495467	-3.11830097334e-16	-0.975726423917	1.26962623636	-0.294	0.00010018756115	0.0
Outer loop 	83	0.0534667495467	0.0
	 Inner loop 	304.422110553	0.0534667495467	-3.11830097334e-16	-0.975726423917	1.26962623636	-0.294	0.00010018756115	0.0
	 Inner loop 	304.422110553	0.0534667495467	-3.11830097334e-16	-0.975726423917	1.26962623636	-0.294	0.00010018756115	0.0
Outer loop 	84	0.0534667495467	0.0
	 Inner loop 	305.427135678	0.0534667495467	-3.11830097334e-16	-0.975726423917	1.26962623636	-0.294	0.00010018756115	0.0
	 Inner loop 	305.427135678	0.0534667495467	-3.11830097334e-16	-0.975726423917	1.26962623636	-0.294	0.00010018756115	0.0
Outer loop 	85	0.0534667495467	0.0
	 Inner loop 	306.432160804	0.0534667495467	-3.11830097334e-16	-0.975726423917	1.26962623636	-0.294	0.00010018756115	0.0
	 Inner loop 	306.432160804	0.0534667495467	-3.11830097334e-16	-0.975726423917	1.26962623636	-0.294	0.00010018756115	0.0
Outer loop 	86	0.0534667495467	0.0
	 Inner loop 	307.43718593	0.0534667495467	-3.11830097334e-16	-0.975726423917	1.26962623636	-0.294	0.00010018756115	0.0
	 Inner loop 	307.43718593	0.0534667495467	-3.11830097334e-16	-0.975726423917	1.26962623636	-0.294	0.00010018756115	0.0
Outer loop 	87	0.0534667495467	0.0
	 Inner loop 	308.442211055	0.0534667495467	-3.11830097334e-16	-0.975726423917	1.26962623636	-0.294	0.00010018756115	0.0
	 Inner loop 	308.442211055	0.0534667495467	-3.11830097334e-16	-0.975726423917	1.26962623636	-0.294	0.00010018756115	0.0
Outer loop 	88	0.0534667495467	0.0
	 Inner loop 	309.447236181	0.0534667495467	-3.11830097334e-16	-0.975726423917	1.26962623636	-0.294	0.00010018756115	0.0
	 Inner loop 	309.447236181	0.0534667495467	-3.11830097334e-16	-0.975726423917	1.26962623636	-0.294	0.00010018756115	0.0
Outer loop 	89	0.0534667495467	0.0
	 Inner loop 	310.452261307	0.0534667495467	-3.11830097334e-16	-0.975726423917	1.26962623636	-0.294	0.00010018756115	0.0
	 Inner loop 	310.452261307	0.0534667495467	-3.11830097334e-16	-0.975726423917	1.26962623636	-0.294	0.00010018756115	0.0
Outer loop 	90	0.0534667495467	0.0
	 Inner loop 	311.457286432	0.0534667495467	-3.11830097334e-16	-0.975726423917	1.26962623636	-0.294	0.00010018756115	0.0
	 Inner loop 	311.457286432	0.0534667495467	-3.11830097334e-16	-0.975726423917	1.26962623636	-0.294	0.00010018756115	0.0
Outer loop 	91	0.0534667495467	0.0
	 Inner loop 	312.462311558	0.0534667495467	-3.11830097334e-16	-0.975726423917	1.26962623636	-0.294	0.00010018756115	0.0
	 Inner loop 	312.462311558	0.0534667495467	-3.11830097334e-16	-0.975726423917	1.26962623636	-0.294	0.00010018756115	0.0
Outer loop 	92	0.0534667495467	0.0
	 Inner loop 	313.467336683	0.0534667495467	-3.11830097334e-16	-0.975726423917	1.26962623636	-0.294	0.00010018756115	0.0
	 Inner loop 	313.467336683	0.0534667495467	-3.11830097334e-16	-0.975726423917	1.26962623636	-0.294	0.00010018756115	0.0
Outer loop 	93	0.0534667495467	0.0
	 Inner loop 	314.472361809	0.0534667495467	-3.11830097334e-16	-0.975726423917	1.26962623636	-0.294	0.00010018756115	0.0
	 Inner loop 	314.472361809	0.0534667495467	-3.11830097334e-16	-0.975726423917	1.26962623636	-0.294	0.00010018756115	0.0
Outer loop 	94	0.0534667495467	0.0
	 Inner loop 	315.477386935	0.0534667495467	-3.11830097334e-16	-0.975726423917	1.26962623636	-0.294	0.00010018756115	0.0
	 Inner loop 	315.477386935	0.0534667495467	-3.11830097334e-16	-0.975726423917	1.26962623636	-0.294	0.00010018756115	0.0
Outer loop 	95	0.0534667495467	0.0
	 Inner loop 	316.48241206	0.0534667495467	-3.11830097334e-16	-0.975726423917	1.26962623636	-0.294	0.00010018756115	0.0
	 Inner loop 	316.48241206	0.0534667495467	-3.11830097334e-16	-0.975726423917	1.26962623636	-0.294	0.00010018756115	0.0
Outer loop 	96	0.0534667495467	0.0
	 Inner loop 	317.487437186	0.0534667424003	-1.04594035952e-06	-0.975727469858	1.26962623636	-0.294	0.00010018756115	0.0
	 Inner loop 	317.487437186	0.0534667441008	2.48886532802e-07	-0.975726530181	1.26962622719	-0.294	0.00010055187857	-1.4011195766e-07
	 Inner loop 	317.487437186	0.0534667437739	2.94428652466e-16	-0.975726710802	1.26962622895	-0.294	0.000100481850909	-1.13180188261e-07
	 Inner loop 	317.487437186	0.0534667437739	2.94428652466e-16	-0.975726710802	1.26962622895	-0.294	0.000100481850909	-1.13180188261e-07
Outer loop 	97	0.0534667437739	-1.13180188261e-07
	 Inner loop 	318.492462312	0.0534667451483	1.04604986994e-06	-0.975725951637	1.26962622155	-0.294	0.000100776140648	-2.26360369081e-07
	 Inner loop 	318.492462312	0.0534667434467	-2.49047897276e-07	-0.975726891547	1.26962623071	-0.294	0.000100411785181	-8.6233779114e-08
	 Inner loop 	318.492462312	0.0534667437739	4.20933361951e-15	-0.975726710802	1.26962622895	-0.294	0.00010048185091	-1.13180188825e-07
	 Inner loop 	318.492462312	0.0534667437739	-1.20536176526e-16	-0.975726710802	1.26962622895	-0.294	0.00010048185091	-1.13180188825e-07
Outer loop 	98	0.0534667437739	-1.13180188825e-07
	 Inner loop 	319.497487437	0.0534667437739	-1.00871459623e-15	-0.975726710802	1.26962622895	-0.294	0.00010048185091	-1.13180188825e-07
	 Inner loop 	319.497487437	0.0534667437739	-1.20536176526e-16	-0.975726710802	1.26962622895	-0.294	0.00010048185091	-1.13180188825e-07
Outer loop 	99	0.0534667437739	-1.13180188825e-07
	 Inner loop 	320.502512563	0.0534667437739	-1.20536176526e-16	-0.975726710802	1.26962622895	-0.294	0.00010048185091	-1.13180188825e-07
	 Inner loop 	320.502512563	0.0534667437739	-1.20536176526e-16	-0.975726710802	1.26962622895	-0.294	0.00010048185091	-1.13180188825e-07
Outer loop 	100	0.0534667437739	-1.13180188825e-07
	 Inner loop 	321.507537688	0.0534667437739	-1.20536176526e-16	-0.975726710802	1.26962622895	-0.294	0.00010048185091	-1.13180188825e-07
	 Inner loop 	321.507537688	0.0534667437739	-1.20536176526e-16	-0.975726710802	1.26962622895	-0.294	0.00010048185091	-1.13180188825e-07
Outer loop 	101	0.0534667437739	-1.13180188825e-07
	 Inner loop 	322.512562814	0.0534667437739	-1.20536176526e-16	-0.975726710802	1.26962622895	-0.294	0.00010048185091	-1.13180188825e-07
	 Inner loop 	322.512562814	0.0534667437739	-1.20536176526e-16	-0.975726710802	1.26962622895	-0.294	0.00010048185091	-1.13180188825e-07
Outer loop 	102	0.0534667437739	-1.13180188825e-07
	 Inner loop 	323.51758794	0.0534667437739	-1.20536176526e-16	-0.975726710802	1.26962622895	-0.294	0.00010048185091	-1.13180188825e-07
	 Inner loop 	323.51758794	0.0534667437739	-1.20536176526e-16	-0.975726710802	1.26962622895	-0.294	0.00010048185091	-1.13180188825e-07
Outer loop 	103	0.0534667437739	-1.13180188825e-07
	 Inner loop 	324.522613065	0.0534667437739	-1.20536176526e-16	-0.975726710802	1.26962622895	-0.294	0.00010048185091	-1.13180188825e-07
	 Inner loop 	324.522613065	0.0534667437739	-1.20536176526e-16	-0.975726710802	1.26962622895	-0.294	0.00010048185091	-1.13180188825e-07
Outer loop 	104	0.0534667437739	-1.13180188825e-07
	 Inner loop 	325.527638191	0.0534667437739	-1.20536176526e-16	-0.975726710802	1.26962622895	-0.294	0.00010048185091	-1.13180188825e-07
	 Inner loop 	325.527638191	0.0534667437739	-1.20536176526e-16	-0.975726710802	1.26962622895	-0.294	0.00010048185091	-1.13180188825e-07
Outer loop 	105	0.0534667437739	-1.13180188825e-07
	 Inner loop 	326.532663317	0.0534667437739	-1.20536176526e-16	-0.975726710802	1.26962622895	-0.294	0.00010048185091	-1.13180188825e-07
	 Inner loop 	326.532663317	0.0534667437739	-1.20536176526e-16	-0.975726710802	1.26962622895	-0.294	0.00010048185091	-1.13180188825e-07
Outer loop 	106	0.0534667437739	-1.13180188825e-07
	 Inner loop 	327.537688442	0.0534667437739	-1.20536176526e-16	-0.975726710802	1.26962622895	-0.294	0.00010048185091	-1.13180188825e-07
	 Inner loop 	327.537688442	0.0534667437739	-1.20536176526e-16	-0.975726710802	1.26962622895	-0.294	0.00010048185091	-1.13180188825e-07
Outer loop 	107	0.0534667437739	-1.13180188825e-07
	 Inner loop 	328.542713568	0.0534667437739	-1.20536176526e-16	-0.975726710802	1.26962622895	-0.294	0.00010048185091	-1.13180188825e-07
	 Inner loop 	328.542713568	0.0534667437739	-1.20536176526e-16	-0.975726710802	1.26962622895	-0.294	0.00010048185091	-1.13180188825e-07
Outer loop 	108	0.0534667437739	-1.13180188825e-07
	 Inner loop 	329.547738693	0.0534667437739	-1.20536176526e-16	-0.975726710802	1.26962622895	-0.294	0.00010048185091	-1.13180188825e-07
	 Inner loop 	329.547738693	0.0534667437739	-1.20536176526e-16	-0.975726710802	1.26962622895	-0.294	0.00010048185091	-1.13180188825e-07
Outer loop 	109	0.0534667437739	-1.13180188825e-07
	 Inner loop 	330.552763819	0.0534667437739	-1.20536176526e-16	-0.975726710802	1.26962622895	-0.294	0.00010048185091	-1.13180188825e-07
	 Inner loop 	330.552763819	0.0534667437739	-1.20536176526e-16	-0.975726710802	1.26962622895	-0.294	0.00010048185091	-1.13180188825e-07
Outer loop 	110	0.0534667437739	-1.13180188825e-07
	 Inner loop 	331.557788945	0.0534667437739	-1.20536176526e-16	-0.975726710802	1.26962622895	-0.294	0.00010048185091	-1.13180188825e-07
	 Inner loop 	331.557788945	0.0534667437739	-1.20536176526e-16	-0.975726710802	1.26962622895	-0.294	0.00010048185091	-1.13180188825e-07
Outer loop 	111	0.0534667437739	-1.13180188825e-07
	 Inner loop 	332.56281407	0.0534667437739	-1.20536176526e-16	-0.975726710802	1.26962622895	-0.294	0.00010048185091	-1.13180188825e-07
	 Inner loop 	332.56281407	0.0534667437739	-1.20536176526e-16	-0.975726710802	1.26962622895	-0.294	0.00010048185091	-1.13180188825e-07
Outer loop 	112	0.0534667437739	-1.13180188825e-07
	 Inner loop 	333.567839196	0.0534667437739	-1.20536176526e-16	-0.975726710802	1.26962622895	-0.294	0.00010048185091	-1.13180188825e-07
	 Inner loop 	333.567839196	0.0534667437739	-1.20536176526e-16	-0.975726710802	1.26962622895	-0.294	0.00010048185091	-1.13180188825e-07
Outer loop 	113	0.0534667437739	-1.13180188825e-07
	 Inner loop 	334.572864322	0.0534667437739	-1.20536176526e-16	-0.975726710802	1.26962622895	-0.294	0.00010048185091	-1.13180188825e-07
	 Inner loop 	334.572864322	0.0534667437739	-1.20536176526e-16	-0.975726710802	1.26962622895	-0.294	0.00010048185091	-1.13180188825e-07
Outer loop 	114	0.0534667437739	-1.13180188825e-07
	 Inner loop 	335.577889447	0.0534667437739	-1.20536176526e-16	-0.975726710802	1.26962622895	-0.294	0.00010048185091	-1.13180188825e-07
	 Inner loop 	335.577889447	0.0534667437739	-1.20536176526e-16	-0.975726710802	1.26962622895	-0.294	0.00010048185091	-1.13180188825e-07
Outer loop 	115	0.0534667437739	-1.13180188825e-07
	 Inner loop 	336.582914573	0.053465384804	-0.000198897445233	-0.975925608247	1.26962622895	-0.294	0.00010048185091	-1.13180188825e-07
	 Inner loop 	336.582914573	0.0534657062842	4.70524840762e-05	-0.975747193062	1.26962448522	-0.293999999895	0.000169760221978	-2.67567818065e-05
	 Inner loop 	336.582914573	0.0534656447851	2.93534027515e-10	-0.975781325627	1.26962481889	-0.293999999931	0.000156506964786	-2.16597435919e-05
	 Inner loop 	336.582914573	0.0534656447846	-6.9441809643e-11	-0.97578132589	1.26962481889	-0.293999999931	0.000156506862542	-2.16597042701e-05
Outer loop 	116	0.0534656447847	-2.16597117937e-05
	 Inner loop 	337.587939698	0.0534659064152	0.000199145562721	-0.975636793826	1.26962340814	-0.293999999726	0.00021253097625	-4.32058830213e-05
	 Inner loop 	337.587939698	0.0534655824976	-4.74088447337e-05	-0.97581573291	1.26962515464	-0.29399999996	0.000143169388015	-1.65302771141e-05
	 Inner loop 	337.587939698	0.053465644785	2.49687713403e-10	-0.975781325659	1.26962481889	-0.293999999931	0.000156506952327	-2.16597388005e-05
	 Inner loop 	337.587939698	0.0534656447846	-5.94467354574e-11	-0.975781325883	1.26962481889	-0.293999999931	0.000156506865356	-2.16597053525e-05
Outer loop 	117	0.0534656447847	-2.16597117834e-05
	 Inner loop 	338.592964824	0.0534656447847	-9.59279042919e-14	-0.97578132584	1.26962481889	-0.293999999931	0.000156506882045	-2.16597117708e-05
	 Inner loop 	338.592964824	0.0534656447847	2.72055598535e-14	-0.97578132584	1.26962481889	-0.293999999931	0.000156506882084	-2.16597117857e-05
Outer loop 	118	0.0534656447847	-2.16597117823e-05
	 Inner loop 	339.59798995	0.0534656447847	5.91841571411e-15	-0.97578132584	1.26962481889	-0.293999999931	0.000156506882078	-2.16597117834e-05
	 Inner loop 	339.59798995	0.0534656447847	-2.49708023356e-15	-0.97578132584	1.26962481889	-0.293999999931	0.000156506882075	-2.16597117823e-05
Outer loop 	119	0.0534656447847	-2.16597117834e-05
	 Inner loop 	340.603015075	0.0534656447847	-2.49708023356e-15	-0.97578132584	1.26962481889	-0.293999999931	0.000156506882075	-2.16597117823e-05
	 Inner loop 	340.603015075	0.0534656447847	1.69956822053e-15	-0.97578132584	1.26962481889	-0.293999999931	0.000156506882078	-2.16597117834e-05
Outer loop 	120	0.0534656447847	-2.16597117823e-05
	 Inner loop 	341.608040201	0.0534656447847	5.89345195909e-16	-0.97578132584	1.26962481889	-0.293999999931	0.000156506882078	-2.16597117834e-05
	 Inner loop 	341.608040201	0.0534656447847	-2.49708023356e-15	-0.97578132584	1.26962481889	-0.293999999931	0.000156506882075	-2.16597117823e-05
Outer loop 	121	0.0534656447847	-2.16597117834e-05
	 Inner loop 	342.613065327	0.0534656447847	-1.60890181386e-15	-0.97578132584	1.26962481889	-0.293999999931	0.000156506882075	-2.16597117823e-05
	 Inner loop 	342.613065327	0.0534656447847	2.36570203531e-15	-0.97578132584	1.26962481889	-0.293999999931	0.000156506882078	-2.16597117834e-05
Outer loop 	122	0.0534656447847	-2.16597117823e-05
	 Inner loop 	343.618090452	0.0534603746913	-0.000771338384492	-0.976552664224	1.26962481889	-0.293999999931	0.000156506882078	-2.16597117834e-05
	 Inner loop 	343.618090452	0.0534615594692	0.000173419693793	-0.975869786444	1.26961804751	-0.293999997704	0.00042515633154	-0.000124978955522
	 Inner loop 	343.618090452	0.0534613421033	1.42861610189e-08	-0.975995126844	1.26961929157	-0.293999998348	0.000375847909708	-0.000106015548511
	 Inner loop 	343.618090452	0.0534613420814	-3.21058430216e-09	-0.975995139491	1.26961929169	-0.293999998348	0.000375842934423	-0.000106013635078
Outer loop 	123	0.0534613420854	-0.000106013986182
	 Inner loop 	344.623115578	0.0534623661049	0.000779728229714	-0.975429197453	1.2696137539	-0.293999994673	0.000595166453419	-0.000190362738202
	 Inner loop 	344.623115578	0.0534610983422	-0.000185560804082	-0.97612981409	1.26962060808	-0.293999998914	0.000323644124168	-8.59386205545e-05
	 Inner loop 	344.623115578	0.0534613420906	3.82459060602e-09	-0.975995134385	1.26961929164	-0.293999998348	0.000375844913435	-0.000106014396182
	 Inner loop 	344.623115578	0.0534613420844	-9.10327450248e-10	-0.975995137821	1.26961929168	-0.293999998348	0.000375843581492	-0.000106013883933
Outer loop 	124	0.0534613420856	-0.000106013982417
	 Inner loop 	345.628140704	0.0534548143257	-0.000955474820031	-0.976950611971	1.26961929167	-0.293999998348	0.000375843827774	-0.00010601397865
	 Inner loop 	345.628140704	0.053456159657	0.000196937050477	-0.976122536409	1.26961088601	-0.293999991952	0.000708579401529	-0.000233979950344
	 Inner loop 	345.628140704	0.0534559300842	4.58964183503e-08	-0.976264009625	1.26961232407	-0.293999993386	0.000651724841452	-0.000212114392227
	 Inner loop 	345.628140704	0.0534559300197	-9.4487445974e-09	-0.976264049392	1.26961232447	-0.293999993386	0.000651708860269	-0.000212108246062
Outer loop 	125	0.0534559300307	-0.000212109295357
	 Inner loop 	346.633165829	0.0534506573313	2.04009744459e-05	-0.976512510978	1.26960534044	-0.293999985116	0.000927556629871	-0.00031819587438
	 Inner loop 	346.633165829	0.0534506312762	-3.81433346499e-06	-0.976529803593	1.26960552048	-0.293999985371	0.000920454151604	-0.000315464349396
	 Inner loop 	346.633165829	0.0534506353805	2.9592391905e-11	-0.976527079679	1.26960549212	-0.293999985331	0.00092157291883	-0.000315894613385
	 Inner loop 	346.633165829	0.0534506353805	-5.52891174684e-12	-0.976527079704	1.26960549212	-0.293999985331	0.000921572908535	-0.000315894609425
Outer loop 	126	0.0534506353805	-0.000315894610049
	 Inner loop 	347.638190955	0.0534415589815	-0.000553673126438	-0.977343755387	1.26959864387	-0.29399997411	0.00119141250425	-0.000419671568642
	 Inner loop 	347.638190955	0.0534421556859	8.73665156792e-05	-0.976890546421	1.26959374266	-0.293999964157	0.00138413443012	-0.000493790029233
	 Inner loop 	347.638190955	0.0534420745574	2.8052358421e-08	-0.976952287977	1.26959441109	-0.293999965609	0.00135787054868	-0.000483689266421
	 Inner loop 	347.638190955	0.0534420745273	-4.41746547978e-09	-0.976952310931	1.26959441134	-0.293999965609	0.00135786078494	-0.000483685511409
Outer loop 	127	0.0534420745314	-0.000483686022271
	 Inner loop 	348.64321608	0.0534276800156	-0.000854241038699	-0.9782316867	1.26958328873	-0.293999937614	0.0017940945469	-0.000651455601651
	 Inner loop 	348.64321608	0.0534283476298	9.77693812305e-05	-0.977569328624	1.26957568549	-0.293999913799	0.0020913263148	-0.00076576725029
	 Inner loop 	348.64321608	0.0534282795597	7.13152556119e-08	-0.977637284325	1.26957646716	-0.293999916422	0.00206080490516	-0.000754029094979
	 Inner loop 	348.64321608	0.0534282795043	-8.11012190001e-09	-0.977637339573	1.26957646779	-0.293999916424	0.00206078009397	-0.000754019552906
Outer loop 	128	0.0534282795099	-0.00075402052725
	 Inner loop 	349.648241206	0.0534059293701	-0.00125311331601	-0.979575239153	1.26955841574	-0.293999845769	0.00276355586986	-0.00102429839334
	 Inner loop 	349.648241206	0.0534063963326	6.84073341032e-05	-0.978678281341	1.26954716616	-0.293999791173	0.0031993136906	-0.00119188544249
	 Inner loop 	349.648241206	0.0534063728624	1.02353151713e-07	-0.97872461412	1.26954774943	-0.293999794201	0.00317676124158	-0.00118321205052
	 Inner loop 	349.648241206	0.0534063728253	-5.43406812256e-09	-0.978724687237	1.26954775035	-0.293999794206	0.00317672565574	-0.00118319836465
	 Inner loop 	349.648241206	0.0534063728271	4.47775497237e-15	-0.978724683551	1.26954775031	-0.293999794206	0.0031767274498	-0.00118319905462
	 Inner loop 	349.648241206	0.0534063728271	-7.98926896861e-15	-0.978724683551	1.26954775031	-0.293999794206	0.00317672744979	-0.00118319905462
Outer loop 	129	0.0534063728271	-0.00118319905462
	 Inner loop 	350.653266332	0.053372657098	-0.0017305209813	-0.981541964062	1.26951875955	-0.293999617903	0.00429230143538	-0.00161223496278
	 Inner loop 	350.653266332	0.0533724014377	-3.7471668689e-05	-0.980434500239	1.26950301838	-0.293999500447	0.00489351063419	-0.00184345255833
	 Inner loop 	350.653266332	0.0533723950871	-1.01594641484e-07	-0.980410086418	1.26950266916	-0.293999497671	0.00490681333806	-0.00184856861312
	 Inner loop 	350.653266332	0.0533723950702	-2.47482445821e-09	-0.980410021665	1.26950266823	-0.293999497663	0.00490684862382	-0.00184858218358
	 Inner loop 	350.653266332	0.0533723950698	3.66113389605e-15	-0.980410020048	1.26950266821	-0.293999497663	0.00490684950484	-0.00184858252241
	 Inner loop 	350.653266332	0.0533723950698	5.52509427099e-16	-0.980410020048	1.26950266821	-0.293999497663	0.00490684950484	-0.00184858252241
Outer loop 	130	0.0533723950698	-0.00184858252241
	 Inner loop 	351.658291457	0.0533231854273	-0.00223366683818	-0.984327605898	1.26945692877	-0.29399907121	0.00663608150042	-0.00251362368438
	 Inner loop 	351.658291457	0.053321503886	-0.000246644965795	-0.98309500829	1.26943621091	-0.293998837915	0.00741099032785	-0.00281164400111
	 Inner loop 	351.658291457	0.0533212880303	-1.05367076667e-06	-0.98294301808	1.2694336307	-0.293998807147	0.00750714085461	-0.00284862230026
	 Inner loop 	351.658291457	0.053321287207	-1.2076863172e-07	-0.982942440881	1.26943362089	-0.29399880703	0.00750750624943	-0.00284876282657
	 Inner loop 	351.658291457	0.0533212871004	-2.48549444914e-13	-0.98294236616	1.26943361962	-0.293998807014	0.00750755355151	-0.00284878101837
	 Inner loop 	351.658291457	0.0533212871004	-2.77139422522e-14	-0.98294236616	1.26943361962	-0.293998807014	0.0075075535516	-0.0028487810184
Outer loop 	131	0.0533212871004	-0.00284878101841
	 Inner loop 	352.663316583	0.0532518969488	-0.00268373722322	-0.988155249472	1.26936308458	-0.293997823123	0.010106250796	-0.00384820772311
	 Inner loop 	352.663316583	0.0532481559661	-0.000549309616722	-0.986924764304	1.26933749217	-0.293997400088	0.0110353626016	-0.00420553259126
	 Inner loop 	352.663316583	0.0532471718003	-3.1911566852e-06	-0.986611135105	1.26933087733	-0.293997285203	0.0112743518224	-0.00429744487919
	 Inner loop 	352.663316583	0.0532471672326	-6.70749687655e-07	-0.986609688811	1.26933084674	-0.293997284667	0.0112754559907	-0.0042978695286
	 Inner loop 	352.663316583	0.053247166017	-4.66500275909e-12	-0.986609303916	1.2693308386	-0.293997284524	0.0112757498401	-0.00429798253943
	 Inner loop 	352.663316583	0.053247166017	-9.85647327645e-13	-0.986609303914	1.2693308386	-0.293997284524	0.0112757498417	-0.00429798254005
Outer loop 	132	0.053247166017	-0.00429798254022
	 Inner loop 	353.668341709	0.0531526277506	-0.00300152256214	-0.993271054842	1.26922493333	-0.293995147314	0.0150397462607	-0.00574556884342
	 Inner loop 	353.668341709	0.0531465763625	-0.00088988443967	-0.992166477023	1.26919521245	-0.293994450892	0.0160758310295	-0.00614403418546
	 Inner loop 	353.668341709	0.0531439859185	-6.08625486186e-06	-0.991706736952	1.26918262204	-0.293994143628	0.0165121722819	-0.00631184561517
	 Inner loop 	353.668341709	0.0531439733954	-1.84182241517e-06	-0.991704532723	1.26918256136	-0.29399414213	0.0165142716696	-0.00631265301362
	 Inner loop 	353.668341709	0.0531439679609	-2.57089870226e-11	-0.991703576248	1.26918253503	-0.29399414148	0.0165151826734	-0.00631300337438
	 Inner loop 	353.668341709	0.0531439679609	-7.7850191571e-12	-0.991703576239	1.26918253503	-0.29399414148	0.0165151826823	-0.00631300337779
Outer loop 	133	0.0531439679608	-0.00631300337926
	 Inner loop 	354.673366834	0.0530194581878	-0.00313922325726	-0.999924122764	1.26902818122	-0.29398981234	0.0217465306242	-0.00832491486385
	 Inner loop 	354.673366834	0.0530113728887	-0.00119134496912	-0.999023994618	1.26899555199	-0.293988771056	0.0228258687148	-0.00874001489655
	 Inner loop 	354.673366834	0.0530063732112	-8.42109813112e-06	-0.998481289027	1.26897547883	-0.293988109743	0.0234854988395	-0.00899370045507
	 Inner loop 	354.673366834	0.053006351188	-3.24568244254e-06	-0.998478921172	1.26897539058	-0.293988106801	0.0234883917111	-0.00899481301759
	 Inner loop 	354.673366834	0.0530063373761	-6.18020946919e-11	-0.998477436265	1.26897533523	-0.293988104956	0.0234902059274	-0.00899551074264
	 Inner loop 	354.673366834	0.0530063373759	-2.38218368642e-11	-0.998477436247	1.26897533523	-0.293988104956	0.0234902059486	-0.0089955107508
Outer loop 	134	0.0530063373758	-0.00899551075592
	 Inner loop 	355.67839196	0.0528477325964	-0.00309739266612	-1.00832579045	1.26875738805	-0.293979971748	0.0304509814795	-0.0116725386216
	 Inner loop 	355.67839196	0.0528382878559	-0.00139519623823	-1.00765040348	1.26872323114	-0.293978548988	0.0315105250899	-0.0120800259429
	 Inner loop 	355.67839196	0.052830488952	-9.15023710449e-06	-1.00710510938	1.26869506464	-0.293977347456	0.0323782419589	-0.0124137390805
	 Inner loop 	355.67839196	0.0528304607434	-4.16809575e-06	-1.00710315685	1.26869496282	-0.293977343067	0.0323813689993	-0.0124149417014
	 Inner loop 	355.67839196	0.0528304371433	-8.08779501704e-11	-1.00710152342	1.26869487763	-0.293977339394	0.0323839850976	-0.0124159478204
	 Inner loop 	355.67839196	0.0528304371431	-3.68410996154e-11	-1.0071015234	1.26869487763	-0.293977339394	0.0323839851252	-0.012415947831
Outer loop 	135	0.0528304371428	-0.0124159478399
	 Inner loop 	356.683417085	0.0526348448831	-0.0029171970948	-1.01860567759	1.2683968924	-0.293963175652	0.0412547637484	-0.0158275391838
	 Inner loop 	356.683417085	0.0526248726802	-0.0014777165775	-1.0181317343	1.26836244318	-0.293961379666	0.0422529542061	-0.0162089207132
	 Inner loop 	356.683417085	0.0526145912134	-7.46058396963e-06	-1.01765236888	1.26832687155	-0.293959493165	0.0432775299114	-0.0166000912332
	 Inner loop 	356.683417085	0.05261456553	-3.80698075335e-06	-1.01765118325	1.26832678264	-0.29395948841	0.043280082036	-0.0166010656033
	 Inner loop 	356.683417085	0.0526145387681	-5.41227132556e-11	-1.0176499479	1.26832669	-0.293959483455	0.0432827412923	-0.016602080875
	 Inner loop 	356.683417085	0.0526145387679	-2.76180467385e-11	-1.01764994789	1.26832669	-0.293959483454	0.0432827413108	-0.016602080882
Outer loop 	136	0.0526145387677	-0.0166020808894
	 Inner loop 	357.688442211	0.0523812276167	-0.00258912969837	-1.03079760748	1.26793214537	-0.293936556513	0.0542128889236	-0.0207750780589
	 Inner loop 	357.688442211	0.052371595548	-0.00143256448534	-1.03049020346	1.26789917709	-0.293934487845	0.0550929497292	-0.021111074551
	 Inner loop 	357.688442211	0.0523596292758	-6.29677071969e-06	-1.03011465148	1.2678581272	-0.293931881724	0.0561821092421	-0.0215269023819
	 Inner loop 	357.688442211	0.052359605735	-3.50228274211e-06	-1.03011391949	1.26785804634	-0.293931876558	0.0561842474222	-0.021527718713
	 Inner loop 	357.688442211	0.0523595762315	-3.73850186919e-11	-1.03011300211	1.267857945	-0.293931870083	0.0561869271602	-0.0215287418043
	 Inner loop 	357.688442211	0.0523595762313	-2.07862962953e-11	-1.03011300211	1.267857945	-0.293931870083	0.0561869271729	-0.0215287418092
Outer loop 	137	0.0523595762311	-0.0215287418152
	 Inner loop 	358.693467337	0.052088830551	-0.00235669633203	-1.04485588241	1.26735251621	-0.293897262455	0.0690439323225	-0.0264373897151
	 Inner loop 	358.693467337	0.0520795064625	-0.00139255916259	-1.0446559879	1.26732002412	-0.293894891952	0.06983829657	-0.0267406683056
	 Inner loop 	358.693467337	0.0520660135359	-4.92510197049e-06	-1.04437107656	1.26727287212	-0.293891423248	0.0709847025852	-0.0271783521535
	 Inner loop 	358.693467337	0.0520659939851	-2.92087566306e-06	-1.04437066741	1.26727280368	-0.29389141819	0.0709863610462	-0.0271789853337
	 Inner loop 	358.693467337	0.0520659654924	-2.15506779089e-11	-1.04437007116	1.26727270395	-0.293891410817	0.0709887780138	-0.0271799081025
	 Inner loop 	358.693467337	0.0520659654923	-1.27778065906e-11	-1.04437007116	1.26727270395	-0.293891410817	0.0709887780211	-0.0271799081053
Outer loop 	138	0.0520659654921	-0.0271799081093
	 Inner loop 	359.698492462	0.0517584849889	-0.00208069216221	-1.06060707504	1.26663891876	-0.293841791999	0.0857292561184	-0.0328076430329
	 Inner loop 	359.698492462	0.0517498693317	-0.00129273972646	-1.06048537442	1.26660778052	-0.29383922343	0.0864240776018	-0.033072917409
	 Inner loop 	359.698492462	0.0517357176214	-3.57236812132e-06	-1.06028824251	1.26655648623	-0.293834967841	0.0875631517546	-0.0335078020412
	 Inner loop 	359.698492462	0.0517357027963	-2.22514237574e-06	-1.06028803778	1.2665564324	-0.293834963359	0.0875643436019	-0.0335082570739
	 Inner loop 	359.698492462	0.0517356783105	-1.05465775002e-11	-1.06028769965	1.26655634349	-0.293834955956	0.0875663121113	-0.0335090086268
	 Inner loop 	359.698492462	0.0517356783104	-6.57274235039e-12	-1.06028769965	1.26655634349	-0.293834955956	0.0875663121148	-0.0335090086282
Outer loop 	139	0.0517356783103	-0.0335090086304
	 Inner loop 	360.703517588	0.0513932245196	-0.00183446381296	-1.07791391881	1.26577868717	-0.293767070505	0.104067838334	-0.0398090902709
	 Inner loop 	360.703517588	0.0513853640056	-0.00118539424196	-1.07784417832	1.2657488721	-0.29376435359	0.104674265566	-0.0400406167985
	 Inner loop 	360.703517588	0.051370998059	-2.57303450696e-06	-1.07771845238	1.26569423247	-0.293759354599	0.105781001472	-0.0404631550821
	 Inner loop 	360.703517588	0.0513709870174	-1.66561514378e-06	-1.0777183566	1.2656941904	-0.29375935074	0.105781851323	-0.0404634795451
	 Inner loop 	360.703517588	0.05137096675	-5.05932795658e-12	-1.0777181808	1.26569411318	-0.293759343657	0.105783411268	-0.0404640751131
	 Inner loop 	360.703517588	0.05137096675	-3.27834981384e-12	-1.0777181808	1.26569411318	-0.293759343657	0.10578341127	-0.0404640751137
Outer loop 	140	0.0513709667499	-0.0404640751149
	 Inner loop 	361.708542714	0.0509955382458	-0.00162464397267	-1.09662193849	1.264757303	-0.293670002833	0.123909994347	-0.0473845836638
	 Inner loop 	361.708542714	0.0509883924353	-0.00108343069553	-1.09658619865	1.26472864862	-0.293667172033	0.124441291369	-0.047587426393
	 Inner loop 	361.708542714	0.0509740324302	-9.29561583277e-06	-1.09651570302	1.26467111844	-0.293661472578	0.12549676154	-0.0479932257323
	 Inner loop 	361.708542714	0.0509739913591	-6.22890456953e-06	-1.09651550347	1.26467095364	-0.293661456221	0.125499777142	-0.047994385407
	 Inner loop 	361.708542714	0.0509739079378	-6.22518425697e-11	-1.09651509819	1.26467061891	-0.293661422997	0.125505902214	-0.0479967408542
	 Inner loop 	361.708542714	0.0509739079375	-4.17104961681e-11	-1.09651509818	1.2646706189	-0.293661422997	0.125505902235	-0.047996740862
Outer loop 	141	0.050973907937	-0.0479967408778
	 Inner loop 	362.713567839	0.0505664520271	-0.00158515864188	-1.11658648307	1.26355890568	-0.293547491066	0.144989909812	-0.05548947691
	 Inner loop 	362.713567839	0.0505593129307	-0.00108858694212	-1.11657163604	1.26352861131	-0.293544294909	0.145498732692	-0.0556851489512
	 Inner loop 	362.713567839	0.0505436583064	-1.68884834365e-06	-1.11653990173	1.26346201762	-0.293537253568	0.146613448836	-0.0561138222517
	 Inner loop 	362.713567839	0.0505436506945	-1.16101914616e-06	-1.11653988657	1.26346198518	-0.293537250134	0.146613990508	-0.0561140305561
	 Inner loop 	362.713567839	0.0505436339514	-1.92318383441e-12	-1.11653985323	1.26346191384	-0.293537242579	0.146615181975	-0.0561144887446
	 Inner loop 	362.713567839	0.0505436339514	-1.32271971154e-12	-1.11653985323	1.26346191384	-0.293537242579	0.146615181975	-0.0561144887448
Outer loop 	142	0.0505436339514	-0.0561144887454
	 Inner loop 	363.718592965	0.0501047554854	-0.0013197625812	-1.13768080448	1.26214980078	-0.293394579485	0.167605820608	-0.0641866122096
	 Inner loop 	363.718592965	0.0500987165162	-0.000926364433083	-1.1376817289	1.26212250803	-0.293391540186	0.168024396623	-0.0643475790735
	 Inner loop 	363.718592965	0.050084494194	-1.09907651899e-06	-1.13768434492	1.2620581005	-0.293384357289	0.169009502635	-0.0647264097271
	 Inner loop 	363.718592965	0.0500844891624	-7.72036905405e-07	-1.13768434595	1.26205807768	-0.293384354741	0.169009850979	-0.064726543686
	 Inner loop 	363.718592965	0.0500844772844	-7.54424300808e-13	-1.13768434839	1.26205802381	-0.293384348728	0.169010673311	-0.0647268599203
	 Inner loop 	363.718592965	0.0500844772844	-5.27633492453e-13	-1.13768434839	1.26205802381	-0.293384348728	0.169010673311	-0.0647268599204
Outer loop 	143	0.0500844772844	-0.0647268599206
	 Inner loop 	364.72361809	0.0496175252685	-0.00120307025425	-1.15980376082	1.26053655879	-0.293210780792	0.191274912572	-0.0732887570267
	 Inner loop 	364.72361809	0.049611951013	-0.000860368808262	-1.15981421819	1.2605097139	-0.293207657661	0.191651793138	-0.0734336895611
	 Inner loop 	364.72361809	0.0495979557677	-8.63361598352e-07	-1.15984074679	1.2604421925	-0.293199793795	0.192597484728	-0.0737973630735
	 Inner loop 	364.72361809	0.0495979517661	-6.17790872043e-07	-1.15984075443	1.26044217316	-0.293199791542	0.192597755018	-0.0737974670157
	 Inner loop 	364.72361809	0.049597941699	-4.57023308087e-13	-1.15984077365	1.26044212453	-0.293199785874	0.192598434995	-0.0737977285065
	 Inner loop 	364.72361809	0.049597941699	-3.26877414025e-13	-1.15984077365	1.26044212453	-0.293199785874	0.192598434995	-0.0737977285065
Outer loop 	144	0.049597941699	-0.0737977285067
	 Inner loop 	365.728643216	0.0491045735693	-0.00106119467765	-1.18285358256	1.25869437056	-0.292992435996	0.216090453312	-0.0828136188142
	 Inner loop 	365.728643216	0.0490996185911	-0.000769645165205	-1.18286957919	1.25866888814	-0.292989363853	0.216420409745	-0.0829398476859
	 Inner loop 	365.728643216	0.0490865381184	-6.32362270464e-07	-1.18291195848	1.25860151415	-0.292981235153	0.21729104712	-0.0832729206696
	 Inner loop 	365.728643216	0.0490865351651	-4.58836837358e-07	-1.18291196807	1.25860149892	-0.292981233315	0.217291243629	-0.0832729958465
	 Inner loop 	365.728643216	0.0490865273558	-2.07944772512e-13	-1.18291199344	1.25860145865	-0.292981228454	0.217291763239	-0.0832731946296
	 Inner loop 	365.728643216	0.0490865273558	-1.52489132432e-13	-1.18291199344	1.25860145865	-0.292981228454	0.217291763239	-0.0832731946296
Outer loop 	145	0.0490865273558	-0.0832731946297
	 Inner loop 	366.733668342	0.0485690114145	-0.00095380549607	-1.20673741718	1.25661522911	-0.292737968111	0.241906350686	-0.0926898063233
	 Inner loop 	366.733668342	0.0485645222319	-0.000701802591257	-1.20675665126	1.25659065333	-0.29273491855	0.242199113887	-0.0928018064689
	 Inner loop 	366.733668342	0.0485520206134	-4.89032333351e-07	-1.20681029544	1.25652212192	-0.292726409983	0.243014094469	-0.0931135872656
	 Inner loop 	366.733668342	0.0485520183113	-3.59956275481e-07	-1.20681030533	1.25652210929	-0.292726408414	0.243014244497	-0.0931136446606
	 Inner loop 	366.733668342	0.0485520118916	-1.38583589049e-13	-1.20681033291	1.25652207407	-0.292726404039	0.243014662882	-0.0931138047188
	 Inner loop 	366.733668342	0.0485520118916	-1.05360165037e-13	-1.20681033291	1.25652207407	-0.292726404039	0.243014662882	-0.0931138047189
Outer loop 	146	0.0485520118916	-0.0931138047189
	 Inner loop 	367.738693467	0.0480113841929	-0.000961731986782	-1.23137528005	1.25428374148	-0.292445112388	0.268574918973	-0.102892193526
	 Inner loop 	367.738693467	0.0480068288725	-0.000716809358259	-1.23139857415	1.25425722679	-0.292441744675	0.268866282679	-0.103003658278
	 Inner loop 	367.738693467	0.0479934975801	-4.78351463717e-07	-1.23146679107	1.254179529	-0.292431871704	0.269718655418	-0.103329743902
	 Inner loop 	367.738693467	0.0479934953141	-3.56647160027e-07	-1.23146680267	1.25417951578	-0.292431870023	0.269718800263	-0.103329799314
	 Inner loop 	367.738693467	0.0479934886737	-1.18405285576e-13	-1.23146683666	1.25417947704	-0.292431865099	0.269719224722	-0.103329961696
	 Inner loop 	367.738693467	0.0479934886737	-9.10382880193e-14	-1.23146683666	1.25417947704	-0.292431865099	0.269719224722	-0.103329961696
Outer loop 	147	0.0479934886736	-0.103329961696
	 Inner loop 	368.743718593	0.047428811848	-0.000974691194123	-1.25671687898	1.25166332114	-0.292108992332	0.296187858971	-0.113480446109
	 Inner loop 	368.743718593	0.0474241530175	-0.00073797927463	-1.25674361877	1.25163463213	-0.292105279265	0.296476286629	-0.113591922913
	 Inner loop 	368.743718593	0.0474096296	-4.84642306342e-07	-1.25682699291	1.25154508074	-0.292093684971	0.297375112499	-0.113939317596
	 Inner loop 	368.743718593	0.0474096272833	-3.67053260342e-07	-1.25682700621	1.25154506644	-0.29209368312	0.297375255836	-0.113939372995
	 Inner loop 	368.743718593	0.0474096200518	-1.16628928737e-13	-1.25682704773	1.25154502181	-0.292093677339	0.297375703262	-0.113939545925
	 Inner loop 	368.743718593	0.0474096200518	-8.84292639114e-14	-1.25682704773	1.25154502181	-0.292093677339	0.297375703262	-0.113939545925
Outer loop 	148	0.0474096200518	-0.113939545925
	 Inner loop 	369.748743719	0.0468190046452	-0.00107587832911	-1.28271847987	1.24872078979	-0.291725140918	0.324646952674	-0.124479837839
	 Inner loop 	369.748743719	0.0468138421532	-0.000823299125609	-1.28275069387	1.24868704507	-0.29172070732	0.324961056994	-0.124601238629
	 Inner loop 	369.748743719	0.0467970163441	-5.72229093221e-07	-1.28285567023	1.24857691033	-0.291706232673	0.325984420345	-0.124996766839
	 Inner loop 	369.748743719	0.0467970135981	-4.3802192734e-07	-1.28285568736	1.24857689234	-0.291706230308	0.32598458731	-0.12499683137
	 Inner loop 	369.748743719	0.0467970046359	-1.77136083579e-13	-1.28285574327	1.24857683361	-0.291706222588	0.325985132245	-0.124997041987
	 Inner loop 	369.748743719	0.0467970046359	-1.3705703239e-13	-1.28285574327	1.24857683361	-0.291706222588	0.325985132245	-0.124997041987
Outer loop 	149	0.0467970046359	-0.124997041987
	 Inner loop 	370.753768844	0.0461791295247	-0.000844536598034	-1.30936225738	1.24539948745	-0.29128603388	0.354404267214	-0.135980989733
	 Inner loop 	370.753768844	0.0461750649429	-0.000652676383531	-1.30938915094	1.2453713014	-0.291282286454	0.354647459604	-0.136074983182
	 Inner loop 	370.753768844	0.0461612391654	-3.42656092334e-07	-1.30948059981	1.24527532509	-0.291269523763	0.355474455825	-0.136394615827
	 Inner loop 	370.753768844	0.0461612375162	-2.64869836675e-07	-1.30948061072	1.24527531363	-0.291269522239	0.35547455445	-0.136394653945
	 Inner loop 	370.753768844	0.0461612319006	-6.07847105982e-14	-1.30948064785	1.24527527462	-0.29126951705	0.35547489028	-0.136394783743
	 Inner loop 	370.753768844	0.0461612319006	-5.38458166943e-14	-1.30948064785	1.24527527462	-0.29126951705	0.35547489028	-0.136394783743
Outer loop 	150	0.0461612319006	-0.136394783743
	 Inner loop 	371.75879397	0.0455179794954	-0.00120925741243	-1.33653069915	1.24174806589	-0.290798275592	0.384371651438	-0.147716233535
	 Inner loop 	371.75879397	0.0455120806746	-0.000953750531511	-1.33657088613	1.24170522454	-0.290792528804	0.384704439867	-0.147848984112
	 Inner loop 	371.75879397	0.0454900651572	-7.29064825511e-07	-1.33672076441	1.24154508893	-0.290771043759	0.385945990167	-0.148344243274
	 Inner loop 	371.75879397	0.0454900616007	-5.75185468754e-07	-1.33672078861	1.24154506303	-0.290771040284	0.385946190669	-0.148344323255
	 Inner loop 	371.75879397	0.0454900483072	-2.67730282388e-13	-1.33672087905	1.24154496622	-0.290771027293	0.385946940123	-0.148344622215
	 Inner loop 	371.75879397	0.0454900483072	-2.08333350571e-13	-1.33672087905	1.24154496622	-0.290771027293	0.385946940123	-0.148344622215
Outer loop 	151	0.0454900483072	-0.148344622215
	 Inner loop 	372.763819095	0.0448107799684	-0.00131641598249	-1.3643428563	1.23756258625	-0.290234851265	0.415698705325	-0.160212715116
	 Inner loop 	372.763819095	0.0448043502284	-0.00104701998026	-1.36438779475	1.23751307722	-0.290228166205	0.416055863757	-0.16035518698
	 Inner loop 	372.763819095	0.044779365347	-8.42068065665e-07	-1.36456224633	1.23732038524	-0.29020214376	0.417443162776	-0.160908585863
	 Inner loop 	372.763819095	0.0447793612342	-6.69939400455e-07	-1.36456227502	1.23732035348	-0.290202139471	0.417443391069	-0.16090867693
	 Inner loop 	372.763819095	0.0447793452268	-3.47499806708e-13	-1.3645623867	1.23732022987	-0.290202122775	0.417444279605	-0.160909031371
	 Inner loop 	372.763819095	0.0447793452268	-2.77500245005e-13	-1.3645623867	1.23732022987	-0.290202122775	0.417444279605	-0.160909031371
Outer loop 	152	0.0447793452268	-0.160909031371
	 Inner loop 	373.768844221	0.0440637550069	-0.000801585363878	-1.39274288605	1.23281200637	-0.289591867804	0.448721162122	-0.1733854994
	 Inner loop 	373.768844221	0.0440598371432	-0.000642635363494	-1.39277062185	1.23278002198	-0.289587530255	0.448935494765	-0.173470997511
	 Inner loop 	373.768844221	0.0440439990774	-3.04692128306e-07	-1.39288266543	1.23265060231	-0.28956997815	0.449801736578	-0.173816544682
	 Inner loop 	373.768844221	0.0440439975882	-2.44313547171e-07	-1.39288267596	1.23265059013	-0.289569976499	0.449801818012	-0.173816577167
	 Inner loop 	373.768844221	0.0440439915624	-2.10942374679e-14	-1.39288271856	1.23265054086	-0.289569969815	0.449802147523	-0.17381670861
	 Inner loop 	373.768844221	0.0440439915624	-1.85407245112e-14	-1.39288271856	1.23265054086	-0.289569969815	0.449802147523	-0.17381670861
Outer loop 	153	0.0440439915624	-0.17381670861
	 Inner loop 	374.773869347	0.0433078895178	-0.000123626700679	-1.4214954273	1.22767623337	-0.288894496134	0.482590063363	-0.186634158109
	 Inner loop 	374.773869347	0.0433072893991	-9.9135727504e-05	-1.42149972135	1.22767101535	-0.288893786937	0.482623357211	-0.186647157939
	 Inner loop 	374.773869347	0.0433048602534	-6.78321443459e-09	-1.42151710064	1.22764989112	-0.288890915867	0.482758118607	-0.186699776522
	 Inner loop 	374.773869347	0.0433048602205	-5.43956374388e-09	-1.42151710088	1.22764989083	-0.288890915828	0.482758120433	-0.186699777235
Outer loop 	154	0.0433048600872	-0.186699780123
	 Inner loop 	375.778894472	0.042561532182	-0.000697891438236	-1.45039825876	1.22234017116	-0.288169005137	0.515529201295	-0.199495488156
	 Inner loop 	375.778894472	0.042558144325	-0.000563441894253	-1.45042243486	1.22230914007	-0.288164785796	0.515714638685	-0.199567893556
	 Inner loop 	375.778894472	0.0425439482026	-2.11385595472e-07	-1.45052366395	1.22217901345	-0.288147092381	0.516491531495	-0.1998712371
	 Inner loop 	375.778894472	0.0425439471765	-1.70683175815e-07	-1.45052367126	1.22217900404	-0.288147091101	0.516491587641	-0.199871259023
	 Inner loop 	375.778894472	0.0425439428735	-2.59792187762e-14	-1.45052370193	1.22217896457	-0.288147085735	0.51649182309	-0.199871350955
	 Inner loop 	375.778894472	0.0425439428735	-2.0650148258e-14	-1.45052370193	1.22217896457	-0.288147085735	0.51649182309	-0.199871350955
Outer loop 	155	0.0425439428735	-0.199871350955
	 Inner loop 	376.783919598	0.0417737559372	-0.00155216423885	-1.47973641997	1.21637887868	-0.287358774939	0.549164151989	-0.212954278022
	 Inner loop 	376.783919598	0.0417661055971	-0.00128110905843	-1.47978955629	1.21630618374	-0.287348900982	0.549551164478	-0.213113127405
	 Inner loop 	376.783919598	0.0417299568551	-1.13139383395e-06	-1.48004014366	1.21596209176	-0.287302166688	0.551379087197	-0.213863398795
	 Inner loop 	376.783919598	0.0417299512793	-9.34062313052e-07	-1.48004018225	1.21596203861	-0.287302159469	0.551379369051	-0.213863514482
	 Inner loop 	376.783919598	0.0417299248863	-6.11843908871e-13	-1.48004036492	1.21596178702	-0.2873021253	0.551380703199	-0.213864062083
	 Inner loop 	376.783919598	0.0417299248863	-5.05817610019e-13	-1.48004036492	1.21596178702	-0.2873021253	0.551380703199	-0.213864062083
Outer loop 	156	0.0417299248863	-0.213864062083
	 Inner loop 	377.788944724	0.040906866613	-0.00152478022347	-1.50971903982	1.2093657302	-0.286407343635	0.585235873036	-0.227759925974
	 Inner loop 	377.788944724	0.0408993599537	-0.00126620484055	-1.5097699905	1.20929034001	-0.286397130587	0.585610576233	-0.227913723005
	 Inner loop 	377.788944724	0.0408626107117	-1.06602113237e-06	-1.51001890017	1.20892064843	-0.286347053903	0.587444239622	-0.228666350654
	 Inner loop 	377.788944724	0.0408626054642	-8.8545590482e-07	-1.51001893565	1.20892059557	-0.286347046743	0.58744450137	-0.228666458088
	 Inner loop 	377.788944724	0.0408625797316	-5.14366327309e-13	-1.51001910964	1.20892033634	-0.286347011633	0.587445784928	-0.228666984925
	 Inner loop 	377.788944724	0.0408625797316	-4.31987778882e-13	-1.51001910964	1.20892033634	-0.286347011633	0.587445784928	-0.228666984925
Outer loop 	157	0.0408625797315	-0.228666984926
	 Inner loop 	378.793969849	0.0399833454827	-0.00202013423802	-1.54010908894	1.20144586294	-0.285336569083	0.621979660843	-0.243365248113
	 Inner loop 	378.793969849	0.0399731344985	-0.00173516002908	-1.5401742648	1.20134038421	-0.285322339572	0.62242106013	-0.243566020512
	 Inner loop 	378.793969849	0.0399109892378	-2.26811440041e-06	-1.54056953749	1.2006967992	-0.28523553647	0.625106006648	-0.244787280194
	 Inner loop 	378.793969849	0.0399109777763	-1.9487537366e-06	-1.54056961017	1.20069668024	-0.285235520429	0.625106501601	-0.244787505325
	 Inner loop 	378.793969849	0.0399109078381	-2.83761902864e-12	-1.54057005366	1.20069595437	-0.285235422547	0.625109521826	-0.244788879088
	 Inner loop 	378.793969849	0.0399109078381	-2.43871589589e-12	-1.54057005366	1.20069595437	-0.285235422547	0.625109521826	-0.244788879088
Outer loop 	158	0.039910907838	-0.24478887909
	 Inner loop 	379.798994975	0.0389418121557	-0.00298409848775	-1.57116265575	1.19194613744	-0.284058748864	0.66029116869	-0.260791405235
	 Inner loop 	379.798994975	0.0389267692958	-0.0025766611999	-1.5712540056	1.19178101516	-0.284036607989	0.660932937235	-0.261083316469
	 Inner loop 	379.798994975	0.0388316994711	-4.81293864407e-06	-1.57182799076	1.19073365448	-0.283896227831	0.664985751176	-0.262926756638
	 Inner loop 	379.798994975	0.0388316752187	-4.15754422434e-06	-1.57182813645	1.19073338646	-0.283896191921	0.664986784368	-0.26292722659
	 Inner loop 	379.798994975	0.0388315213718	-1.250799464e-11	-1.57182906063	1.19073168625	-0.283895964119	0.664993338488	-0.262930207761
	 Inner loop 	379.798994975	0.0388315213718	-1.08001385613e-11	-1.57182906063	1.19073168624	-0.283895964119	0.664993338491	-0.262930207762
Outer loop 	159	0.0388315213714	-0.262930207769
	 Inner loop 	380.804020101	0.037758297543	0.00106470117062	-1.60301963028	1.18008501968	-0.282474850022	0.7064741618	-0.280927123106
	 Inner loop 	380.804020101	0.0377635460344	0.000906727438926	-1.60298945766	1.18014775539	-0.282483191796	0.706231621504	-0.280824765066
	 Inner loop 	380.804020101	0.0377936768399	-5.0549768893e-07	-1.60281587799	1.18050751198	-0.282531035015	0.704838895523	-0.280237000048
	 Inner loop 	380.804020101	0.0377936743477	-4.3043624931e-07	-1.60281589237	1.18050748225	-0.282531031062	0.704839010741	-0.280237048673
	 Inner loop 	380.804020101	0.0377936600566	-1.21458398894e-13	-1.60281597485	1.18050731178	-0.282531008388	0.704839671452	-0.280237327509
	 Inner loop 	380.804020101	0.0377936600566	-1.04805053525e-13	-1.60281597485	1.18050731178	-0.282531008388	0.704839671452	-0.280237327509
Outer loop 	160	0.0377936600566	-0.280237327509
	 Inner loop 	381.809045226	0.0367580717961	0.000395394672439	-1.63370949539	1.16964591451	-0.281092269268	0.745551244828	-0.297418624456
	 Inner loop 	381.809045226	0.0367600165271	0.000338278157665	-1.6336990193	1.1696704031	-0.281095499741	0.745462394101	-0.297381127239
	 Inner loop 	381.809045226	0.0367715352074	-6.7573625695e-08	-1.63363691536	1.16981539112	-0.281114627445	0.744936084111	-0.297159011327
	 Inner loop 	381.809045226	0.036771534875	-5.78095759041e-08	-1.63363691715	1.16981538694	-0.281114626893	0.744936099299	-0.297159017737
	 Inner loop 	381.809045226	0.0367715329072	8.77076189454e-15	-1.63363692777	1.16981536218	-0.281114623627	0.74493618922	-0.297159055686
	 Inner loop 	381.809045226	0.0367715329072	9.88098491916e-15	-1.63363692777	1.16981536218	-0.281114623627	0.74493618922	-0.297159055686
Outer loop 	161	0.0367715329072	-0.297159055686
	 Inner loop 	382.814070352	0.0357388446933	-0.00184913825599	-1.6643305339	1.15849941287	-0.27962819463	0.783610177404	-0.313965716834
	 Inner loop 	382.814070352	0.0357296803224	-0.00160469826545	-1.66437580076	1.15837921234	-0.279612475624	0.784004365782	-0.314138793462
	 Inner loop 	382.814070352	0.0356695396457	-1.55511685085e-06	-1.66467142101	1.15758884943	-0.279509154115	0.786590170575	-0.315274144982
	 Inner loop 	382.814070352	0.0356695319403	-1.34982556121e-06	-1.66467145872	1.157588748	-0.279509140859	0.786590501762	-0.315274290396
	 Inner loop 	382.814070352	0.0356694812758	-1.08546505118e-12	-1.66467170671	1.15758808103	-0.279509053696	0.786592679374	-0.315275246522
	 Inner loop 	382.814070352	0.0356694812758	-9.44466727049e-13	-1.66467170671	1.15758808103	-0.279509053696	0.786592679374	-0.315275246522
Outer loop 	162	0.0356694812758	-0.315275246523
	 Inner loop 	383.819095477	0.0345611429581	-0.0011087536114	-1.69547763312	1.14462737232	-0.277823822588	0.827565329772	-0.333265959919
	 Inner loop 	383.819095477	0.0345556485424	-0.000969060761935	-1.69550182903	1.14455131793	-0.277813983823	0.827795434161	-0.333368243838
	 Inner loop 	383.819095477	0.0345175415188	-5.50712799474e-07	-1.69566906044	1.14402321468	-0.277745681927	0.829390976969	-0.334077480073
	 Inner loop 	383.819095477	0.0345175387901	-4.81383866435e-07	-1.69566907238	1.14402317683	-0.277745677032	0.829391091195	-0.334077530848
	 Inner loop 	383.819095477	0.0345175198437	-1.30229160789e-13	-1.69566915527	1.14402291399	-0.277745643045	0.829391884322	-0.334077883402
	 Inner loop 	383.819095477	0.0345175198437	-1.16795462191e-13	-1.69566915527	1.14402291399	-0.277745643045	0.829391884322	-0.334077883402
Outer loop 	163	0.0345175198437	-0.334077883402
	 Inner loop 	384.824120603	0.0333588408887	-0.00119297016515	-1.72634610171	1.12964691554	-0.275897056472	0.871403272477	-0.352752405099
	 Inner loop 	384.824120603	0.033352947746	-0.00104660702988	-1.72636871321	1.12956068682	-0.27588603031	0.871647449665	-0.352860944531
	 Inner loop 	384.824120603	0.0333108167693	-6.05744493121e-07	-1.72652964336	1.12894346163	-0.275807126361	0.873392702349	-0.353636728445
	 Inner loop 	384.824120603	0.0333108137774	-5.3148771173e-07	-1.72652965474	1.12894341775	-0.275807120753	0.87339282626	-0.353636783524
	 Inner loop 	384.824120603	0.0333107923634	-1.6364687383e-13	-1.72652973622	1.12894310369	-0.275807080614	0.873393713141	-0.353637177753
	 Inner loop 	384.824120603	0.0333107923634	-1.42996725572e-13	-1.72652973622	1.12894310369	-0.275807080614	0.873393713141	-0.353637177753
Outer loop 	164	0.0333107923634	-0.353637177753
	 Inner loop 	385.829145729	0.0320969960332	-0.0012639182664	-1.75696209523	1.11296239036	-0.273777023418	0.916512810015	-0.373065689856
	 Inner loop 	385.829145729	0.0320907270116	-0.00112094923071	-1.75698199442	1.11286610111	-0.273764865705	0.916759809778	-0.373179132805
	 Inner loop 	385.829145729	0.0320415868373	-6.86625495905e-07	-1.75713699468	1.11211030549	-0.273669467513	0.918695470071	-0.374068149898
	 Inner loop 	385.829145729	0.0320415834322	-6.09024696785e-07	-1.75713700536	1.11211025306	-0.273669460897	0.91869560417	-0.374068211487
	 Inner loop 	385.829145729	0.0320415567087	-2.0650148258e-13	-1.75713708918	1.11210984155	-0.273669408969	0.918696656598	-0.37406869485
	 Inner loop 	385.829145729	0.0320415567087	-1.8574031202e-13	-1.75713708918	1.11210984155	-0.273669408969	0.918696656598	-0.37406869485
Outer loop 	165	0.0320415567087	-0.374068694851
	 Inner loop 	386.834170854	0.0307642130082	-0.00145941523004	-1.78718442762	1.09426678537	-0.271432621006	0.962890848025	-0.394366363677
	 Inner loop 	386.834170854	0.0307570001056	-0.00129834368725	-1.78720213167	1.09414952726	-0.271418017725	0.963172278442	-0.394495620061
	 Inner loop 	386.834170854	0.0306988751797	-8.39915600293e-07	-1.78734339024	1.09320315883	-0.271300202473	0.965439593973	-0.395536960977
	 Inner loop 	386.834170854	0.0306988710294	-7.47300566428e-07	-1.78734340024	1.09320309116	-0.271300194052	0.965439755829	-0.395537035315
	 Inner loop 	386.834170854	0.0306988375411	-2.69340105774e-13	-1.7873434809	1.09320254517	-0.271300126104	0.965441061831	-0.39553763514
	 Inner loop 	386.834170854	0.0306988375411	-2.40363284831e-13	-1.7873434809	1.09320254517	-0.271300126104	0.965441061831	-0.39553763514
Outer loop 	166	0.0306988375411	-0.395537635141
	 Inner loop 	387.83919598	0.0293417824252	-0.00259730942615	-1.81682172605	1.07314955897	-0.268822185102	1.00989704276	-0.416868967433
	 Inner loop 	387.83919598	0.0293288706896	-0.00233942616871	-1.81684254561	1.07292921974	-0.268795149981	1.01036904968	-0.417096017885
	 Inner loop 	387.83919598	0.0292118000879	-2.61066166507e-06	-1.81702556974	1.07092560898	-0.268549498934	1.01464684903	-0.419153776442
	 Inner loop 	387.83919598	0.029211787115	-2.35185249586e-06	-1.81702558945	1.07092538638	-0.26854947166	1.01464732288	-0.419154004378
	 Inner loop 	387.83919598	0.0292116692275	-2.58149057686e-12	-1.81702576853	1.07092336352	-0.26854922382	1.01465162883	-0.419156075676
	 Inner loop 	387.83919598	0.0292116692275	-2.32902586106e-12	-1.81702576853	1.07092336352	-0.26854922382	1.01465162883	-0.419156075677
Outer loop 	167	0.0292116692274	-0.419156075679
	 Inner loop 	388.844221106	0.0277175921253	-0.00126027994382	-1.84566382231	1.04721783048	-0.265667803486	1.06285351537	-0.442621431595
	 Inner loop 	388.844221106	0.0277113306485	-0.00114223065875	-1.84566747015	1.04710434363	-0.265654116973	1.06307501284	-0.442730108623
	 Inner loop 	388.844221106	0.0276507602183	-5.2160927555e-07	-1.84570116104	1.04600496763	-0.2655215841	1.0652172559	-0.443781193321
	 Inner loop 	388.844221106	0.0276507576273	-4.72780102179e-07	-1.84570116242	1.04600492054	-0.265521578426	1.06521734752	-0.443781238275
	 Inner loop 	388.844221106	0.0276507325404	-6.83897383169e-14	-1.84570117577	1.04600446462	-0.265521523482	1.06521823464	-0.443781673534
	 Inner loop 	388.844221106	0.0276507325404	-6.28386231938e-14	-1.84570117577	1.04600446462	-0.265521523482	1.06521823464	-0.443781673534
Outer loop 	168	0.0276507325404	-0.443781673535
	 Inner loop 	389.849246231	0.0260816391882	-0.00149706918609	-1.87306413602	1.01949082024	-0.26235290123	1.11442914782	-0.468255908499
	 Inner loop 	389.849246231	0.0260741775011	-0.0013695528637	-1.87306014554	1.01934804543	-0.26233597809	1.11467852534	-0.468383430193
	 Inner loop 	389.849246231	0.025994061555	-5.43021470456e-07	-1.8730143835	1.01781234977	-0.262154043526	1.11735553424	-0.469752345552
	 Inner loop 	389.849246231	0.0259940588492	-4.96788973958e-07	-1.87301438187	1.01781229782	-0.262154037374	1.11735562463	-0.469752391776
	 Inner loop 	389.849246231	0.0259940297741	-9.99200722163e-14	-1.87301436429	1.01781173959	-0.262153971271	1.11735659597	-0.469752888479
	 Inner loop 	389.849246231	0.0259940297741	-9.1704421834e-14	-1.87301436429	1.01781173959	-0.262153971271	1.11735659597	-0.469752888479
Outer loop 	169	0.0259940297741	-0.46975288848
	 Inner loop 	390.854271357	0.0243262538386	-0.00204420293516	-1.89862616817	0.987796258718	-0.258630694432	1.16741640095	-0.495573279031
	 Inner loop 	390.854271357	0.0243160078381	-0.00189156518282	-1.89860723837	0.987589451698	-0.258606627581	1.16773284907	-0.495745394289
	 Inner loop 	390.854271357	0.0241890910184	-2.43241534026e-07	-1.89836496294	0.98502092379	-0.258307948868	1.17165174478	-0.497876870841
	 Inner loop 	390.854271357	0.0241890897997	-2.25075596605e-07	-1.89836496055	0.985020899067	-0.258307945995	1.1716517824	-0.497876891303
	 Inner loop 	390.854271357	0.0241890747007	3.57491813929e-14	-1.89836493086	0.985020592743	-0.2583079104	1.17165224852	-0.497877144825
	 Inner loop 	390.854271357	0.0241890747007	3.28626015289e-14	-1.89836493086	0.985020592743	-0.2583079104	1.17165224852	-0.497877144825
Outer loop 	170	0.0241890747007	-0.497877144825
	 Inner loop 	391.859296482	0.0223700741724	-0.00260738481023	-1.9213426288	0.950035106085	-0.254280386269	1.22298052417	-0.525846662987
	 Inner loop 	391.859296482	0.0223570367302	-0.00242034693675	-1.92129660559	0.949754186154	-0.254248341986	1.22337041448	-0.526063765813
	 Inner loop 	391.859296482	0.0221884236856	1.99402837442e-06	-1.92068569215	0.946108697494	-0.253832913698	1.22841190238	-0.528871020169
	 Inner loop 	391.859296482	0.0221884336499	1.85068915104e-06	-1.92068572911	0.946108913604	-0.253832938302	1.2284116045	-0.528870854301
	 Inner loop 	391.859296482	0.0221885623009	1.2532197502e-12	-1.9206862064	0.94611170385	-0.25383325598	1.22840775853	-0.528868712748
	 Inner loop 	391.859296482	0.0221885623009	1.16284759599e-12	-1.9206862064	0.94611170385	-0.25383325598	1.22840775853	-0.528868712748
Outer loop 	171	0.0221885623009	-0.528868712747
	 Inner loop 	392.864321608	0.0201837070346	-0.000810363967569	-1.93945294095	0.904472009545	-0.249139556638	1.28331012407	-0.559701828465
	 Inner loop 	392.864321608	0.0201796497666	-0.000757079078204	-1.93942944693	0.904378623344	-0.249129131339	1.28342287584	-0.559768613299
	 Inner loop 	392.864321608	0.0201220152003	6.99408591931e-07	-1.93909347928	0.903050557324	-0.248980917743	1.2850245391	-0.560717306296
	 Inner loop 	392.864321608	0.0201220187011	6.53331100109e-07	-1.93909349981	0.903050638078	-0.248980926752	1.28502444182	-0.560717248671
	 Inner loop 	392.864321608	0.0201220683392	5.6399329651e-13	-1.93909379096	0.90305178308	-0.248981054498	1.28502306238	-0.560716431606
	 Inner loop 	392.864321608	0.0201220683392	5.25135490648e-13	-1.93909379096	0.90305178308	-0.248981054498	1.28502306238	-0.560716431606
Outer loop 	172	0.0201220683393	-0.560716431606
	 Inner loop 	393.869346734	0.0180470449426	-0.00159777167295	-1.95262752263	0.857049187909	-0.243898591439	1.33787915449	-0.592428610482
	 Inner loop 	393.869346734	0.018039043028	-0.00149897432546	-1.9525581202	0.856853187573	-0.243877140458	1.33808309876	-0.592559266626
	 Inner loop 	393.869346734	0.0179176982937	6.68362880818e-06	-1.95149230901	0.853873889848	-0.243551277066	1.34117637985	-0.59454096573
	 Inner loop 	393.869346734	0.01791773174	6.26666959613e-06	-1.95149260626	0.853874712863	-0.243551367032	1.3411755271	-0.594540419414
	 Inner loop 	393.869346734	0.0179182344219	1.18099530155e-10	-1.95149707357	0.853887082249	-0.243552719166	1.3411627106	-0.594532208575
	 Inner loop 	393.869346734	0.0179182344225	1.10734532655e-10	-1.95149707357	0.853887082263	-0.243552719167	1.34116271059	-0.594532208565
Outer loop 	173	0.0179182344314	-0.59453220842
	 Inner loop 	394.874371859	0.0157186916405	0.000806282481095	-1.9559626337	0.801357064129	-0.237865739212	1.39327759127	-0.628233212573
	 Inner loop 	394.874371859	0.0157226700304	0.000747519093592	-1.95601673856	0.801462618554	-0.23787706209	1.39317870119	-0.628167679369
	 Inner loop 	394.874371859	0.0157732958072	2.68450768615e-06	-1.9567012421	0.80280432612	-0.238021022418	1.3919206229	-0.627333966748
	 Inner loop 	394.874371859	0.0157733090612	2.49021636578e-06	-1.95670142034	0.802804677022	-0.238021060077	1.39192029361	-0.627333748529
	 Inner loop 	394.874371859	0.0157734789368	2.97872837507e-11	-1.9567037048	0.80280917449	-0.238021542747	1.39191607309	-0.627330951644
	 Inner loop 	394.874371859	0.0157734789369	2.76336731275e-11	-1.95670370481	0.802809174494	-0.238021542747	1.39191607309	-0.627330951642
Outer loop 	174	0.0157734789388	-0.627330951611
	 Inner loop 	395.879396985	0.0136650581624	0.00683834358707	-1.94933377044	0.74854527285	-0.232247537094	1.43987437828	-0.660056467336
	 Inner loop 	395.879396985	0.013698029779	0.00620527054318	-1.95005963157	0.749491003723	-0.232347369385	1.43912126777	-0.659502474826
	 Inner loop 	395.879396985	0.0140227384267	0.000274149079011	-1.95685513478	0.75871474956	-0.233322447785	1.43173698208	-0.65407055091
	 Inner loop 	395.879396985	0.0140240716359	0.000250857097278	-1.95688179307	0.758752296266	-0.233326422288	1.43170677619	-0.654048331274
	 Inner loop 	395.879396985	0.0140384330897	4.69242360301e-07	-1.95716834931	0.759156589903	-0.2333692215	1.43138145015	-0.653809019535
	 Inner loop 	395.879396985	0.0140384353725	4.29518103306e-07	-1.95716839477	0.759156654141	-0.233369228301	1.43138139845	-0.653808981503
	 Inner loop 	395.879396985	0.0140384600546	1.38489220092e-12	-1.9571688863	0.75915734872	-0.233369301835	1.43138083942	-0.653808570275
	 Inner loop 	395.879396985	0.0140384600546	1.27053922938e-12	-1.9571688863	0.759157348721	-0.233369301835	1.43138083942	-0.653808570275
Outer loop 	175	0.0140384600547	-0.653808570274
	 Inner loop 	396.884422111	0.0123572260451	0.0101277904255	-1.94207970184	0.713431184172	-0.228558896153	1.46733520424	-0.68025681218
	 Inner loop 	396.884422111	0.0124033889446	0.00869244429333	-1.94369780187	0.714879647637	-0.228710387643	1.46622098617	-0.679437186818
	 Inner loop 	396.884422111	0.0126858263523	0.000536476769232	-1.95292130058	0.723610124721	-0.229624664057	1.45947231668	-0.674472825916
	 Inner loop 	396.884422111	0.01268831676	0.000468897663794	-1.95299791893	0.723686169832	-0.229632636658	1.45941328342	-0.674429400699
	 Inner loop 	396.884422111	0.012705605451	1.66978593286e-06	-1.9535277233	0.724213659799	-0.229687943238	1.45900367652	-0.674128091462
	 Inner loop 	396.884422111	0.0127056132099	1.46084817465e-06	-1.95352796025	0.724213896363	-0.229687968043	1.45900349278	-0.674127956299
	 Inner loop 	396.884422111	0.0127056674586	1.62541091697e-11	-1.95352961695	0.724215550365	-0.229688141475	1.45900220808	-0.674127011267
	 Inner loop 	396.884422111	0.0127056674587	1.42252876145e-11	-1.95352961696	0.724215550368	-0.229688141475	1.45900220808	-0.674127011266
Outer loop 	176	0.0127056674592	-0.674127011257
	 Inner loop 	397.889447236	0.0114664664076	0.0176255981922	-1.93066182041	0.688058663696	-0.22591384796	1.48614260286	-0.694436481535
	 Inner loop 	397.889447236	0.0115396683879	0.0137856969452	-1.93492838137	0.690637092045	-0.226181925151	1.48425891142	-0.693010424459
	 Inner loop 	397.889447236	0.0118095937768	0.00134043551758	-1.94886018267	0.699845155548	-0.227140586591	1.47749604923	-0.687890569221
	 Inner loop 	397.889447236	0.0118154187514	0.00109695146782	-1.94913438968	0.700039386919	-0.227160830558	1.47735278479	-0.687782110232
	 Inner loop 	397.889447236	0.0118417115195	9.37736919315e-06	-1.95035998279	0.700914021019	-0.227252001793	1.47670734094	-0.687293474062
	 Inner loop 	397.889447236	0.0118417524099	7.70039643072e-06	-1.95036187358	0.700915378616	-0.227252143322	1.47670633868	-0.687292715301
	 Inner loop 	397.889447236	0.0118419401748	4.6650572294e-10	-1.95037055529	0.700921612467	-0.227252793203	1.47670173649	-0.687289231191
	 Inner loop 	397.889447236	0.0118419401768	3.83087561673e-10	-1.95037055538	0.700921612535	-0.22725279321	1.47670173644	-0.687289231153
Outer loop 	177	0.0118419401862	-0.68728923098
	 Inner loop 	398.894472362	0.0110634149977	0.0160455083123	-1.93038264819	0.677120657043	-0.224778358199	1.49408585766	-0.700449958299
	 Inner loop 	398.894472362	0.0111233644259	0.0112899104502	-1.93554783866	0.679490924778	-0.225024185427	1.49237100976	-0.699151724987
	 Inner loop 	398.894472362	0.0112705582347	0.000918039205204	-1.94687399729	0.685098278993	-0.225606252578	1.48830001008	-0.696069756371
	 Inner loop 	398.894472362	0.0112741828777	0.000682610493046	-1.94713211024	0.685233077644	-0.225620254215	1.4882018973	-0.695995479649
	 Inner loop 	398.894472362	0.0112847114647	3.60960872547e-06	-1.94787679881	0.685623826859	-0.225660844026	1.48791742558	-0.695780119055
	 Inner loop 	398.894472362	0.0112847257615	2.69245253715e-06	-1.94787780496	0.685624356655	-0.225660899062	1.48791703982	-0.695779827008
	 Inner loop 	398.894472362	0.0112847677324	5.64475133302e-11	-1.9478807586	0.685625911949	-0.225661060629	1.48791590734	-0.695778969662
	 Inner loop 	398.894472362	0.0112847677327	4.21007673168e-11	-1.94788075862	0.685625911957	-0.225661060629	1.48791590733	-0.695778969657
Outer loop 	178	0.0112847677333	-0.695778969644
	 Inner loop 	399.899497487	0.0108026425031	0.0141327666492	-1.93106451297	0.670120279272	-0.22405306529	1.49913006564	-0.704268698633
	 Inner loop 	399.899497487	0.0108485800028	0.00865094966941	-1.93691899128	0.672220971089	-0.224270598732	1.49761956859	-0.70312517005
	 Inner loop 	399.899497487	0.0109240112512	0.00055331956043	-1.94559762476	0.675528321697	-0.224613283903	1.49523590653	-0.701320607969
	 Inner loop 	399.899497487	0.0109259255346	0.000360502026147	-1.94580474604	0.675610253948	-0.224621776268	1.49517677039	-0.701275838684
	 Inner loop 	399.899497487	0.0109295099251	1.00674223047e-06	-1.94619096999	0.675763423176	-0.224637652825	1.49506620638	-0.701192135709
	 Inner loop 	399.899497487	0.0109295134166	6.57535376813e-07	-1.9461913452	0.675763572224	-0.224637668275	1.49506609879	-0.701192054253
	 Inner loop 	399.899497487	0.010929519991	3.35642624805e-12	-1.94619205169	0.67576385287	-0.224637697365	1.49506589619	-0.701191900877
	 Inner loop 	399.899497487	0.010929519991	2.19513296429e-12	-1.94619205169	0.675763852871	-0.224637697365	1.49506589619	-0.701191900877
Outer loop 	179	0.010929519991	-0.701191900876
	 Inner loop 	400.904522613	0.0106354360249	0.0115180028617	-1.9329071175	0.665816753639	-0.223607722734	1.50221608946	-0.706604986844
	 Inner loop 	400.904522613	0.0106668376693	0.00591342954438	-1.93882145882	0.667535413791	-0.223785526892	1.50098500146	-0.70567298614
	 Inner loop 	400.904522613	0.0107013792254	0.000265543450406	-1.94479367733	0.66934602568	-0.22397291329	1.4996861084	-0.704689653303
	 Inner loop 	400.904522613	0.0107021495835	0.000145072039365	-1.9449212069	0.669385557261	-0.223977005347	1.49965772703	-0.704668167059
	 Inner loop 	400.904522613	0.0107030781196	1.63633462336e-07	-1.94507461313	0.669433159518	-0.223981932873	1.49962355011	-0.704642293275
	 Inner loop 	400.904522613	0.010703078595	8.95258938094e-08	-1.94507469158	0.669433183877	-0.223981935394	1.49962353262	-0.704642280035
	 Inner loop 	400.904522613	0.0107030791693	5.57331958362e-14	-1.94507478636	0.669433213303	-0.22398193844	1.4996235115	-0.70464226404
	 Inner loop 	400.904522613	0.0107030791693	3.24185123191e-14	-1.94507478636	0.669433213303	-0.22398193844	1.4996235115	-0.70464226404
Outer loop 	180	0.0107030791693	-0.70464226404
	 Inner loop 	401.909547739	0.010524660607	0.00904311564974	-1.93488276038	0.663068104966	-0.223323493124	1.50418126419	-0.70809273121
	 Inner loop 	401.909547739	0.0105444478196	0.00372618037104	-1.94044598683	0.664420855878	-0.223463356857	1.50321466818	-0.707360965354
	 Inner loop 	401.909547739	0.0105588857487	0.000107524493879	-1.94423639921	0.665367946096	-0.223561301805	1.50253727941	-0.706848145146
	 Inner loop 	401.909547739	0.0105591347143	4.68836050445e-05	-1.94429994816	0.665384008149	-0.223562963055	1.50252578667	-0.706839444513
	 Inner loop 	401.909547739	0.0105593272894	1.71582870134e-08	-1.94434906279	0.665396426135	-0.223564247415	1.50251690123	-0.706832717749
	 Inner loop 	401.909547739	0.0105593273291	7.48656647787e-09	-1.94434907293	0.665396428698	-0.22356424768	1.5025168994	-0.706832716361
	 Inner loop 	401.909547739	0.0105593273599	-2.22044604925e-15	-1.94434908077	0.665396430682	-0.223564247885	1.50251689798	-0.706832715286
	 Inner loop 	401.909547739	0.0105593273599	4.21884749358e-15	-1.94434908077	0.665396430682	-0.223564247885	1.50251689798	-0.706832715286
Outer loop 	181	0.0105593273599	-0.706832715286
	 Inner loop 	402.914572864	0.0104517149321	0.00680535986562	-1.93680529807	0.66134577881	-0.223145474612	1.50541035374	-0.709023218982
	 Inner loop 	402.914572864	0.0104631383634	0.00215114668796	-1.94164634634	0.662365421521	-0.223250856616	1.50468292812	-0.708472518147
	 Inner loop 	402.914572864	0.0104686100287	3.61340262514e-05	-1.94384744108	0.662836392979	-0.223299539855	1.50434672198	-0.708217991779
	 Inner loop 	402.914572864	0.0104686735926	1.19697501983e-05	-1.94387259326	0.662841802376	-0.22330009904	1.50434285968	-0.708215067804
	 Inner loop 	402.914572864	0.0104687050848	1.11836673256e-09	-1.94388505125	0.662844481907	-0.22330037603	1.50434094649	-0.708213619416
	 Inner loop 	402.914572864	0.0104687050868	3.7056402391e-10	-1.94388505203	0.662844482074	-0.223300376048	1.50434094637	-0.708213619325
Outer loop 	182	0.0104687050878	-0.708213619281
	 Inner loop 	403.91959799	0.0104041180401	0.00490262163057	-1.93851335757	0.66028702745	-0.223036073918	1.50616502567	-0.70959454676
	 Inner loop 	403.91959799	0.0104101789953	0.00114132794811	-1.94240992906	0.661022331922	-0.223112050362	1.50564097545	-0.709197812183
	 Inner loop 	403.91959799	0.0104120717102	1.00914362762e-05	-1.94358213179	0.661245361546	-0.223135097489	1.50548195917	-0.709077428196
	 Inner loop 	403.91959799	0.0104120846353	2.43390353849e-06	-1.94359006708	0.661246874316	-0.223135253817	1.50548088049	-0.709076611576
	 Inner loop 	403.91959799	0.0104120887437	4.57534010678e-11	-1.94359258923	0.661247355141	-0.223135303505	1.50548053764	-0.709076352018
	 Inner loop 	403.91959799	0.0104120887438	1.10325082403e-11	-1.94359258926	0.661247355148	-0.223135303505	1.50548053763	-0.709076352014
Outer loop 	183	0.0104120887438	-0.709076352013
	 Inner loop 	404.924623116	0.0103734597757	0.00338713717057	-1.93991102215	0.659648080405	-0.222970062994	1.50662014191	-0.709939094556
	 Inner loop 	404.924623116	0.0103764540612	0.000563845122705	-1.94282806952	0.660156412953	-0.22302257917	1.50625808086	-0.70966499461
	 Inner loop 	404.924623116	0.0103770647215	2.38557013055e-06	-1.94340822928	0.660257906609	-0.223033065198	1.50618577344	-0.709610253954
	 Inner loop 	404.924623116	0.0103770668826	4.06948929221e-07	-1.94341027383	0.66025826452	-0.223033102177	1.50618551844	-0.709610060906
	 Inner loop 	404.924623116	0.0103770673271	1.24300569837e-12	-1.94341069434	0.660258338133	-0.223033109782	1.50618546599	-0.709610021201
	 Inner loop 	404.924623116	0.0103770673271	2.10720330074e-13	-1.94341069434	0.660258338133	-0.223033109782	1.50618546599	-0.709610021201
Outer loop 	184	0.0103770673271	-0.709610021201
	 Inner loop 	405.929648241	0.0103540041225	0.00225180081907	-1.94097624656	0.659268499652	-0.22293085179	1.50689039952	-0.710143694295
	 Inner loop 	405.929648241	0.0103554116306	0.000265042637114	-1.94302545485	0.659606576563	-0.222965775444	1.50664969636	-0.709961468891
	 Inner loop 	405.929648241	0.0103556020118	4.92182438805e-07	-1.94329832978	0.6596516702	-0.222970433839	1.5066175856	-0.709937159295
	 Inner loop 	405.929648241	0.0103556023243	5.88333115559e-08	-1.94329877677	0.659651744081	-0.222970441471	1.50661753299	-0.709937119465
	 Inner loop 	405.929648241	0.0103556023667	2.30926389122e-14	-1.94329883745	0.659651754111	-0.222970442508	1.50661752585	-0.709937114058
	 Inner loop 	405.929648241	0.0103556023667	9.10382880193e-15	-1.94329883745	0.659651754111	-0.222970442508	1.50661752585	-0.709937114058
Outer loop 	185	0.0103556023667	-0.709937114058
	 Inner loop 	406.934673367	0.0103418163135	0.00144598034591	-1.94174071783	0.659044861577	-0.222907751089	1.50704958769	-0.710264208417
	 Inner loop 	406.934673367	0.0103424632564	0.000121823102417	-1.94310502438	0.659262007664	-0.222930181185	1.50689502101	-0.710147193014
	 Inner loop 	406.934673367	0.0103425232642	9.20462737142e-08	-1.94323044737	0.659281983188	-0.222932244606	1.50688080084	-0.71013642757
	 Inner loop 	406.934673367	0.0103425233058	7.82393416721e-09	-1.94323053415	0.65928199701	-0.222932246033	1.506880791	-0.710136420121
	 Inner loop 	406.934673367	0.0103425233096	4.21884749358e-15	-1.94323054221	0.659281998294	-0.222932246166	1.50688079008	-0.710136419429
	 Inner loop 	406.934673367	0.0103425233096	2.22044604925e-16	-1.94323054221	0.659281998294	-0.222932246166	1.50688079008	-0.710136419429
Outer loop 	186	0.0103425233096	-0.710136419429
	 Inner loop 	407.939698492	0.0103342280238	0.000900809430549	-1.94226133272	0.658912127951	-0.222894040861	1.50714405506	-0.710335725366
	 Inner loop 	407.939698492	0.0103345271738	5.63315910529e-05	-1.94313084059	0.659047424313	-0.222908015801	1.50704776367	-0.710262827537
	 Inner loop 	407.939698492	0.0103345472153	1.62715665386e-08	-1.94318882506	0.659056448813	-0.222908947967	1.50704134049	-0.710257964835
	 Inner loop 	407.939698492	0.0103345472207	1.0222143132e-09	-1.94318884076	0.659056451257	-0.22290894822	1.50704133875	-0.710257963518
Outer loop 	187	0.0103345472211	-0.71025796343
	 Inner loop 	408.944723618	0.0103294817543	0.000548085134892	-1.94259901731	0.658830861959	-0.222885646973	1.50720188746	-0.710379507643
	 Inner loop 	408.944723618	0.0103296242901	2.68402444521e-05	-1.94313549818	0.658913188648	-0.22289415042	1.5071433002	-0.710335153893
	 Inner loop 	408.944723618	0.0103296316447	2.83876455676e-09	-1.94316311999	0.658917427706	-0.222894588272	1.50714028339	-0.710332870007
	 Inner loop 	408.944723618	0.0103296316454	1.39317890557e-10	-1.94316312277	0.658917428132	-0.222894588316	1.50714028309	-0.710332869777
Outer loop 	188	0.0103296316455	-0.710332869765
	 Inner loop 	409.949748744	0.0103264640008	0.000329144296688	-1.94280824491	0.658778388713	-0.222880227134	1.50723922762	-0.710407776181
	 Inner loop 	409.949748744	0.0103265350749	1.33836074931e-05	-1.94313315795	0.658827831641	-0.222885333977	1.50720404389	-0.710381140178
	 Inner loop 	409.949748744	0.01032653809	5.0896153958e-10	-1.94314692893	0.658829927247	-0.222885550428	1.50720255262	-0.710380011204
	 Inner loop 	409.949748744	0.0103265380902	2.07167616395e-11	-1.94314692943	0.658829927324	-0.222885550436	1.50720255256	-0.710380011163
Outer loop 	189	0.0103265380902	-0.710380011161
	 Inner loop 	410.954773869	0.0103244946458	0.000197741191998	-1.94293298894	0.658742420094	-0.222876512053	1.50726482209	-0.71042715259
	 Inner loop 	410.954773869	0.0103245320038	7.03469449981e-06	-1.94312919497	0.658772125246	-0.222879580199	1.50724368462	-0.710411150373
	 Inner loop 	410.954773869	0.0103245333824	9.69551106067e-11	-1.94313643242	0.658773220981	-0.222879693375	1.50724290491	-0.71041056009
	 Inner loop 	410.954773869	0.0103245333824	3.45057316053e-12	-1.94313643252	0.658773220996	-0.222879693376	1.5072429049	-0.710410560083
Outer loop 	190	0.0103245333824	-0.710410560082
	 Inner loop 	411.959798995	0.010323168165	0.000120419236317	-1.9430055139	0.658716511976	-0.222873836105	1.50728325726	-0.710441109017
	 Inner loop 	411.959798995	0.0103231888952	3.90360688507e-06	-1.94312537904	0.658734602123	-0.222875704564	1.50727038509	-0.710431364079
	 Inner loop 	411.959798995	0.0103231895898	2.00721661514e-11	-1.94312939484	0.658735208189	-0.222875767162	1.50726995383	-0.710431037596
	 Inner loop 	411.959798995	0.0103231895898	6.54809539924e-13	-1.94312939486	0.658735208192	-0.222875767163	1.50726995383	-0.710431037594
Outer loop 	191	0.0103231895898	-0.710431037594
	 Inner loop 	412.964824121	0.0103222444593	7.5070038293e-05	-1.94304728605	0.65869719418	-0.222871840855	1.50729700276	-0.710451515112
	 Inner loop 	412.964824121	0.0103222565819	2.28274865521e-06	-1.94312216164	0.658708471897	-0.22287300568	1.50728897817	-0.710445440061
	 Inner loop 	412.964824121	0.0103222569621	4.55924187293e-12	-1.94312450988	0.658708825586	-0.222873042211	1.50728872651	-0.710445249535
	 Inner loop 	412.964824121	0.0103222569621	1.42108547152e-13	-1.94312450988	0.658708825587	-0.222873042211	1.50728872651	-0.710445249535
Outer loop 	192	0.0103222569621	-0.710445249535
	 Inner loop 	413.969849246	0.0103215801735	4.81757670436e-05	-1.94307144861	0.658682442399	-0.222870317213	1.50730749919	-0.710459461479
	 Inner loop 	413.969849246	0.0103215876168	1.40162284579e-06	-1.943119563	0.658689679911	-0.222871064741	1.50730234945	-0.710455562848
	 Inner loop 	413.969849246	0.0103215878399	1.13864473406e-12	-1.94312100478	0.658689896788	-0.222871087141	1.50730219514	-0.710455446023
	 Inner loop 	413.969849246	0.0103215878399	3.17523785043e-14	-1.94312100479	0.658689896788	-0.222871087141	1.50730219514	-0.710455446022
Outer loop 	193	0.0103215878399	-0.710455446022
	 Inner loop 	414.974874372	0.0103189940216	-0.000362429770279	-1.94347992918	0.65867096769	-0.222869132048	1.50731566377	-0.710465642512
	 Inner loop 	414.974874372	0.0103189448825	-9.25312634426e-06	-1.94311666799	0.658616517429	-0.222863508191	1.50735440562	-0.710494972203
	 Inner loop 	414.974874372	0.0103189435951	-8.05910893575e-12	-1.94310715062	0.658615090814	-0.222863360845	1.50735542065	-0.710495740633
	 Inner loop 	414.974874372	0.0103189435951	-2.05613304161e-13	-1.94310715062	0.658615090813	-0.222863360845	1.50735542065	-0.710495740634
Outer loop 	194	0.0103189435951	-0.710495740634
	 Inner loop 	415.979899497	0.01031887608	0.000485210435896	-1.94260808173	0.658540280158	-0.222855634183	1.50740864619	-0.710536035269
	 Inner loop 	415.979899497	0.0103189418713	1.23888169368e-05	-1.94309440801	0.658613180743	-0.222863163566	1.50735677965	-0.71049676947
	 Inner loop 	415.979899497	0.0103189435951	-1.44539935576e-11	-1.94310715063	0.658615090815	-0.222863360845	1.50735542065	-0.710495740633
	 Inner loop 	415.979899497	0.0103189435951	-3.68594044176e-13	-1.94310715062	0.658615090813	-0.222863360845	1.50735542065	-0.710495740634
Outer loop 	195	0.0103189435951	-0.710495740634
	 Inner loop 	416.984924623	0.0103189435951	-1.99840144433e-15	-1.94310715062	0.658615090813	-0.222863360845	1.50735542065	-0.710495740634
	 Inner loop 	416.984924623	0.0103189435951	3.33066907388e-15	-1.94310715062	0.658615090813	-0.222863360845	1.50735542065	-0.710495740634
Outer loop 	196	0.0103189435951	-0.710495740634
	 Inner loop 	417.989949749	0.0103189435951	1.55431223448e-15	-1.94310715062	0.658615090813	-0.222863360845	1.50735542065	-0.710495740634
	 Inner loop 	417.989949749	0.0103189435951	1.55431223448e-15	-1.94310715062	0.658615090813	-0.222863360845	1.50735542065	-0.710495740634
Outer loop 	197	0.0103189435951	-0.710495740634
	 Inner loop 	418.994974874	0.0103189435951	-1.99840144433e-15	-1.94310715062	0.658615090813	-0.222863360845	1.50735542065	-0.710495740634
	 Inner loop 	418.994974874	0.0103189435951	-5.55111512313e-15	-1.94310715062	0.658615090813	-0.222863360845	1.50735542065	-0.710495740634
Outer loop 	198	0.0103189435951	-0.710495740634
	 Inner loop 	420.0	0.0103189435951	-9.10382880193e-15	-1.94310715062	0.658615090813	-0.222863360845	1.50735542065	-0.710495740634
	 Inner loop 	420.0	0.0103189435951	-1.99840144433e-15	-1.94310715062	0.658615090813	-0.222863360845	1.50735542065	-0.710495740634
Outer loop 	199	0.0103189435951	-0.710495740634
