30.083909999999999485 0.108169999999999988 203.707179999999993925
30.272590000000000998 0.108169999999999988 205.077353006012288006
30.649177935871740885 0.108169999999999988 198.966425290581327090
30.803329999999998989 0.108160000000000006 202.818531583166361543
30.924119999999998498 0.108149999999999996 206.950951723446053165
31.223479999999998569 0.108063747494989953 203.261672084168054653
31.627839999999999065 0.107819999999999999 198.423001202404691412
31.973479999999998569 0.107699999999999990 199.643735310620940027
32.329670000000000130 0.107679999999999998 202.827712785571179666
32.724460000000000548 0.107669999999999988 198.385808016032939349
33.003509999999998570 0.107669999999999988 196.665063206412838781
33.071219999999996730 0.107669999999999988 199.800242705408578558
33.352280000000000371 0.107669999999999988 203.605750420840962533
33.714539999999999509 0.107669999999999988 200.370500941883761925
34.011409999999997922 0.107669999999999988 199.053451743487187287
34.061570000000003233 0.107669999999999988 202.273397875753062181
34.190719999999998890 0.107669999999999988 203.646292545091370130
34.515982444889779401 0.107359999999999983 197.296731903807284425
34.806029999999999802 0.107339999999999991 197.534227575150481471
35.049630000000000507 0.107339999999999991 202.089689559118312445
35.366129999999998290 0.107339999999999991 200.738710781563042929
35.844990000000002794 0.107339999999999991 197.016331042084090086
36.090640000000000498 0.107339999999999991 201.169917134268501968
36.397239999999996485 0.107339999999999991 203.051960120240522656
36.669950000000000045 0.107309999999999989 199.327385591182576263
36.871729999999999450 0.107167474949899699 199.013020080159634517
37.093764869739601409 0.107029999999999986 199.599404028056653715
37.452790000000000248 0.106990000000000002 195.825773226453634379
37.721465911823770512 0.106990000000000002 200.793056212424545492
37.998809999999998865 0.106990000000000002 199.473248817636061858
38.486220000000002983 0.106990000000000002 197.722704488978394011
38.655020000000000380 0.106990000000000002 202.052188456914763037
39.078389999999998849 0.106990000000000002 198.676855290580363089
39.214120000000001198 0.106990000000000002 202.876856392785896332
39.676789999999996894 0.106990000000000002 200.311480681364145084
39.837429999999997676 0.106986232464929831 204.114243306613275308
40.297829999999997597 0.106720981963927847 197.010718517033808439
40.396985551102133627 0.106645731462925858 200.309614829659608404
40.821229999999999905 0.106589999999999990 200.494607895791091323
41.042290000000001271 0.106589999999999990 198.023376492985477171
41.234160000000002810 0.106589999999999990 200.003275991983855420
41.729860000000002174 0.106589999999999990 200.943380060120176722
42.105190000000000339 0.106589999999999990 198.063932044089369811
42.192349999999997578 0.106589999999999990 201.446185891783017041
42.460905531062351770 0.106589999999999990 201.986870501004659673
42.824390000000001066 0.106543727454909781 202.462764208416643896
43.136622044088205996 0.106178476953907808 197.243917875751265001
43.434710000000002594 0.106050000000000005 195.468754809619184698
43.673113707414870532 0.106050000000000005 196.015399098196354544
43.966490000000000293 0.106059999999999988 197.346397815631092953
44.245780000000003440 0.106059999999999988 198.148603246492967855
44.488880000000001758 0.106059999999999988 198.255243887775236544
44.799430000000000973 0.106059999999999988 198.452940521041881539
45.073729999999997631 0.106069999999999998 199.953606553106084220
45.456470000000003040 0.106069999999999998 200.712556973947727101
45.799529999999997187 0.106069999999999998 201.307356813627649217
46.180180000000000007 0.106069999999999998 201.546942565130251523
46.531619999999996651 0.106059999999999988 202.699579859719108299
47.007770000000000721 0.106059999999999988 204.491097655310085202
47.479334589178606052 0.106050000000000005 204.869355070140755970
47.915050000000000807 0.105924969939879710 204.828952024047708846
48.471170000000000755 0.105419719438877707 198.855210360721144980
48.973610000000000753 0.105080000000000007 196.444828376753491739
49.617649999999997590 0.105080000000000007 196.937745210420814601
50.098750000000002558 0.105089999999999989 198.389481763526731584
50.732109999999998706 0.105089999999999989 199.968983026052114838
51.299770000000002312 0.105089999999999989 200.707949398797609319
51.937840000000001339 0.105080000000000007 202.713695971943849372
52.489409999999999457 0.105080000000000007 203.631185370741690122
53.133620000000000516 0.104867715430861708 201.928173246492747239
53.731163947895893784 0.104442464929859702 197.645969298597435682
54.281219999999997583 0.104239999999999999 196.055719258518024617
54.843601262525183415 0.104239999999999999 197.061013607213709520
55.350799999999999557 0.104239999999999999 197.733133547094155347
55.887605971944083194 0.104239999999999999 198.976488937874506746
56.351219999999997867 0.104239999999999999 200.617473627255151314
56.896355030060313140 0.104239999999999999 201.645985330660010959
57.445669999999999789 0.104239999999999999 202.749831903806551736
57.949719999999999231 0.104239999999999999 203.937895551104190872
58.412590000000001567 0.104069999999999996 201.328326312626273875
58.913299999999999557 0.103689959919839647 198.770823166332917253
59.365449278557484547 0.103599999999999998 197.550989078155964762
59.818579999999997199 0.103599999999999998 199.509036553107449663
60.252332565130338082 0.103599999999999998 200.615491763526847535
60.655310000000000059 0.103599999999999998 200.355632805610923697
61.103180000000001826 0.103599999999999998 202.397590501002213159
61.480130000000002610 0.103366913827655310 200.162822324649312122
61.896569999999996980 0.103119999999999989 198.390856232464983577
62.270420000000001437 0.103119999999999989 199.344662845691260600
62.706960581162370261 0.103119999999999989 200.623435891783543639
63.109279999999998267 0.103119999999999989 201.608455911824137274
63.514820921844062696 0.103074408817635160 202.640087975953264277
63.905670000000000641 0.102690000000000003 199.092496533067105702
64.351380000000006021 0.102660000000000001 199.594551503006954363
64.723979999999997403 0.102660000000000001 200.520794048096860251
65.195225611222625162 0.102532404809619199 201.024116933868299384
65.599530000000001451 0.102199999999999985 197.862355811623416457
66.060195671342825108 0.102199999999999985 199.904608156313400968
66.466059999999998809 0.102199999999999985 201.477440561123614771
66.946629999999998972 0.102170200400801575 202.871900841684691841
67.360150000000004411 0.101754949899799579 199.069919779559654671
67.830449999999999022 0.101429699398797563 198.017766593186024693
68.246030000000004634 0.101339999999999986 198.738361663326770667
68.724239999999994666 0.101339999999999986 200.162811462925560591
69.191237535070058584 0.101339999999999986 202.301630260520880711
69.618750000000005684 0.101278697394789591 202.935060260521026976
70.072161983967902188 0.100946893787575154 201.385422925851713671
70.507599999999996498 0.100576392785571150 199.424794308617379102
71.031490000000005125 0.100339999999999985 198.840092324651976696
71.440190000000001191 0.100309999999999983 201.108680060119468180
71.926320000000004029 0.100202444889779502 201.775853747497620816
72.350020000000000664 0.099817194388777508 200.428577715431259776
72.826409999999995648 0.099491943887775519 198.531750881762235394
73.223209999999994579 0.099369999999999986 200.300405931863906517
73.679659999999998377 0.099251442885771535 201.308156212424279374
74.099365531062218793 0.098906192384769526 199.951054669338105896
74.537199999999998568 0.098470941883767510 198.485255871742396039
74.958870641282686620 0.098265691382765502 198.689582224447605086
75.380390000000005557 0.098080440881763514 200.162516713426271053
75.875709999999997990 0.097935190380761483 201.251473486975129390
76.226699999999993906 0.097479939879759503 199.899882925851414939
76.709710000000001173 0.097314689378757507 199.549247354709450519
77.091790000000003147 0.097069999999999990 201.327309819640618116
77.542490000000000805 0.096712565130260414 199.579587575149076883
77.935426813627159959 0.096228937875751513 198.695327354708808798
78.364909999999994739 0.096069999999999989 199.517547615231251257
78.808340000000001169 0.095816873747494924 201.402732304608235836
79.160849999999996385 0.095423186372745439 199.295201783569865484
79.544243086172613744 0.095197935871743439 200.692066412824658528
79.988269999999999982 0.094838056112224317 200.643783587176443461
80.441689999999994143 0.094467434869739436 200.523988777553029195
80.832440000000005398 0.094109999999999999 199.648583246492790977
81.283289999999993825 0.093709999999999988 199.093219178356832799
81.640439999999998122 0.093629999999999991 201.618775891783002407
82.108930000000000859 0.093232865731462916 201.388213727455394064
82.506389999999996121 0.092631182364729447 198.239306973948259838
82.964259999999995898 0.092285931863727438 199.415438116232849097
83.364069999999998117 0.091860681362725433 198.932502424849872114
83.844189999999997553 0.091585430861723424 200.293648296592323277
84.233739999999997394 0.091210360721442840 201.460255270540869788
84.691689999999994143 0.090754929859719391 200.904154088177818949
85.076412064128092538 0.090279358717434921 199.581621362726366442
85.520499999999998408 0.089834428857715393 200.168885190379711503
86.002560000000002560 0.089479178356713401 200.414374909820253379
86.361310000000003129 0.089003927855711401 199.617671362722205686
86.864379999999997040 0.088548677354709393 200.186001462927634975
87.246369999999998868 0.088066853707414766 199.047040981961600892
87.695300000000003138 0.087658176352705369 200.931098036071006163
88.066940000000002442 0.087085851703406741 199.796109619239985022
88.484229999999996608 0.086585350701402747 199.551044529058344779
88.882960260521088003 0.086242424849699378 200.301543166332720602
89.241730000000003997 0.085694348697394784 199.800147434869728613
89.685324609218440628 0.084953847695390772 199.109466533066125749
90.069379999999995334 0.084390020040080144 198.015332605210460315
90.498559999999997672 0.083922845691382753 200.550254088176444611
90.868420000000000414 0.083392344689378742 199.021402645290663713
91.331600100200489578 0.082950921843687353 200.226215951904094936
91.686909999999997467 0.082455671342685305 200.314201102206141059
92.137079999999997426 0.081970420841683295 201.646234388780243307
92.517970000000005371 0.081215511022043968 201.345153707416443467
92.971469999999996503 0.081040000000000001 204.530435490982142710
93.347300000000004161 0.080473346693386683 202.219138917835124403
93.772580000000004929 0.078725350701402630 196.648433246492061244
94.172093026052252185 0.076950841683366605 193.260456252505576913
94.550449999999997885 0.076539999999999997 196.143597995993388849
94.986019999999996344 0.076413667334669311 200.802043006011473381
95.358090000000004238 0.076166833667334607 202.094387675350873224
95.805269999999993047 0.075406332665330589 200.362411803608068794
96.189080000000004134 0.074583747494989902 201.053303406813313359
96.638059999999995853 0.073815330661322634 200.362464769539059262
97.006739999999993529 0.072852244488977980 199.861634529057823784
97.459159999999997126 0.071906492985971959 199.624930120240748010
97.797449999999997772 0.071113827655310533 200.515991683370060628
98.211110000000005016 0.070239979959919846 200.753935711422940358
98.598230000000000928 0.068572064128256283 199.121747234462503684
99.078140000000004761 0.067394649298597176 197.535515531061832917
99.444635050100515627 0.066487735470941722 198.986717735476929647
99.875680000000002678 0.065860661322645231 200.741806212426183720
100.339169999999995753 0.065091643286573006 201.371253687370398211
100.759799999999998477 0.064020480961923809 199.563794709416754358
101.217399999999997817 0.063009819639278528 200.002087474951366630
101.605009999999992942 0.062169318637274519 199.538135030063159547
102.083759999999998058 0.061042044088176262 199.267423406810763709
102.498419999999995866 0.059726633266532977 198.295819879762973414
102.963710000000006062 0.058639999999999998 197.963126953908016503
103.327780000000004179 0.057967314629258471 199.587579779560542192
103.746290000000001896 0.057370220440881678 200.482719719437113781
104.109182264529195550 0.056584468937875693 201.981092925853573661
104.509119999999995798 0.055485811623246492 199.325574529058087592
104.890896232465152593 0.054695310621242416 199.533536593187960761
105.315010000000000900 0.054004809619238495 201.383846232464776449
105.713885070140662492 0.053078617234468786 200.318775210420824351
106.181049999999999045 0.051905711422845710 198.515882084168339361
106.636099999999999000 0.051009959919839552 199.076981803605633559
107.019900000000006912 0.050062805611222352 199.607182825650255609
107.454400000000006798 0.049332304609218343 199.346684749499956979
107.831630000000004088 0.048890901803607167 201.386938076151238874
108.224222985972133415 0.048261302605210360 201.234287595193336529
108.612350000000006389 0.047491202404809599 198.833392845691122375
109.058909999999997353 0.046675450901803577 198.211580861723689395
109.389430000000004384 0.046059799599198377 199.946435591182165581
109.844170000000005416 0.045479298597194358 199.131817474949059488
110.151211342685513728 0.044888196392785525 200.480150861723700473
110.600509999999999877 0.044248296593186333 199.632064989979824077
110.927797775551269410 0.043757795591182320 200.755379038076057441
111.377499999999997726 0.043307294589178313 201.186104248496093305
111.799989999999993984 0.042736793587174221 201.336918957914377870
112.167050000000003251 0.042169438877755525 201.787705230460943540
112.602530000000001564 0.041415791583166280 198.487294529058601711
112.967489999999997963 0.040805290581162265 199.820533887774359982
113.421819999999996753 0.040314789579158253 198.857130781562204902
113.836070000000006530 0.039854288577154236 199.494168937875457459
114.311459999999996739 0.039430681362725338 201.133676352706430634
114.729074368737713030 0.038713286573146211 199.215262825648579792
115.079170000000004848 0.038102785571142203 199.635423006012956648
115.447329999999993788 0.037711142284569094 200.972495511020014192
115.906620000000003756 0.037135891783567104 199.813910340679910860
116.360113567134291657 0.036810641282565122 199.945285991984064822
116.748000000000004661 0.036545390781563124 201.250894609218448750
117.206929999999999836 0.035930280561122234 199.415003246492744893
117.614630000000005339 0.035349779559118222 199.385448496993859635
118.044709999999994920 0.034969639278557056 199.774064669337775513
118.387200000000007094 0.034754388777555094 200.214089458918095943
118.821250000000006253 0.034419138276553046 200.041507054111377784
119.199839999999994689 0.034091663326653261 201.381604228456382089
119.653720000000006962 0.033367274549098082 198.712030561122276140
120.064756653306830003 0.032969999999999999 197.305882525051373477
120.444649999999995771 0.032959999999999996 201.532183146293846221
120.936490000000006262 0.032458657314629227 200.492445430861153000
121.304280000000005657 0.032007635270541020 198.115070020040775489
121.719700000000003115 0.031694769539077988 199.228181723442361317
122.111140000000006012 0.031549999999999995 199.708491122244993221
122.556439999999994939 0.031413767535070233 203.125330120238857035
122.916150000000001796 0.030779899799599185 198.622797314629053744
123.336050000000000182 0.030469999999999997 198.342228056109007639
123.681224569138478842 0.030309999999999997 198.773513867736681959
124.081599999999994566 0.030229999999999993 200.672297314632288590
124.376526553106288020 0.030139999999999993 201.041537334669612846
124.638630000000006248 0.029950761523045911 201.050264108216168779
124.944339999999996849 0.029659999999999999 198.470644408815928728
125.156750000000002387 0.029659999999999999 198.877225430861727773
125.362049999999996430 0.029659999999999999 198.990170981965889041
125.484669999999994161 0.029659999999999999 199.344934028055376984
125.587109999999995580 0.029659999999999999 198.447835731463214870
125.594840000000004920 0.029659999999999999 196.656963707418185550
125.570779999999999177 0.029659999999999999 196.780024248495664096
125.556343827655297218 0.029659999999999999 196.613158757515577690
125.520030000000005543 0.029669999999999995 194.867231703397294496
125.410870000000002733 0.029689999999999994 194.741056533070462820
125.332949999999996749 0.030042124248496956 198.461727515029366486
125.233400000000003160 0.030649999999999997 205.936527815631080784
125.145359999999996603 0.030660000000000000 203.997129358713550573
125.025289999999998258 0.030660000000000000 202.415318877755169069
124.864180000000004611 0.030649999999999997 202.656896392779486860
124.710350000000005366 0.030649999999999997 203.051626593185631009
124.596490000000002851 0.030649999999999997 200.293491683367705036
124.411349999999998772 0.030649999999999997 200.461108156312008077
124.277529999999998722 0.030649999999999997 199.477652144292164849
124.119649999999992929 0.030649999999999997 197.972572705408680349
123.898489999999995348 0.030649999999999997 197.427625350703095819
123.628140000000001919 0.030649999999999997 195.002745070143333805
123.415190020040057561 0.030660000000000000 194.104961543086488973
123.130390000000005557 0.031062525050100133 197.006825691381010301
122.792919999999995184 0.032022645290581304 203.768431482965610257
122.498469999999997526 0.032189999999999996 204.448166172343036351
122.141099999999994452 0.032189999999999996 201.909714188374977084
121.779740000000003874 0.032189999999999996 199.565838677354577158
121.363460000000003447 0.032189999999999996 198.057610521038327533
120.983530000000001792 0.032189999999999996 195.686835871736292347
120.530180000000001428 0.032634769539078172 197.224810501002281171
120.137079999999997426 0.033235270541082225 201.447641783567263474
119.687250000000005912 0.033499999999999995 202.500615190380472086
119.294430000000005521 0.033509999999999998 199.055264949899253679
118.756579999999999586 0.033539999999999993 199.098041823647633919
118.317122484969701190 0.033737274549098265 197.201685050099314367
117.912310000000005061 0.034503887775551099 202.412149579158324286
117.426867294588674895 0.034559999999999994 200.919571503007375668
117.025080000000002656 0.034559999999999994 199.307753446894253102
116.587186332665012856 0.034559999999999994 197.730042885770927796
116.267619999999993752 0.034914669338677262 200.245459959919656967
115.858440000000001646 0.035429999999999996 201.741745971943942095
115.484129999999993288 0.035439999999999999 199.816739819638456765
115.052700000000001523 0.035449999999999995 198.095617615231788022
114.699330000000003338 0.035871783567134399 201.091186813626137564
114.301280000000005543 0.036311142284569144 201.722392685370664367
113.949836152303916492 0.036349999999999993 201.072015891777766683
113.595309999999997785 0.036349999999999993 198.441931482963752842
113.263297875751163701 0.036386893787575217 196.418917034067220584
112.922640000000001237 0.036966432865731473 200.667126653306581829
112.556634549098049547 0.037379999999999997 201.409185030059433075
112.216710000000006175 0.037390000000000000 199.815378737474844684
111.822699999999997544 0.037507895791583215 198.869470320644552430
111.522589999999993893 0.037963146292585175 201.750045110220611377
111.155529999999998836 0.038169999999999996 201.348063687375031350
110.834529318637308393 0.038169999999999996 198.991163747494795189
110.511210000000005493 0.038179999999999999 198.688180581159002713
110.205282745490919183 0.038349999999999995 197.307308617234525627
109.938710000000000377 0.038838797595190447 199.978944308618196146
109.543490000000005580 0.039189999999999996 201.395035230460905495
109.284549999999995862 0.039199999999999999 198.885749298597602319
108.978909999999999059 0.039315150300601259 198.955226412821758686
108.684119999999992956 0.039870801603206482 201.763925090179327526
108.367710000000002424 0.040219999999999999 201.926560781558123381
108.102481302605198721 0.040229999999999995 200.197174288576974277
107.828550000000007003 0.040236152304609286 198.385171242483295373
107.589102805611034341 0.040561402805611262 199.751257394790428634
107.290859999999995011 0.040923306613226580 200.751247234470952208
106.999440000000006989 0.041061903807615228 200.946230140280562182
106.760779999999996903 0.041137154308617252 198.943969478957598085
106.445130000000006021 0.041269999999999994 198.992919278557081952
106.201149999999998386 0.041717655310621285 200.223781322644583724
105.905240000000006262 0.042012905811623244 201.126393206412842574
105.633193967935739010 0.042179999999999995 200.461072324650075416
105.368499999999997385 0.042199999999999994 199.114699158316597050
105.155150000000006116 0.042568657314629318 201.308296172347240827
104.891270000000005780 0.042797815631262712 199.208643667333177518
104.577492104208232604 0.043129999999999995 199.339793587174142431
104.326340000000001851 0.043554408817635323 202.187029899800251087
104.036040380761590995 0.043919659318637255 201.923093827655094401
103.817170000000004393 0.043999999999999997 199.939447114229125191
103.550160000000005311 0.044009999999999994 199.526957935871052996
103.356489999999993756 0.044150821643286688 199.352812304608448812
103.095730000000003201 0.044591322645290574 200.449571102204288309
102.889480000000006044 0.044959999999999993 200.533594028055830449
102.611360000000004788 0.045222324649298665 201.781557294588878904
102.349077755510734278 0.045502825651302724 199.437102805612369139
102.095299999999994611 0.045821663326653300 199.617146392785514308
101.787231262524940689 0.045919999999999996 198.660892284569314370
101.534989999999993415 0.046352164328657283 200.746184068136017231
101.260671222444585737 0.046714829659318717 200.453923346696285535
101.025769999999994297 0.046809999999999997 198.469741903807545214
100.783010000000004425 0.047037915831663349 199.752408156312725396
100.561170000000004165 0.047586332665330806 199.162294509020171063
100.224329999999994811 0.047948416833667386 200.886877935874423429
99.997489999999999100 0.048357334669338857 199.937934509017878781
99.714799999999996771 0.048689999999999997 201.471539378757114491
99.514160000000003947 0.048744168336673388 198.135771202406857583
99.216769999999996799 0.049458256513025989 200.561606072143575830
98.974731783566937793 0.049714669338677395 199.908695130261236272
98.699640000000002260 0.050119999999999998 198.745578216432676300
98.379230000000006839 0.050525170340681408 198.985947735468329256
98.088179999999994152 0.051000841683366709 200.440663186372688642
97.744450000000000500 0.051565671342685429 199.557880881760041802
97.463006452905545984 0.052121843687374811 200.774388136271625172
97.143770000000003506 0.052469999999999996 199.926784028055124054
96.828958517033328235 0.053012845691382926 198.994882545091286374
96.446550000000002001 0.053773346693386792 202.656575170340914838
96.193958897795752705 0.054300000000000001 202.355497274550288012
95.915949999999995157 0.054577174348697424 200.114603507013953276
95.647182464929485946 0.054954849699398962 199.831261823649299458
95.312420000000003029 0.055355350701402836 198.403494008014689598
94.974090000000003897 0.055988777555110419 198.513022204405416460
94.670249999999995794 0.056864529058116370 198.704216412825559246
94.281120000000001369 0.057903707414830002 200.343028757523200056
93.962000000000003297 0.058824709418837752 200.130541863728979024
93.521370000000004552 0.059971783567134396 200.698643026052423011
93.160579999999995948 0.060838356713426800 201.652325531062842856
92.670689999999993347 0.061348857715430936 198.402851182362638838
92.227680000000006544 0.062069038076152362 199.102403547095093472
91.794449999999997658 0.062899859719438969 200.477821362724654364
91.472970000000003665 0.063630180360721419 200.157591442885575361
91.159970000000001278 0.064206292585170494 198.226205851705287841
90.723560000000006198 0.065264088176353416 199.027195270542279104
90.273380000000003065 0.066627795591182509 200.763228917835391485
89.869640000000003965 0.067592364729458884 200.540122945891198469
89.482780000000005316 0.068532865731462944 199.438975771542942539
88.993319999999997094 0.069405050100200538 199.349770100190909261
88.563999999999992951 0.070834669338677492 200.301177174352517341
88.027889999999999304 0.072144368737475095 203.496624869735796892
87.561840000000003670 0.072744869739478968 202.264522605209492667
87.132900000000006457 0.073112685370741531 200.479276092191469161
86.864660000000000650 0.073179999999999995 197.830168216436476314
86.501959999999996853 0.073962745490982293 199.209509739470576051
86.103840000000005261 0.075066873747495017 202.237104969940531873
85.683589999999995257 0.075967374749499078 202.388208056118344302
85.353200000000001069 0.076557875751502941 199.060901823649061271
84.860870000000005575 0.077152565130260614 199.316639498997261626
84.409850000000005821 0.077969438877755523 201.672643707415545578
84.040739999999999554 0.078469378757515112 200.967398456908313165
83.770539999999996894 0.078729999999999994 199.038953967938226697
83.437409999999999854 0.078865190380761563 197.679064829657448854
83.105064028055963377 0.079299999999999995 195.653621122244061326
82.701319999999995503 0.079508456913827880 194.339409979960777264
82.247219999999998663 0.081045651302605631 200.395320180360783979
81.919139999999998736 0.082448577154308617 201.434518076152187405
81.399990000000002510 0.083355771543086321 200.424501743486416672
80.856419999999999959 0.084393386773547130 201.485326332664243409
80.335030000000003270 0.084959719438878117 200.051848036070992976
79.801130000000000564 0.086431583166332676 200.726417274549248759
79.067369999999996821 0.088022004008016519 205.594761523036737572
78.359856012023698213 0.089200000000000002 208.186074949905190579
77.812229999999999563 0.089200000000000002 204.092916513036016113
77.319480821643196577 0.089200000000000002 198.728900841682218470
76.744249999999993861 0.089223446893787611 192.348509498996207867
76.061233046092496579 0.090324789579158182 200.349337374749126184
75.520039999999994507 0.091237895791583215 202.846450601199620678
74.951350000000005025 0.091459999999999986 204.811844689380933460
74.683580000000006294 0.091459999999999986 202.308050641278612147
74.296710000000004470 0.091459999999999986 202.315728837676658713
74.056737595190242018 0.091459999999999986 201.102542905817472274
73.758529999999993265 0.091459999999999986 198.330257735487265336
73.329430000000002110 0.091459999999999986 197.483582845692211549
73.062740000000005125 0.091459999999999986 197.123119438878745768
72.969179999999994379 0.091459999999999986 195.085792344689565425
72.773579999999995493 0.091643607214428963 195.280572845696923423
72.447090000000002874 0.092319358717434907 200.856138396795898871
72.273650000000003502 0.092871703406813694 201.355093927863578074
72.087100000000006617 0.092899999999999983 199.075264188376564789
71.765330000000005839 0.093134408817635350 198.724543807614537627
71.355800000000002115 0.093794909819639505 202.268890961926871341
70.975207655310271093 0.093849999999999989 201.597483226453704219
70.736059999999994830 0.093897955911823650 192.307158617234222220
70.146529999999998495 0.096081683366733867 195.841491943884079774
68.916910000000001446 0.098353827655310838 210.236992825647718064
67.969133987975652644 0.098449999999999982 206.744106633268160067
67.122770000000002710 0.098449999999999982 202.092599639278489576
66.270274949899302896 0.098449999999999982 199.107244228453367896
65.410390000000006694 0.098449999999999982 192.841894088176559308
64.604950380761096085 0.098649418837675418 195.263492384770103172
63.883020000000001914 0.099789799599198925 198.975774028066240362
62.953178456912993965 0.100885210420841726 206.709230440885050939
62.162750000000002615 0.101029999999999981 206.054661543084193909
61.410429999999998074 0.101029999999999981 200.024214949900169813
60.664369999999998129 0.101029999999999981 199.591373446892134780
59.886859999999998649 0.101029999999999981 196.531306212424794921
59.420740000000002112 0.101164388777555292 195.817837815632060483
58.752389999999998338 0.101870140280561378 201.399049919838944334
58.269995190380484473 0.102209999999999995 204.888120120241410405
57.722990000000002908 0.102209999999999995 200.595591122244087501
57.111449699398200153 0.102209999999999995 199.461264408813775617
56.604390000000002203 0.102209999999999995 199.062421422844892049
56.110289999999999111 0.102220000000000005 196.442999739478807442
55.575380000000002667 0.102654649298597078 198.264041442884433764
55.005229999999997403 0.103193466933867745 201.856337394790529061
54.572200000000002262 0.103229999999999988 202.212993667338224668
54.146149999999998670 0.103229999999999988 202.838046012025984055
54.025219999999997356 0.103229999999999988 201.961546012021159413
53.644809999999999661 0.103229999999999988 196.671751142283710578
53.121299999999997965 0.103229999999999988 193.921938517028820570
52.523080000000000211 0.103789939879759568 198.878522565129600252
51.881766653305774639 0.104720220440881806 202.861353547095347949
51.031039999999997292 0.105020000000000002 204.673716953908098048
50.361456152304342027 0.105020000000000002 200.770510260521035661
49.531309999999997729 0.105020000000000002 200.645875070142210461
48.754199999999997317 0.105020000000000002 196.552939278558540082
48.233600000000002694 0.105119999999999991 204.068366052103868924
48.438499999999997669 0.105119999999999991 198.755200641283238383
48.069549999999999557 0.105119999999999991 196.253546733465071839
47.501840000000001396 0.105119999999999991 198.171224288579651329
47.130670000000002062 0.105362424849699376 197.020777074148213615
46.394129999999996983 0.106142725450901809 203.834615991983838512
45.719900000000002649 0.106190000000000007 203.382846953905129794
45.203459999999999752 0.106190000000000007 202.419226212424263167
44.684953346692701359 0.106190000000000007 200.563468156313575719
44.208050000000000068 0.106190000000000007 197.622407054108521152
44.177456573146486107 0.106190000000000007 201.972187575150115890
43.945010000000003458 0.106190000000000007 198.267516633266865256
43.456717795590236619 0.106190000000000007 198.868917074150772351
43.017139999999997713 0.106190000000000007 195.223096673346674379
42.397930000000002337 0.106199999999999989 194.528516052101565492
41.969200000000000728 0.106865691382765748 200.750141703411770777
41.995800000000002683 0.106979999999999992 205.690017234469280538
41.891849999999998033 0.106969999999999982 203.235260060120083381
41.516429999999999723 0.106969999999999982 203.370667975953637097
41.120719999999998606 0.106969999999999982 201.643764749492902411
40.545020000000000948 0.106969999999999982 197.237886873748834660
39.960850000000000648 0.106969999999999982 197.049288977956138069
39.274670000000000414 0.106969999999999982 197.465337515031961857
38.927970000000001960 0.106969999999999982 196.580809338672651165
38.476889999999997372 0.106999999999999984 197.991434328658243658
38.538013927855715224 0.106999999999999984 196.260992725448915053
38.179310000000000969 0.107265971943887761 197.507147274549112126
37.693235671342279147 0.107690000000000008 205.598357715426658388
37.324240000000003192 0.107699999999999990 200.909887294588003215
36.638972024047660625 0.107699999999999990 198.569857454907491956
36.014229999999997744 0.107699999999999990 199.687062124249166573
35.559590000000000032 0.107699999999999990 199.592365531068764994
35.126770000000000493 0.107699999999999990 204.772258797609623571
35.386389999999998679 0.107699999999999990 198.281325110218801910
34.994653146292769463 0.107699999999999990 197.537646933868671795
34.539979999999999905 0.107699999999999990 199.734684088176067007
34.294680140279815816 0.107885490981964011 199.202699378760627269
33.674950000000002603 0.108050741482965978 197.533116392787690074
32.694270000000003051 0.108445991983967926 202.160607434869888266
32.138680000000000803 0.108490000000000003 202.538667354711094504
31.619119999999998782 0.108479999999999993 205.211742444889807757
31.858969999999999345 0.108479999999999993 203.380340521037396684
31.569469999999999033 0.108479999999999993 201.307117434866029271
31.180599999999998317 0.108469999999999983 202.189301763528192168
30.833159999999999457 0.108405010020039994 209.217733226450633310
31.167927575150333297 0.107990000000000003 194.240567254508619044
30.604019999999998447 0.107990000000000003 193.503529098201738634
30.163683446893926998 0.107990000000000003 201.837029719437282438
30.598130000000001161 0.107990000000000003 195.607758176350102985
30.377196613226050914 0.107999999999999985 201.995375270540392876
30.904180000000000206 0.107999999999999985 196.861824368735199187
30.714890000000000470 0.108020000000000005 195.024227114227102220
30.668089999999999407 0.108079999999999982 201.168672324646678362
30.670829999999998705 0.108139498997996131 197.088555130258498593
30.328389999999998849 0.108469999999999983 209.722440000000005966
