30.482869999999998356 0.128079999999999999 174.658039999999999736
30.416550000000000864 0.128079999999999999 176.129188056111388505
30.177111803607257201 0.128079999999999999 175.110418837675581472
30.360036793587578785 0.128079999999999999 175.231877895788301203
30.838270000000001403 0.128079999999999999 174.765148136272671309
31.432710000000000150 0.128079999999999999 172.595527074148378688
31.876609999999999445 0.128069999999999989 170.660369078155042644
32.210050000000002512 0.128049999999999997 172.531265070141103024
32.644539999999999225 0.127795370741482950 170.282452565131137590
32.981929999999998415 0.127470000000000000 168.335461763527348467
33.357179999999999609 0.127470000000000000 169.525136292583283648
33.741419999999997970 0.127470000000000000 170.179935230459875584
34.126989999999999270 0.127470000000000000 172.042648476953559111
34.600490000000000634 0.127470000000000000 172.101735811623370864
35.114960000000003504 0.127470000000000000 171.707149018036773214
35.615349999999999397 0.127470000000000000 171.282697094190496045
36.160449999999997317 0.127121482965931787 166.403628637273556024
36.609969999999997015 0.126980000000000010 166.650182605210403608
36.932499999999997442 0.126980000000000010 169.548069458917183283
37.244180000000000064 0.126980000000000010 173.542198637274339035
37.707309999999999661 0.126989999999999992 172.837020641282606448
38.275880000000000791 0.126989999999999992 170.766003687374734454
38.780529999999998836 0.126980000000000010 172.078367515029469814
39.010359999999998593 0.126980000000000010 176.226555290582439284
39.594780000000000086 0.126939999999999997 172.528370781562500724
40.043432044088142163 0.126533567134268554 171.823747715430613425
40.492758116232451471 0.126299999999999996 166.206328937875383644
40.820819999999997663 0.126310000000000006 169.356638737474753498
41.432609999999996830 0.126310000000000006 171.530358016031811985
41.689090000000000202 0.126319999999999988 170.428563106211441891
42.177379999999999427 0.126319999999999988 171.254156993987862734
42.755169999999999675 0.126319999999999988 172.874529919839602599
43.291139999999998622 0.126319999999999988 172.768668296593034484
43.676165511022006172 0.126310000000000006 173.152535531062000018
44.041800000000002058 0.126310000000000006 174.590771362725405424
44.483100000000000307 0.126310000000000006 175.192008156313079326
44.896689999999999543 0.126299999999999996 175.972446833665969734
45.377110000000001833 0.125929839679358724 171.615857675350724776
45.916499999999999204 0.125769999999999993 171.681801523046118518
46.489139999999999020 0.125709999999999988 172.476579779558989003
47.070549999999997226 0.125569999999999987 171.485637254508304750
47.756965731463161262 0.125482525050100158 172.205629338677510987
48.409753527054370181 0.125216392785571062 170.578224789578626996
49.140230000000002519 0.125019999999999992 170.161212685370855979
49.980670000000003483 0.125019999999999992 171.194314989979659458
50.795589999999997133 0.125019999999999992 173.346957074148491529
51.597920000000002005 0.124990881763527059 174.761069278557101825
52.448920000000001096 0.124536553106212436 170.788861883767566496
53.231918416833806873 0.124510000000000010 171.571973346693340545
53.948678777555443276 0.124490000000000003 172.852503066132157983
54.728999999999999204 0.124090000000000006 169.720890861723432863
55.488720000000000709 0.124080000000000010 171.010902845691418861
56.243180000000002394 0.124080000000000010 173.014658436873702385
56.954839999999997247 0.124070000000000014 173.560677795590862615
57.648519999999997765 0.123846252505010010 172.735320801602796337
58.337699999999998113 0.123630000000000004 171.156486913827848184
58.866060781563199100 0.123620000000000008 172.621600080160391144
59.470570000000002153 0.123463266533066163 172.059367314630549117
60.126919999999998367 0.123090000000000005 169.058062484969696015
60.774020000000000152 0.123090000000000005 170.823710641282588085
61.405039999999999623 0.123090000000000005 172.899897795591272143
62.024059999999998638 0.123090000000000005 174.490475911823835986
62.648569999999999425 0.122843246492986016 172.932963266533477054
63.316150000000000375 0.122557294589178370 171.739683226452712006
63.901553386773592536 0.122250000000000011 169.900108777554748940
64.512705531062238151 0.122180000000000011 171.726610380761314900
65.152469999999993888 0.122180000000000011 173.186359358717538726
65.809119999999992956 0.122020000000000003 172.871419859719225087
66.466499999999996362 0.121690000000000006 171.692278396793284401
67.149670000000000414 0.121402645290581146 171.251753707414508199
67.784440000000003579 0.121260000000000007 171.875948236471316477
68.428114749498902825 0.121180000000000010 174.103357815631312633
69.039868256513031497 0.120878336673346701 173.286916613226395611
69.672139999999998849 0.120304008016032055 169.314354148297468328
70.342669999999998254 0.120240000000000014 171.836496172344027400
71.010069999999998913 0.120225350701402778 174.093212404809918326
71.657809999999997785 0.119751022044088190 171.856527034068221838
72.337100000000006617 0.119200000000000014 169.867042344689139100
72.977969999999999118 0.119170000000000012 173.689194769538289620
73.556445350701253005 0.118674108216432914 171.520154529058004300
74.220219999999997640 0.118073707414829671 169.879872064128619513
74.831379999999995789 0.117830000000000004 171.181628737474483160
75.482320000000001414 0.117630100200400781 173.532286653308290170
76.098200000000005616 0.116880721442885790 170.530315511024241459
76.701449999999994134 0.116512785571142308 171.259284509018812059
77.337599999999994793 0.116222064128256516 173.953286593187328890
77.944850000000002410 0.115715470941883738 173.152285310619362235
78.537194268537348307 0.115163406813627231 171.941042404811241795
79.114615250501216792 0.114738156312625197 172.549737094192039422
79.705600000000004002 0.114144749498998027 172.934877715427518297
80.338809999999995171 0.113380420841683413 171.359946132266315999
81.017549999999999955 0.112748276553106291 171.564769198394543537
81.657589999999999009 0.112390000000000004 173.795763907815540961
82.325530000000000541 0.112380000000000008 178.801639078156313190
82.917431162324717775 0.109222424849699365 159.883921162325918885
83.486917835671476951 0.109080000000000010 166.538603907815939920
84.101460000000002992 0.109080000000000010 171.133156352705327663
84.729330000000004475 0.109080000000000010 175.946852084168313013
85.350080000000005498 0.109070000000000014 180.112996613226584941
86.014099999999999113 0.108544629258516850 178.825149559116482578
86.648840000000006967 0.105720000000000008 168.017319519038665021
87.284859999999994784 0.105710000000000012 174.503817915832030394
87.830741503005739901 0.105192384769539293 174.661492164329587240
88.418170000000003483 0.102438296593186443 165.850091282564932271
89.048400000000000887 0.102320000000000008 171.747715611221309473
89.649829999999994357 0.101860981963927885 173.607576232465277144
90.269649999999998613 0.100451162324649304 171.132699539078004136
90.905820000000005621 0.099403667334669321 173.191680220440758831
91.488749999999996021 0.098135010020040034 172.684978296593840241
92.139970000000005257 0.096624529058116276 171.421935511020535614
92.752171302605219694 0.094901543086172352 172.058420741482962057
93.349151523046160150 0.093568557114228443 173.049605871743438001
93.933890000000005216 0.092065571142284572 171.502221583166317487
94.559079999999994470 0.090672585170340714 172.704062985971631861
95.156279999999995312 0.088682665330661339 172.985718757515257948
95.816019999999994639 0.086453226452906040 171.255932204410640907
96.416319999999998913 0.084223627254509104 171.448563066131356436
96.999215370741382003 0.083618376753507140 176.024403747495483685
97.612362164328629888 0.079283747494990023 168.734276152304801144
98.254859999999993647 0.076164448897795570 169.663231282564765934
98.870609999999999218 0.074261122244488956 171.472940981963290596
99.521540000000001669 0.072467394789579004 173.546164529058813741
100.100780000000000314 0.070165230460921546 173.667423146292122738
100.748000000000004661 0.068100300601202438 172.066775150299832831
101.347530000000006112 0.065879478957915932 171.762733266533615506
101.913751823647160677 0.063421342685370904 171.294060621244739195
102.482450000000000045 0.061478356713426899 170.127996372744547671
103.074330000000003338 0.060180521042084170 172.401631122244452854
103.691379999999995221 0.058901863727454984 172.991688937874869225
104.325760000000002492 0.056984809619238547 172.855665170341524117
104.941519999999997026 0.055339098196392836 172.700621082164360587
105.536609999999996035 0.053495891783567145 170.990158737474956752
106.146670000000000300 0.052367234468937859 171.450354649298901677
106.762688276553262767 0.051178577154308583 171.682610581162464314
107.313972244489320929 0.049899839679358599 171.872996873748036251
107.983699999999998909 0.048476893787575082 169.967097314628148297
108.595380000000005793 0.047752605210420906 173.382666092185701245
109.284009999999994989 0.046753947895791639 172.115163807614550251
109.876499999999992951 0.045812645290581183 171.805892284569267758
110.499629999999996244 0.045074949899799627 172.797292284569067533
111.129257855711458092 0.044141963927855701 172.611373967935946894
111.681292605210217062 0.042979318637274611 172.181920641284619933
112.279589999999998895 0.041935330661322670 171.398069018036409261
112.892020000000002256 0.041112004008016054 170.430095190380939130
113.465469999999996276 0.040576673346693390 172.150998236472901226
114.071269999999998390 0.039852344689378746 172.700444448898252858
114.673929999999998586 0.039028016032064114 173.086497935872159815
115.262169999999997572 0.038003687374749504 170.763436873747821210
115.932060000000006994 0.037229358717434879 169.783334108216450886
116.437070000000005621 0.037110000000000004 175.118441663327189417
117.018190000000004147 0.036452805611222550 173.759714729458835336
117.615380000000001814 0.035900000000000015 173.867369258516589525
118.221689999999995280 0.034478176352705434 168.022711102204482359
118.800349999999994566 0.034307715430861724 173.251017394789556647
119.512190000000003920 0.033613547094188484 170.881586653306385415
120.069969999999997867 0.033330000000000012 174.138577955911387107
120.640343527053843786 0.032414729458917865 168.459843186372665969
121.198679999999995971 0.032050000000000009 171.179296913825083948
121.858639999999994075 0.031736072144288599 172.235099619239377944
122.522009999999994534 0.031111743486973941 170.544675030059522669
123.169070000000004939 0.030930000000000010 172.689125190382043229
123.773009999999999309 0.030543086172344674 171.327524969940100164
124.360470000000006507 0.030120000000000004 170.982196733465315219
124.800642565130516459 0.029970000000000007 172.107986553111004469
125.166889999999995098 0.029960000000000011 172.814838336668060492
125.456440000000000623 0.029890000000000010 172.841326573147455292
125.665980000000004679 0.029551442885771575 168.764227515032331439
125.746889999999993393 0.029520000000000001 167.345566352702320501
125.678520000000006007 0.029520000000000001 167.128400280559787916
125.604420000000004620 0.029530000000000011 167.504560160321943840
125.463200000000000500 0.029550000000000003 166.291028697395233849
125.267570000000006303 0.030010400801603245 171.732613046092382092
125.109059999999999491 0.030620000000000005 177.717162204408964499
124.874650000000002592 0.030620000000000005 175.967899599198318583
124.695639999999997372 0.030610000000000009 176.353176372744627542
124.552040000000005193 0.030599999999999999 175.286247755507986312
124.349140000000005557 0.030460000000000011 172.385584989984096183
124.187889999999995894 0.030440000000000005 172.134379098191743651
123.911209999999996967 0.030440000000000005 171.143213426856277692
123.748652364729551323 0.030440000000000005 170.776224509022824805
123.581199999999995498 0.030440000000000005 169.051507154312048442
123.337770000000006121 0.030440000000000005 167.903387635267108635
123.074860000000001037 0.030440000000000005 168.407450120240213209
122.776110000000002742 0.030460000000000011 166.546925030060322115
122.474119999999999209 0.030892945891783565 171.525231122243923210
122.220410000000001105 0.031410000000000007 176.425618016032473179
121.983167935871634313 0.031410000000000007 175.561555891784649930
121.709180000000003474 0.031410000000000007 172.826974509013922443
121.449070000000006075 0.031410000000000007 172.615426492982464879
121.130809999999996762 0.031410000000000007 172.111220480965130264
120.872039999999998372 0.031410000000000007 170.595695110219423896
120.561490000000006262 0.031410000000000007 169.229217254513315538
120.263300000000000978 0.031410000000000007 167.484609418837806061
119.996348977956003523 0.031535430861723418 168.751506392787888444
119.748279999999994061 0.032179759519038079 175.528959939879456442
119.470799999999996999 0.032250000000000015 174.501744268536782556
119.178150000000002251 0.032250000000000015 173.938117875750918984
118.843350000000000932 0.032250000000000015 172.441850521041914135
118.565280000000001337 0.032250000000000015 171.120711182363862690
118.294989999999998531 0.032250000000000015 168.982208617237233739
118.036203987975866880 0.032250000000000015 169.076909478959493072
117.799136392785513294 0.032580000000000012 171.074166432865268916
117.518489999999999895 0.033010000000000012 174.211972384769524069
117.205389999999994188 0.033030000000000004 173.678007014027798505
116.885859999999993875 0.033030000000000004 173.070619118240728085
116.586010000000001696 0.033030000000000004 171.020833987977084689
116.291049999999998477 0.033030000000000004 170.374670060120195103
116.021630000000001814 0.033040000000000014 169.520835671343888862
115.768852805611359713 0.033400360721442868 171.801615190381539833
115.504450000000005616 0.033530000000000004 171.952490200400461617
115.201390000000003511 0.033649018036072176 171.802429238477941453
114.917429999999995971 0.033903346693386807 173.372573446893056826
114.657060000000001310 0.033960000000000004 172.128537915831230976
114.337419999999994502 0.034020000000000009 171.094396112224075068
114.016239999999996257 0.034100000000000005 170.554138376753542161
113.702669999999997685 0.034130661322645292 169.860911643286584649
113.359817474949821303 0.034424989979959950 171.214179599198615733
113.064130000000005793 0.034510000000000013 170.871812104208515848
112.766329999999996403 0.034960000000000005 173.626607374749454493
112.440020000000004075 0.034970000000000015 171.527429859719973138
112.132819999999995275 0.034980000000000011 170.923856753507692474
111.792839999999998213 0.035380000000000009 173.570653166332704131
111.498120000000000118 0.035460000000000005 172.349770961923866253
111.201074208416798683 0.035460000000000005 170.946449599198388114
110.897440000000003124 0.035480000000000012 169.773521723446890519
110.551509999999993283 0.037013947895791585 183.589052965931813333
110.280140000000002942 0.037050000000000000 180.065167394790080380
109.979259999999996467 0.037017394789579175 179.526387735470990492
109.736500000000006594 0.036310000000000009 170.674280941883409923
109.449430000000006658 0.036310000000000009 169.492062945891404979
109.146483026052266041 0.036310000000000009 168.056692364729116207
108.872900000000001342 0.036320000000000005 166.500607274549167869
108.544880000000006248 0.036330000000000001 165.726235330659960709
108.217070000000006758 0.036510000000000001 166.100738857715441554
107.946849999999997749 0.038390000000000007 181.549816933867504076
107.627330000000000609 0.038380000000000011 178.652047975951660419
107.341419999999999391 0.038350000000000009 177.737268857717907622
107.075270000000003279 0.038104108216432897 173.295675010016765327
106.803120000000006939 0.037839999999999999 169.255343747493071760
106.549800000000004729 0.037839999999999999 167.571266312625141381
106.270930000000006999 0.037850000000000009 167.379945430864751188
106.004059999999995512 0.037870000000000001 165.275762525053437457
105.768339999999994916 0.038485070140280617 171.301867855714164079
105.483580000000003452 0.038930000000000006 174.070830300601954832
105.236109999999996489 0.039000000000000007 171.970334288576054860
104.970789999999993825 0.039050521042084174 171.719389098196529631
104.728819318637320634 0.039210000000000009 171.750835030060443387
104.509850000000000136 0.039230000000000001 170.608233747494665522
104.292209999999997194 0.039433507014028035 172.134069779558956270
104.056190000000000850 0.039820000000000008 172.864121402806233618
103.819890000000000896 0.039890000000000009 171.907009218437650588
103.559809999999998809 0.039966492985971949 170.646151643286572153
103.325479999999998881 0.040130821643286602 171.859776452905947508
103.118134448897762923 0.040200000000000000 170.759847895791665451
102.920169999999998822 0.040409478957915843 170.846327494989935758
102.651229999999998199 0.040820000000000009 173.333221963928650666
102.422200000000003683 0.040880000000000000 172.967665410821439309
102.214650000000006003 0.040952464929859794 171.660151402802824805
102.034559999999999036 0.041100000000000012 171.444967995991788712
101.821380000000004884 0.041170000000000012 171.101597174351155672
101.624750000000005912 0.041500901803607118 172.410402905811281471
101.431659999999993715 0.042030000000000012 174.806589619239503008
101.178970000000006735 0.042040000000000008 173.489475831663753524
100.939530000000004861 0.042040000000000008 171.825922785571179929
100.758420000000000982 0.042040000000000008 170.240416092184403851
100.524590000000003442 0.042140000000000011 169.364202004008149061
100.303849999999997067 0.042791422845691388 173.678538877755528347
100.102900000000005321 0.043010000000000007 172.911405170340231052
99.894189999999994711 0.043010000000000007 171.810197595188583364
99.690648356713523981 0.043010000000000007 171.073655671341327889
99.510729999999995243 0.043110000000000009 170.154206953910858147
99.277209999999996626 0.043673066132264474 173.341245851704314873
99.039510000000007039 0.044060000000000002 173.128100541085785835
98.801749999999998408 0.044090000000000004 172.636040340682399119
98.591899999999995430 0.044226052104208394 172.001339699397760796
98.365679999999997563 0.044760380761523055 174.686517535070123586
98.153567595190409634 0.045050000000000007 173.582257735470903981
97.938130000000001019 0.045050000000000007 171.893655290581335748
97.716710000000006175 0.045050000000000007 169.330978857715422237
97.470920000000006667 0.045555390781563204 172.511233787575577026
97.194460000000006517 0.045932024048096237 171.251032905810973261
96.897339999999999804 0.045996352705410859 169.583566412824950476
96.618999999999999773 0.046331362725450784 170.934261723439846037
96.379047835671272537 0.046805010020040103 173.518739679358560579
96.103589999999996962 0.046980000000000008 171.830281983968149007
95.843940000000003465 0.047557334669338563 173.720929839679484985
95.585560000000000969 0.047990000000000005 173.053610040080428689
95.306399999999996453 0.048050000000000009 172.120280501001275297
95.008750000000006253 0.048836653306613201 175.196692084167722214
94.705699999999993111 0.049050000000000010 173.100650060120301532
94.400559999999998695 0.049765310621242495 174.418994268537090875
94.134876412825519765 0.050009639278557158 171.433118537076865096
93.901910000000000878 0.050797935871743555 169.464200901803508259
93.518749999999997158 0.051464889779559181 168.904820981963581517
93.136089999999995825 0.052425250501002038 169.357384849699059259
92.629609999999999559 0.053763907815631090 172.038608977965310487
92.103579999999993788 0.054769999999999999 173.056066152304623529
91.635080000000002087 0.055815611222444841 175.237913206415527156
91.172177214429012793 0.056769939879759493 170.690828096190500673
90.776306172344916945 0.057994148296592926 167.228063026050307371
90.315880000000007044 0.059500180360721161 167.992168717435589542
89.824470000000005143 0.062351703406813536 175.395021563130370623
89.382069999999998799 0.063130000000000006 172.101621663325488498
88.940539999999998599 0.063440000000000010 169.714200300597610749
88.395939999999995962 0.065423647294589243 174.818210220439709701
87.936899999999994293 0.067270240480961932 178.064744789579009421
87.479205851703440544 0.068823707414829655 176.655025490981387293
87.047809999999998354 0.070793386773547018 175.011570881761770124
86.587649999999996453 0.072866132264528649 173.265172785577760806
86.169460000000000832 0.074020220440881926 166.737615971940527970
85.765569999999996753 0.075199418837675155 164.727406813630921079
85.368290000000001783 0.076257274549097906 164.423241603200750660
84.948239999999998417 0.078123787575149942 164.821519358711611858
84.520169999999993138 0.080224088176352557 167.538100981968909764
84.033001042084109145 0.081700000000000009 166.843639919839205277
83.670259999999998968 0.081700000000000009 163.199210761522749635
83.269409999999993488 0.083703567134268533 166.919329659318663062
82.745260000000001810 0.087343106212424790 173.276459859717988365
82.388689999999996871 0.088370000000000004 167.813180821642845331
81.979079999999996176 0.088611683366733432 165.878836673351003128
81.669629999999997949 0.089350340681362744 166.795458196393838080
81.430235711423108569 0.089707494989979708 161.703779659331104313
81.135047655310344794 0.091150621242485255 165.771645230452861597
80.741860000000002628 0.092690781563125935 167.859614549095653047
80.439030000000002474 0.093224969939879665 166.589259859706885436
80.079409999999995762 0.093366813627254491 165.785688376754166029
79.690039999999996212 0.094283426853707414 169.196458036072016284
79.350489999999993529 0.095290941883767522 173.276308857714070655
79.022807695390909544 0.095989398797595146 174.431423887774968762
78.745901302605403771 0.096250000000000002 172.564139138278676455
78.441509999999993852 0.097190000000000012 177.656927094181071425
78.188249999999996476 0.097262785571142277 174.303989398795522447
77.962010000000006471 0.098294228456913851 178.851195791583450045
77.732290000000006103 0.098851442885771579 180.004360440883033334
77.470179999999999154 0.099180000000000004 177.282731482952101487
77.191379999999995221 0.100000000000000006 180.301034148297702586
76.840959999999995489 0.100524428857715384 178.468469719429975839
76.625870000000006144 0.100858757515030054 178.104516813626162275
76.375810000000001310 0.101230000000000014 177.327477535068311454
76.063370000000006144 0.101837414829659301 178.176342124245365994
75.738399999999998613 0.102281743486973928 177.564710060120688695
75.397429999999999950 0.102940000000000004 178.070183687370246162
75.212590000000005830 0.103080000000000005 175.255029498994389314
75.032460000000000377 0.103464729458917826 174.787171002002736486
74.809525851703341459 0.103958116232464967 169.815907314630123892
74.513249999999999318 0.104703547094188429 162.172363346694737629
73.971180000000003929 0.106513446893787625 168.137771162324895613
73.368059999999999832 0.109250000000000014 176.031936653294934558
72.955590000000000828 0.109230000000000008 175.789085551110616734
72.527129999999999654 0.108520000000000005 166.270281242482155903
72.050830000000004816 0.108530000000000001 164.392868416829259104
71.561279258517416224 0.108560000000000004 165.712372164321635637
71.265621903808082038 0.108951062124248349 169.915606833662252484
70.982129999999997949 0.109780000000000003 175.666278016028797992
70.638880000000000337 0.110302344689378717 179.379576993988393951
70.237949999999997885 0.111066673346693373 181.465756232466901565
69.889349999999993202 0.111280000000000004 178.771216372745158196
69.587050000000004957 0.111370000000000011 176.575894549097967001
69.296819999999996753 0.111580000000000013 171.372947034068147332
68.742463727454861555 0.112211963927855762 169.392329158316130133
68.216570000000004370 0.113183266533065957 169.838668857719000016
67.667630000000002610 0.114177935871743644 169.922258476948343286
67.237129999999993402 0.114520000000000011 168.880739779556677149
66.864639999999994302 0.114520000000000011 171.754144448895516462
66.691460000000006403 0.114520000000000011 172.354805991977201529
66.220410000000001105 0.114520000000000011 173.656472304607603974
65.858620000000001937 0.114640000000000006 177.110361062125718945
65.724860000000006721 0.115150000000000016 175.550717875752894770
65.535129999999995221 0.115450000000000011 174.080605150301863659
65.335020000000000095 0.115460000000000007 166.724750160322201964
64.932620000000000005 0.115540000000000004 162.667103807616740596
64.617909999999994852 0.116045931863727483 168.048668136274045537
64.319850000000002410 0.116180000000000005 169.761116092187734239
64.004040000000003374 0.116270000000000012 172.053849278552377200
63.744734729458706113 0.116460000000000008 175.713831262526980481
63.457360761523190718 0.116590000000000013 178.307277675348132107
63.306049999999999045 0.116880000000000012 178.092211523058125522
63.206550000000000011 0.116990000000000011 173.486323386774728306
62.893630000000001701 0.117236232464929827 169.755409979962678335
62.493189999999998463 0.117560000000000012 169.237150641284188168
62.249349999999999739 0.117759779559118191 165.891371462925093283
61.910787835671676760 0.117939218436873716 165.194234589174385519
61.625696533066268046 0.118143547094188367 171.449160180359740480
61.383429999999997051 0.118270000000000000 173.948894769541027472
61.163780000000002701 0.118310000000000012 175.430609098198459606
60.977589999999999293 0.118370000000000017 176.409416893787209801
60.487690000000000623 0.119070861723446816 175.986185150304208946
60.123409999999999798 0.119360000000000008 177.465646673346697071
59.969729999999998427 0.119360000000000008 171.891010741487463065
59.795020000000000948 0.119360000000000008 169.433897675354245393
59.640430581162341639 0.119360000000000008 164.083891983968555905
59.478560000000001651 0.119370000000000004 164.386371182362381660
59.163859999999999673 0.119570501002003879 167.894542745485324531
58.740409999999997126 0.120250000000000010 177.184392685366447040
58.317219999999998947 0.120260000000000006 177.943912204407894251
58.039700000000003399 0.120250180360721437 178.065024669339919683
57.798690000000000566 0.120260000000000006 174.558540120240024862
57.532634368737483044 0.120260000000000006 172.254267294589055837
57.336231783567122022 0.120280000000000012 169.314728797595677179
57.162120000000001596 0.120597134268536979 168.931774889788272276
56.970889999999997144 0.120960000000000012 168.986513346694493976
56.754460000000001685 0.120990000000000000 169.334515470938981707
56.454189999999996985 0.120990000000000000 171.819909338681043209
56.144660000000001787 0.120990000000000000 171.462695891779645763
55.714300000000001489 0.121258777555110164 173.773731001999379941
55.413409999999998945 0.121570000000000011 179.567874348697102960
55.296010000000002549 0.121730000000000005 177.453482565131196225
55.122709999999997876 0.121730000000000005 173.161390360721355819
54.890009999999996637 0.121730000000000005 170.097009018036970929
54.664679999999997051 0.121730000000000005 167.339355531063176841
54.436880000000002156 0.121750000000000011 164.351336312625051050
54.254150000000002763 0.122219078156312597 169.052412865725585789
53.895659999999999457 0.122300000000000006 169.528700761515892736
53.482030621242223845 0.122300000000000006 172.140804989981575090
53.188988997996318631 0.122782064128256457 178.969451783562988112
52.841039999999999566 0.122870000000000007 180.390369378756872720
52.503019999999999357 0.122870000000000007 174.639103727460025084
52.283290000000000930 0.122870000000000007 172.806547114230568241
52.164189999999997838 0.122870000000000007 170.381579579158966453
52.006369999999996878 0.122870000000000007 167.163222905812830277
51.716439999999998633 0.123064108216432808 165.641082625249850935
51.293264408817961453 0.123662364729458893 168.222192444889003582
50.734810000000003072 0.123820000000000013 172.232934028055069575
50.275460000000002481 0.123820000000000013 173.475112064127500844
49.852150000000001739 0.123820000000000013 174.332994448896840822
49.526949999999999363 0.123830000000000010 175.876403286575452967
49.174979999999997915 0.124110000000000012 176.474998476953459203
48.993639999999999191 0.124130000000000004 172.525747675352249644
48.625709999999997990 0.124230000000000007 169.606730260520350839
48.351698637274729720 0.124610000000000012 170.701034949900247284
48.061219999999998720 0.124630000000000005 168.941741282563583582
47.781700000000000728 0.124630000000000005 170.851388937871746521
47.613250000000000739 0.124630000000000005 171.113690861717543612
47.139299999999998647 0.124630000000000005 173.067698977948907668
46.865969999999997242 0.124630000000000005 175.804176513019854156
46.672249999999998238 0.124700000000000005 173.045892865730849053
46.400399018036054599 0.125019999999999992 174.617437595190239108
45.977526753507021340 0.125120000000000009 173.382607334667994792
45.808970000000002187 0.125129999999999991 170.185375430861654422
45.669660000000000366 0.125129999999999991 165.592229639278798459
45.322960000000001912 0.125229218436873624 167.092363166323139012
44.935940000000002215 0.125648937875751543 173.291437474958001985
44.598919999999999675 0.125670000000000004 175.732827294584950550
44.261629999999996699 0.125670000000000004 176.329731503001681858
43.951900400801683588 0.125670000000000004 177.431661122246339346
43.660009999999999764 0.125670000000000004 175.094830841681073252
43.404380000000003292 0.125670000000000004 170.928689739472758902
43.151769999999999072 0.125670000000000004 168.639078016031845664
42.890540000000001442 0.125779238476953908 166.014223987976578201
42.589449999999999363 0.126069999999999988 167.253781342684618494
42.130420000000000869 0.126099999999999990 169.018818797596452441
41.705159999999999343 0.126150000000000012 171.954316232447268931
41.428424649298499105 0.126150000000000012 175.301229338678950853
41.296239999999997394 0.126150000000000012 174.745066953906302842
41.127839999999999065 0.126179999999999987 174.340477254512705940
40.756650000000000489 0.126719999999999999 177.811722825648161006
40.401699999999998170 0.126739999999999992 175.247843106209217012
40.247880000000002099 0.126739999999999992 171.108497454913532465
39.893279999999997187 0.126739999999999992 167.586860581162937933
39.507947374749740277 0.126739999999999992 169.682851442883418258
39.236842384769673231 0.126739999999999992 171.134784248496487180
38.914099999999997692 0.126739999999999992 173.735414048094554573
38.590130000000002042 0.126739999999999992 175.110664228454936620
38.302990000000001203 0.126739999999999992 174.146338617234590629
38.124290000000002010 0.126739999999999992 171.065920160323656773
37.791249999999998010 0.126739999999999992 169.369542865730238645
37.513370000000001880 0.126877154308617179 168.916495310625549564
37.214294368737434127 0.127099999999999991 168.438553126252429593
37.043280000000002872 0.127110000000000001 169.197599539077458530
36.833700000000000330 0.127110000000000001 169.421859338677336382
36.354959999999998388 0.127120000000000011 170.016359238467771320
35.959829999999996630 0.127519999999999994 177.997781523043954621
35.783129999999999882 0.127530000000000004 178.271887294591181217
35.352699999999998681 0.127530000000000004 175.748295490983906575
35.132129999999996528 0.127530000000000004 174.825307915834059713
34.876398517034068902 0.127530000000000004 171.962503907815658977
34.449599999999996669 0.127530000000000004 169.669871302603667118
34.298529999999999518 0.127530000000000004 167.621633867742957591
33.954070000000001528 0.127530000000000004 167.883113266533115393
33.619190000000003238 0.127530000000000004 168.669076593175816470
33.240499999999997272 0.127539999999999987 171.664742625249800767
32.985649999999999693 0.127612084168336581 173.485141001993810050
32.714864128256401443 0.127980000000000010 178.571815651301591288
32.238122905811572139 0.128000000000000003 176.381453286572110528
31.974940000000000140 0.128000000000000003 173.982913787576535469
31.734249999999999403 0.128000000000000003 173.133328276557023173
31.585779999999999745 0.128000000000000003 169.836636052106456418
31.170300000000001006 0.128000000000000003 168.942789959919849707
31.131389999999999674 0.128000000000000003 169.507128997996431963
31.017741883767548927 0.128000000000000003 170.993898817635198384
30.806379198397902286 0.128000000000000003 173.463434388768433791
30.550290000000000390 0.127989999999999993 176.226008256512386652
30.601140000000000896 0.127989999999999993 175.901938196404444170
30.654109999999999303 0.127989999999999993 173.183993286573212345
30.474499999999999034 0.127989999999999993 171.928396693391505323
30.384820000000001272 0.127989999999999993 171.130149559115267266
30.375189999999999912 0.127989999999999993 169.100334809621529075
30.306879999999999598 0.127989999999999993 169.043634989974009386
30.243439999999999657 0.127989999999999993 170.639340340681172847
30.008959999999998303 0.127989999999999993 172.580350000000009913
