30.109660000000001645 0.130890000000000006 106.025940000000005625
30.317599999999998772 0.130831603206412794 108.575516753507656631
30.731249999999999289 0.130431603206412811 98.818302324649465618
31.068843767535124556 0.130250000000000005 95.078540881762108938
31.317650000000000432 0.130250000000000005 101.039386172344038073
31.642150000000000887 0.130250000000000005 101.261241422843781379
32.019291002004010238 0.130250000000000005 96.446933426853632909
32.226970000000001448 0.130250000000000005 98.244678817635147539
32.272680000000001144 0.130250000000000005 104.264835971943881532
32.587719999999997356 0.130250000000000005 100.815049358717530481
33.002850000000002240 0.130250000000000005 97.081739198396803658
33.177452144288466229 0.130239999999999995 105.476115911823484339
33.562019999999996855 0.130239999999999995 103.303765991983965478
34.063270000000002824 0.130020420841683360 96.903856232464391951
34.203279999999999461 0.129860000000000003 102.750446232465037610
34.533900000000002706 0.129819999999999991 98.281618176352694150
35.009639999999997428 0.129819999999999991 96.222222565130223870
35.191343767535187226 0.129819999999999991 102.478836072144204650
35.592669999999998254 0.129819999999999991 98.095247294588943987
35.863439999999997099 0.129819999999999991 102.428613486974185776
36.214530000000003440 0.129819999999999991 102.539141963927932011
36.643430000000002167 0.129646833667334677 98.277276092185388734
36.801000000000001933 0.129477635270541069 99.565995891783387606
37.334470000000003154 0.129349999999999993 93.863602945891145168
37.463580000000000325 0.129349999999999993 99.431127454909727703
37.924990000000001089 0.129349999999999993 95.042822765530772244
38.159190000000002385 0.129349999999999993 100.161496492986032081
38.659260000000003288 0.129349999999999993 97.135461763527402468
38.770490000000002340 0.129349999999999993 100.705126112224434110
39.230730000000001212 0.129349999999999993 102.512798877755514582
39.398650000000003502 0.129349999999999993 100.162418857715437071
39.644683547094210496 0.129349999999999993 102.983628537074054066
40.138989999999999725 0.129349999999999993 103.470219498997749952
40.277079999999997995 0.129349999999999993 101.940917535070170175
40.576790000000002578 0.129349999999999993 104.054568737475022999
40.928409999999999513 0.129319999999999991 104.372391242485221596
41.340200000000002944 0.129024288577154311 101.085362765530945239
41.731349999999999056 0.128729999999999983 93.798289398797706440
41.762390000000003454 0.128729999999999983 97.193602845691344783
41.978369999999998186 0.128729999999999983 98.605646633266587742
42.345509999999997319 0.128729999999999983 99.213330741483019892
42.665559999999999263 0.128729999999999983 99.613336913827637886
42.978920000000002233 0.128729999999999983 99.831312525050165618
43.272320000000000562 0.128729999999999983 99.994400761523095866
43.526040000000001839 0.128729999999999983 100.948769659318685399
43.792113026052142288 0.128729999999999983 101.201320320641329431
44.061819999999997322 0.128729999999999983 102.147671102204412819
44.372999999999997556 0.128729999999999983 102.906585050100289891
44.695401843687420751 0.128729999999999983 103.574170801603358427
45.078330000000001121 0.128648557114228457 103.518861963927918168
45.436750000000003524 0.128280000000000005 99.820670300601221925
45.883938016032040252 0.128250000000000003 100.363160921843643791
46.312120000000000175 0.128179999999999988 100.829708857715488080
46.730629999999997892 0.127920000000000006 98.624018456913830732
47.304929999999998813 0.127879999999999994 99.346293727455019962
47.772309999999997387 0.127869999999999984 100.623332324649254588
48.258890000000000953 0.127860000000000001 101.318066813627140732
48.850960000000000605 0.127677074148296599 99.976117915831807181
49.338569999999997151 0.127349999999999991 97.404198637274518546
49.887504168336633370 0.127349999999999991 98.632736853707314140
50.499659999999998661 0.127349999999999991 99.782580080160414582
51.018230000000002633 0.127349999999999991 100.880970220441099627
51.573187735471009319 0.127339699398797579 101.784750200400949893
52.201479999999996551 0.127190501002004019 101.181678276553128626
52.660969999999998947 0.126911302605210441 99.055382404809463992
53.229163226453074742 0.126879999999999993 99.791804068136428896
53.707810000000002049 0.126792905811623252 99.674028136272553979
54.202680000000000859 0.126553707414829658 97.972016833667296964
54.741732024047877303 0.126489999999999991 98.344968617234414410
55.243830000000002656 0.126489999999999991 99.068880100199919525
55.712499999999998579 0.126480000000000009 99.953773667334132824
56.275359999999999161 0.126450000000000007 100.743954288577270972
56.697099999999998943 0.126409999999999995 101.470793947895757015
57.156649739479050254 0.126368517034068123 101.530017434869733961
57.625180000000000291 0.125889318637274567 97.140072705410716480
58.049269999999999925 0.125680120240480947 95.943721022044215374
58.433210000000002537 0.125609999999999999 96.277716452905295341
58.907710000000001571 0.125620000000000009 97.579299438877256989
59.319650000000002876 0.125620000000000009 98.357249238475972675
59.745089218436966405 0.125620000000000009 99.533658897795262988
60.171269999999999811 0.125620000000000009 100.806141262524917579
60.540129999999997779 0.125620000000000009 102.150965631261513522
61.035159999999997638 0.125609999999999999 103.293675050100858925
61.450650000000003104 0.125536533066132272 103.277182865731560923
61.817889999999998452 0.125367334669338665 102.399432885771574320
62.313450000000003115 0.125098136272545096 100.866265370741899687
62.740029999999997301 0.124968937875751501 100.745612925851716568
63.139666653306598221 0.124549999999999994 97.658630941883785681
63.624519999999996855 0.124430541082164309 98.057890541082542768
64.021680000000003474 0.124379999999999991 98.594132464929131743
64.442279999999996676 0.124379999999999991 100.188836773547052417
64.929509999999993397 0.124370000000000008 101.558158957915793508
65.319530000000000314 0.124359999999999998 103.023774048095916100
65.795494829659475045 0.124310000000000004 103.872210100200234706
66.225489999999993529 0.123621402805611097 98.020542665329344345
66.660690000000002442 0.123516152304609189 99.058800400802056174
67.167479999999997631 0.123439999999999994 100.006120020040953023
67.556820000000001869 0.123409999999999992 101.687681963927900597
67.978020000000000778 0.123214228456913877 101.293075591182827111
68.478970000000003893 0.122747434869739463 97.784258917835671809
68.868129999999993629 0.122599999999999987 98.921486893787658801
69.314220000000005939 0.122599999999999987 101.214483206412410254
69.791070000000004825 0.122590000000000005 102.891596472945835217
70.218789999999998486 0.121800260521042092 96.733696673346685202
70.625510000000005562 0.121670000000000000 98.795125030060418680
71.118920000000002801 0.121659999999999990 101.167052144289115745
71.551609999999996603 0.121639999999999998 102.986701503006230496
71.967524509018048207 0.120798857715430863 97.212050240480934349
72.415139999999993847 0.119716573146292582 91.282958597194806316
72.839190000000002101 0.119659999999999989 94.199957414829356139
73.238392264529295517 0.119659999999999989 97.759427675351588505
73.704700000000002547 0.119659999999999989 100.114042284569165986
74.073269999999993729 0.119659999999999989 102.046926573145171346
74.572448997995849140 0.119659999999999989 104.994570040080319018
75.001630000000005793 0.119374148296593208 104.438366633266369377
75.371219999999993888 0.118424368737474944 98.891519759519042054
75.851209999999994693 0.117725971943887758 98.246028717434938926
76.246269999999995548 0.117243787575150304 99.650428116232419029
76.649090000000001055 0.116839999999999999 99.340055270540744914
77.127489999999994552 0.116595390781563113 100.467419719438865400
77.514089999999995939 0.116316192384769507 101.498357214428807538
77.944420320641455646 0.115726993987975924 100.770290741483094621
78.398960000000002424 0.115083386773547014 98.921930040081008428
78.749819999999999709 0.114587194388777541 100.609133867735550893
79.130691823647069327 0.113979398797595222 99.264732184367389323
79.582790000000002806 0.113560400801603151 101.304648376754570904
79.985740000000006944 0.112824008016032096 100.865292985970882000
80.472466653306639728 0.111903607214428852 98.781581603206447539
80.858500000000006480 0.111172605210420855 98.060615130260657679
81.281069999999999709 0.110733406813627255 101.181970661320363547
81.726874589178279962 0.110128416833667336 100.974139519037962032
82.168300000000002115 0.109270040080160308 100.124605591181847331
82.599620000000001596 0.108267434869739415 98.972792525049712253
83.064869999999999095 0.107476452905811565 98.668872685371582065
83.482889999999997599 0.106854829659318640 100.672583126253726959
83.874027515030093127 0.106084649298597178 99.501899739478844253
84.295299999999997453 0.105267054108216379 101.459140020038432795
84.714129999999997267 0.104369639278557053 100.967623827654549018
85.078410000000005198 0.103391863727454791 100.228329979955930185
85.553049999999998931 0.102165691382765655 99.752805951903781079
85.957679999999996312 0.100961122244489110 101.155864288576495369
86.399786132264395633 0.100589999999999985 105.378874709418468569
86.841020000000000323 0.099036793587174377 101.274601603206647837
87.215149999999994179 0.096312404809619195 98.372590821643228765
87.718230000000005475 0.094297154308617265 97.216063486974007901
88.105770000000006803 0.092894929859719505 97.956218877755574681
88.467119999999994207 0.091658136272545099 100.911102164328468689
88.950130000000001473 0.090311342685370721 101.950893146292457914
89.307119999999997617 0.088570460921843563 100.116518717434658470
89.732639679358896956 0.086156072144288387 99.259222645290947185
90.183199999999999363 0.084370961923847715 100.454960901803573847
90.534260000000003288 0.082816252505009985 103.080208116232668658
90.956860000000006039 0.079948436873747308 100.010179519039567708
91.420500000000004093 0.077121162324649065 99.071212785575653470
91.845529999999996562 0.075080681362725471 98.927100220440863154
92.271152104208283617 0.073135490981964035 100.292021523045846720
92.665509999999997603 0.071320300601202563 99.343820420841126406
93.077060000000003015 0.069499258517034146 100.304088336673487447
93.469758717434828554 0.067843266533066160 98.331392585170263487
93.928129999999995903 0.066569819639278521 99.498953286573183163
94.293099999999995475 0.065133026052104165 98.951671543086447969
94.701520000000002142 0.063847174348697439 101.170937434869031790
95.097449999999994930 0.062549298597194408 99.062826052104185237
95.481300000000004502 0.061491983967935843 99.953135651303156806
95.907772645290705782 0.060605851703406731 101.409761482966089829
96.334100000000006503 0.059499058116232337 102.237701683367532723
96.715639999999993393 0.058085330661322591 100.604904909820149328
97.224140000000005557 0.056409338677354898 98.005964909821017272
97.660619999999994434 0.055128677354709332 97.849798877755986837
98.043180000000006658 0.053981883767535120 97.560816092186115611
98.534499999999994202 0.053186272545090132 99.380274488981285685
98.927620000000004552 0.052677074148296588 99.765029839679328916
99.314687094188215610 0.052369999999999993 101.657336533064679429
99.763549999999995066 0.052328677354709426 105.272885511021755178
100.107380000000006248 0.051176873747495001 100.847067655310667078
100.476619999999996935 0.049361122244488936 95.124220901804079631
100.949479999999994106 0.048522164328657268 98.251094909820409384
101.345629999999999882 0.047755651302605222 99.817770761523007650
101.823291523046066231 0.047042685370741480 99.116917895791615933
102.223100000000002296 0.046563486973947882 99.573863446893966511
102.637169999999997572 0.045968577154308569 99.477007374749604196
103.101460000000002992 0.045380360721442754 102.274767775550614601
103.488429999999993925 0.045125891783567150 105.032395791583468281
103.892899999999997362 0.043656853707414761 97.396931783567737284
104.345789999999993825 0.042134989979959965 94.924796673344573605
104.686660000000003379 0.041658296593186379 97.632926793587017755
105.065500360721429729 0.041299999999999996 99.840671603206359919
105.492260000000001696 0.041119799599198377 100.905323707414723344
105.870620000000002392 0.040472104208416897 99.934548637274573935
106.350352344689241590 0.039784509018036103 99.535926292585500619
106.755830000000003110 0.039252304609218434 98.986221262525049269
107.123649999999997817 0.038979999999999994 99.731261523046654816
107.543508817635427022 0.038751723446893711 104.016865010020595150
107.998369999999994207 0.037934709418837663 99.928468957916109616
108.395769999999998845 0.037315511022044077 99.770723507014025699
108.869839999999996394 0.036979999999999992 100.518840521042378100
109.268100000000004002 0.036517114228456889 99.900736513026501484
109.644220000000004234 0.036189999999999993 100.251146633267651964
110.106399999999993611 0.035998717434869702 101.015140340680474651
110.521860000000003765 0.035479519038076175 100.936264929860342932
110.899219999999999686 0.035060320641282595 101.030253406814622963
111.386939999999995621 0.034481122244488981 99.697205310620390151
111.772509999999996921 0.034111923847695381 99.538195350701414554
112.262059739479042264 0.033692725450901788 98.774038557113655656
112.655190000000004602 0.033630000000000000 102.127854428857574476
113.020740000000003533 0.033374328657314635 102.200346152303893632
113.453102745490980396 0.032920260521042070 100.069595551102253239
113.862889999999993051 0.032505931863727432 100.609174108216151922
114.257289999999997576 0.032199999999999999 99.938436633265595788
114.677980000000005134 0.031855070140280502 99.401995190380631584
115.051590000000004466 0.031689999999999989 100.455870881763615898
115.454165931863812489 0.031369138276553084 99.693071743486086689
115.882850000000004798 0.031119879759519069 99.353217494988555814
116.270359999999996603 0.030769999999999999 99.348956352702529671
116.700310000000001764 0.030723086172344684 102.458874048096205911
117.087959999999995375 0.030144689378757548 98.253891583165753332
117.474590000000006285 0.029879999999999997 98.028888376751822875
117.919619378757417394 0.029870000000000001 101.191800440882019529
118.296549999999996317 0.029794749498997984 102.058489278556933755
118.663150000000001683 0.029401102204408787 101.207293466934686421
119.140789999999995530 0.028916352705410812 98.399779639278875720
119.549660000000002924 0.028849999999999994 99.226988697394730821
119.951729999999997744 0.028817955911823644 101.845129458917782017
120.448459999999997194 0.028358757515030038 99.235882484970403539
120.861109999999996489 0.027979999999999998 97.163766753507402996
121.215000000000003411 0.027979999999999998 100.346451743486909436
121.694440000000000168 0.027959999999999992 101.676635751503070537
122.132670000000004507 0.027501963927855734 100.480438717435262674
122.536339999999995598 0.027255531062124187 99.767052224449116693
123.023579999999995493 0.027009999999999999 98.233075631262451566
123.348119999999994434 0.027009999999999999 100.940150300601203526
123.719621623246453623 0.026949999999999995 101.173702885771731985
124.066270000000002938 0.026785971943887786 100.367545190381065368
124.317470000000000141 0.026479999999999997 99.549625731463166289
124.670879999999996812 0.026470000000000000 101.051909619238486471
124.936949999999995953 0.026459999999999990 102.196009559118337506
125.175030000000006680 0.026089178356713393 97.738066633266186045
125.319090000000002760 0.026009999999999998 96.400966052103996162
125.437600000000003320 0.026009999999999998 96.863944188376947864
125.517840000000006739 0.026009999999999998 96.160840340680536542
125.581810000000004379 0.026009999999999998 97.665941082163712395
125.604529999999996903 0.026019999999999995 97.230288176352573259
125.549649999999999750 0.026019999999999995 97.616628817635444193
125.477149999999994634 0.026019999999999995 95.774425991984173834
125.346440000000001191 0.026029999999999991 95.663973066131589462
125.275307294589197227 0.026223607214428853 98.912962525049920259
125.211230000000000473 0.026650000000000000 104.046752344689494407
125.104449999999999932 0.026650000000000000 103.732528957916244394
124.972819999999998686 0.026639999999999990 103.385510340681122443
124.871229999999997062 0.026639999999999990 103.761488737475005451
124.760930000000001883 0.026639999999999990 102.556318256512795983
124.613308036072112372 0.026639999999999990 103.136720961924453377
124.459720000000004347 0.026639999999999990 102.107960881764952887
124.281270000000006348 0.026639999999999990 100.825621242484956497
124.019900000000006912 0.026639999999999990 99.805484088176456225
123.771940000000000737 0.026639999999999990 98.942886893788937641
123.538570000000007099 0.026639999999999990 97.880482565128488659
123.152039999999999509 0.026639999999999990 96.958898036072412197
122.858829999999997540 0.026639999999999990 96.208613987976150383
122.537899338677505057 0.026639999999999990 95.103410280560865431
122.144660000000001787 0.026766332665330593 95.246420180359805840
121.816220000000001278 0.027421563126252484 102.789074168336441062
121.435609198396747388 0.027539999999999988 102.678086833667364886
121.042150000000006571 0.027539999999999988 102.227307715431422253
120.653980000000004225 0.027539999999999988 99.689769939879198546
120.167080300601227805 0.027539999999999988 98.758440220440917301
119.795779999999993493 0.027539999999999988 97.415039418837579888
119.362430000000003361 0.027705971943887790 99.001767995992608462
118.863370000000003301 0.028065170340681379 101.716566212425746585
118.494370000000003529 0.028069999999999991 101.224715891783205279
118.065370000000001482 0.028069999999999991 98.995617895790857688
117.614580000000003679 0.028082765531062141 98.356367655311430553
117.229159999999993147 0.028511963927855703 103.091144969939449538
116.844102945891805234 0.028569999999999991 101.969020721442888089
116.427980000000005134 0.028569999999999991 101.446753426853703672
116.044830000000004588 0.028569999999999991 98.554553406813127481
115.694760000000002265 0.028569999999999991 98.386353026051864390
115.236819999999994479 0.028683867735470929 98.893284589178264810
114.889089999999995939 0.029029999999999993 101.971189398798031789
114.492725030059986580 0.029029999999999993 99.786787555110620929
114.095050000000000523 0.029029999999999993 99.617524729458807542
113.804239999999992961 0.029029999999999993 98.898316392785531548
113.408910000000005880 0.029251843687374775 100.646187354709212514
113.089259999999995898 0.029539999999999990 103.028256232464286768
112.771969999999996048 0.029539999999999990 101.093916032065436639
112.359030000000004179 0.029539999999999990 100.308871062124879359
112.071979999999996380 0.029539999999999990 98.700463166333364029
111.731890000000007035 0.029539999999999990 97.557590480960953983
111.388310000000004152 0.029919138276553091 101.693918797595571846
111.118260000000006471 0.029939999999999987 100.547343807615277456
110.790610000000000923 0.029939999999999987 99.517329178357030628
110.398899999999997590 0.029989999999999996 99.229454749498373189
110.125910000000004629 0.030085931863727440 99.130373987975204386
109.819869779559112999 0.030459999999999994 102.293217695390836752
109.479730000000003542 0.030469999999999990 100.687886933867545736
109.185590000000004807 0.030469999999999990 99.531822404808920624
108.829509999999999081 0.030469999999999990 98.025152084169107525
108.554850000000001842 0.030469999999999990 98.331980320641292792
108.286929999999998131 0.030582244488977971 98.898697655310954246
107.959800000000001319 0.030869999999999988 100.798073326653266690
107.720089999999999009 0.030879999999999998 99.773975450901673412
107.421660000000002810 0.030889999999999994 98.390118897796213560
107.139560000000003015 0.030957915831663303 98.581977114227825609
106.861840000000000828 0.031477114228456886 104.026779659319885241
106.569346793587257594 0.031519999999999999 103.397688176353540257
106.297539999999997917 0.031519999999999999 101.763554909819660566
106.028180000000006089 0.031519999999999999 101.187459198397490923
105.777582685370717286 0.031519999999999999 99.093050501002124975
105.480109999999996262 0.031519999999999999 98.330811262525870120
105.242549999999994270 0.031519999999999999 96.803062124248555165
104.947760000000002378 0.031603006012024072 98.002683186371598367
104.712710000000001287 0.031869999999999989 100.368469799597065162
104.459500000000005571 0.031899999999999991 99.497625250501727123
104.164793406813799947 0.031929098196392745 98.151176933868285346
103.919240000000002055 0.032668296593186381 105.690021823647697374
103.682810000000003470 0.032709999999999996 103.549085470941804488
103.399590000000003442 0.032709999999999996 103.346079378756087408
103.169669999999996435 0.032709999999999996 102.230434368737419959
102.932550000000006207 0.032709999999999996 99.992909639278821032
102.657110000000002970 0.032709999999999996 99.774532224449160367
102.415710000000004243 0.032709999999999996 99.012443006011977786
102.115924488977938722 0.032709999999999996 97.311272084168393803
101.812160000000005766 0.032719999999999992 96.375992464930021697
101.556139999999999191 0.032861082164328669 97.301038677353375306
101.211489999999997735 0.033640561122244471 104.145908396793714701
100.950919999999996435 0.033719999999999993 102.484986072144536706
100.637110000000006949 0.033719999999999993 101.436529979960468495
100.353854028055920367 0.033719999999999993 99.675298517037191459
100.102279999999993265 0.033719999999999993 99.032137735470598727
99.789919999999995071 0.033759999999999991 96.323937234468886004
99.469120000000003756 0.034320941883767477 101.909217174343993406
99.166629999999997835 0.034679999999999996 102.390717935872615385
98.877009999999998513 0.034689999999999992 102.231500901802647263
98.589979999999997062 0.034689999999999992 99.616153446894273316
98.290049999999993702 0.034689999999999992 97.696942565130399316
97.980488897795751768 0.034914388777555046 98.015676072143065767
97.546260000000003743 0.035729999999999991 104.560720180360320342
97.253849999999999909 0.035740000000000001 102.090918897795745579
96.923990961923763621 0.035740000000000001 99.730750120240401202
96.571700000000006980 0.035740000000000001 97.868339779563072511
96.285009999999999764 0.035894909819639283 98.007780941883979153
95.890719038076412062 0.036666653306613180 101.759783907810870573
95.412880000000001246 0.037135851703406823 101.345346412826884830
94.970050000000000523 0.037505050100200381 101.042575611223313103
94.435860000000005243 0.037589999999999991 97.726336252511089242
93.929259999999999309 0.038530340681362692 100.971626212423686297
93.359277334669215520 0.039252645290581180 103.767622665330975451
92.803100000000000591 0.039359999999999999 100.578544949899409744
92.269999999999996021 0.039379999999999991 98.717729519037732189
91.764536813627202605 0.039570240480961923 95.851676933868034780
91.101640000000003283 0.040508316633266588 99.157363246493900988
90.496309999999994034 0.041754549098196349 101.363789779558587156
89.764254288577205898 0.042537835671342672 100.974905971943869076
89.206789999999998031 0.042919999999999993 100.286333346693282920
88.654210000000006175 0.043316232464929876 97.648793927856161190
88.062922825650900904 0.043579999999999994 96.827821743486580885
87.432590000000004693 0.043624629258517005 93.450399258515645329
86.878609999999994784 0.044869138276553130 98.807084609218478022
86.199100000000001387 0.046179078156312538 101.385963747494713516
85.640289999999993142 0.047358897795591298 100.379274228457262552
85.011229999999997631 0.048805691382765512 101.476420220440701314
84.377780000000001337 0.049281242484970039 99.452931583167426766
83.814610000000001833 0.050099639278557054 99.686311402805173998
83.311840000000003670 0.051274108216432766 96.627440701402520062
82.606250000000002842 0.053816813627254448 102.735891162324321613
81.970249999999992951 0.057044148296593253 98.140517154307858050
81.183768096192153507 0.060049519038076316 97.859319859717956547
80.399450000000001637 0.063701362725450961 100.988594989980796868
79.663730000000001041 0.067990160320641216 97.747198096192860817
78.761394248496884529 0.072307334669338794 97.222399458917564630
77.788200000000003342 0.077384509018036368 98.583354649301043082
76.909540000000006899 0.081763026052104129 118.891789739478610954
76.376400000000003843 0.082201803607214463 98.462211042085982626
75.654939999999996303 0.083054008016031911 99.218180480961649437
75.394720000000006621 0.083180000000000004 103.866310240478085802
74.792236032064309370 0.083854589178356587 86.682208136272691945
74.201099999999996726 0.085938597194388816 109.025552545087748513
73.957179999999993925 0.086706773547094246 97.099124849699279594
73.474590000000006285 0.087976993987975927 111.577728296593818413
73.305769999999995434 0.088156192384769516 95.754839498997725400
72.914410000000003720 0.088749999999999996 108.635103787575189926
72.754090000000005034 0.089138356713426875 93.101731963927079505
72.251840000000001396 0.091371663326653529 95.099806613228309971
71.887986853707417367 0.093275971943887814 105.137024288575005926
71.443879999999992947 0.096161503006011978 86.251394969939795487
70.361850000000004002 0.102867975951903917 119.368650340683089439
69.961470320641780063 0.104543486973947747 94.669594368734536260
68.771580000000000155 0.107408897795591346 116.818449679364732674
68.439959999999999241 0.107490000000000002 94.330245270541098535
67.566502985971851558 0.108259999999999995 109.494218757516406981
67.222009999999997376 0.108377374749498961 93.867927054107354934
66.958889999999996689 0.108419999999999989 99.529651482960090902
66.430049999999994270 0.108460000000000001 108.026807775550935276
66.344560000000001310 0.108559879759519085 90.934226192386532261
65.959839999999999804 0.109139999999999987 104.917437735470855387
65.598190000000002442 0.109663466933867693 97.529528697391711489
65.472949999999997317 0.109880000000000005 96.829769779559228482
64.939816893787465801 0.111093527054108243 109.610123687376969315
64.670659999999998035 0.111311923847695421 92.254069819634011651
64.130260000000006926 0.112520160320641271 106.826864529057132813
63.874749999999998806 0.113326793587174346 94.589618957915789110
63.445819999999997663 0.113909999999999983 103.930210100204888590
62.986460000000001003 0.114100000000000007 104.198173026055542323
62.777687735470991015 0.114100000000000007 95.612225711424528640
62.192669999999999675 0.114260000000000000 106.953522565137490119
62.286990000000002965 0.114325350701402789 93.832624148294968336
61.925175110220394004 0.114850000000000008 105.766578517038382756
61.795090000000001851 0.115007494989979947 95.089487254507105263
61.337829999999996744 0.115409999999999985 105.135482204408788220
61.161659999999997694 0.115584288577154332 96.176846873747550148
60.766230000000000189 0.116010000000000002 107.873044368736628940
60.693459659318712340 0.116010000000000002 96.116714468939122185
60.042560000000001708 0.116328957915831671 99.619196492985977898
60.048520000000003449 0.116480000000000000 99.276093426853151414
59.684229999999999450 0.116974408817635211 95.627374468936977792
59.104439999999996758 0.117919999999999997 112.568295811624111025
59.008169999999999789 0.118059599198396703 89.459656032065822728
57.948864589177958351 0.120365971943887984 95.777492565131225888
56.776000000000003354 0.123230000000000006 120.148237975952611123
56.069330000000000780 0.123230000000000006 94.283225711420129755
54.682757695390755259 0.123319999999999985 105.008386873747525669
54.159449999999999648 0.123329999999999995 97.310946833667586020
53.871540000000003090 0.123319999999999985 99.411971883769865599
53.463290000000000646 0.123319999999999985 103.161273086171846103
53.232120000000001880 0.123340120240480966 91.969575691383113281
52.892400000000002080 0.123429999999999984 97.182474609218402861
52.217023907815452333 0.123629999999999990 104.820517815629528968
52.083339999999999748 0.123640000000000000 89.497666733466942901
51.721280000000000143 0.123659999999999992 93.858356392785367461
51.110280000000003042 0.124920000000000003 113.685199799599672588
50.889919999999996492 0.125415931863727542 97.689063086173433703
50.303356833667351111 0.125560000000000005 105.571707575150597336
49.691389999999998395 0.125560000000000005 111.995405070138488668
49.642479999999999052 0.125560000000000005 97.429986813624267938
49.305914729458905299 0.125549999999999995 99.829387234466636869
48.538389999999999702 0.125549999999999995 105.872702945892314119
48.247929999999996653 0.125560000000000005 93.686297454909990279
47.782839418837646406 0.125560000000000005 92.607136092182557263
47.169829999999997483 0.125560000000000005 99.868220941883905084
46.897429999999999950 0.125726192384769508 96.183363466933087693
46.816729759519020604 0.126034589178356721 95.237288537074206829
46.460459999999997649 0.126369999999999982 106.475525450899837665
46.329990000000002226 0.126450000000000007 102.486314408819893629
46.026479999999999393 0.126450000000000007 95.113881222444931041
45.417160000000002640 0.126519999999999994 101.836351563129994702
44.957009999999996808 0.126783286573146303 99.919998036073522485
44.689869999999999095 0.127062484969939854 96.766866593185852707
44.165120000000001710 0.127239999999999992 105.881096833667911028
43.942694729458885661 0.127250000000000002 102.918806853707422988
43.712099999999999511 0.127250000000000002 94.698166993987072715
43.332019999999999982 0.127289999999999986 100.452474589180894782
42.802416172344784684 0.127450000000000008 97.744769238476379769
42.473370000000002733 0.127459999999999990 91.089381082164152303
41.841540000000001953 0.127626873747495012 100.902640721442054428
41.380019238476926091 0.128656072144288564 108.223046573146433502
41.110900000000000887 0.128670000000000007 100.542309378757536820
40.631169999999997344 0.128659999999999997 106.761777615230059268
40.246450000000002944 0.128659999999999997 107.271518356714807396
40.152670000000000528 0.128659999999999997 95.487039519036756019
39.538550000000000750 0.128659999999999997 101.882631042085293416
39.007840000000001623 0.128659999999999997 104.212302364729836768
39.028520000000000323 0.128659999999999997 94.600133767535794505
38.807850000000001955 0.128659999999999997 99.378410901801686350
38.188130000000001019 0.128659999999999997 99.756152965931562449
38.012509999999998911 0.128670000000000007 90.326382284567714009
37.234556573146306846 0.128670000000000007 97.001803687375414142
36.846649999999996794 0.129429999999999990 106.960768817634331640
36.826300000000003365 0.129615651302605189 99.251454529058364074
36.082502344689366680 0.129959999999999992 108.621871683366450156
35.591419999999999391 0.129959999999999992 107.137188096193483489
35.509160000000001389 0.129959999999999992 97.706706172344325978
34.873269999999997992 0.129959999999999992 104.824363887775731996
34.292720000000002756 0.129959999999999992 101.562827695387824178
34.121785030060024724 0.129959999999999992 97.576760641282064057
33.611209999999999809 0.129959999999999992 101.860772204409300912
33.126120000000000232 0.129959999999999992 98.955189178358992308
32.972599999999999909 0.129959999999999992 93.334440120242035732
32.332740000000001146 0.129959999999999992 100.116316332663899402
31.980540000000001299 0.130056833667334643 97.585850721441047995
31.955978817635259048 0.130199999999999982 96.344070981963525924
31.534040000000000958 0.130420000000000008 104.457132785570962596
31.098259999999999792 0.130449999999999983 102.244745711422908130
31.134341202404819171 0.130449999999999983 96.323843967935829369
31.093389999999999418 0.130449999999999983 103.358544929859931472
30.945170000000000954 0.130440000000000000 106.712108977955367095
31.103179999999998273 0.130440000000000000 99.921434869739371720
31.364809999999998524 0.130440000000000000 98.791072024046997058
31.192699999999998539 0.130440000000000000 103.912490721441372443
30.989638597194275604 0.130440000000000000 101.427635991985155783
30.936610000000001719 0.130440000000000000 95.771585450902477987
30.595269999999999300 0.130440000000000000 101.152177014025951962
30.341650000000001342 0.130440000000000000 104.181514048096275360
30.473700000000000898 0.130440000000000000 100.143870621243863184
30.663149418837665650 0.130440000000000000 96.763610380763267926
30.753959999999999297 0.130440000000000000 101.867481382766897013
30.626180000000001513 0.130440000000000000 103.566401563126248675
30.589037895791456378 0.130440000000000000 97.768821503006080320
30.512760000000000105 0.130440000000000000 97.086620581162080157
30.448789999999998912 0.130440000000000000 101.756807454911239574
30.339909999999999712 0.130440000000000000 104.241650000000007026
