30.656020000000001602 0.126900000000000013 151.301649999999995089
30.600560000000001537 0.126909999999999995 149.090360400802353524
30.591550000000001575 0.126920000000000005 144.124445871744796932
30.622856472946228479 0.126929999999999987 146.192791162321867660
30.589939999999998577 0.127049999999999996 152.210219438874588604
30.483209999999999695 0.127150000000000013 152.592952545089161731
30.554249999999999687 0.127159999999999995 147.260547935871869640
30.569189999999998975 0.127179999999999988 148.605156072143557822
30.441610000000000724 0.127179999999999988 155.245849458916580943
30.632629999999998915 0.127179999999999988 155.472940160321087433
31.058520000000001460 0.127179999999999988 151.777741422847441299
31.485579999999998790 0.127170000000000005 151.575706913824490130
31.627870000000001482 0.127159999999999995 157.389719679355067683
31.822939999999999117 0.127140000000000003 155.719123086172515968
32.137860000000003424 0.126810000000000006 147.119251683366513817
32.393050000000002342 0.126405270541082165 145.561703747494988193
32.674495531062319742 0.126370000000000010 149.040242164329299612
33.012590000000002988 0.126370000000000010 145.442622204411179609
33.373770000000000380 0.126379999999999992 143.389893507013226781
33.482880080160484226 0.126379999999999992 151.476384028055775843
33.768889999999998963 0.126379999999999992 148.411456232466292704
34.166704949899845190 0.126379999999999992 145.430469939879770891
34.370510000000003004 0.126379999999999992 153.388479959919976636
34.697620000000000573 0.126390000000000002 149.252825791583092041
35.157449999999997203 0.126390000000000002 147.545797655310451546
35.192810000000001480 0.126390000000000002 153.760785791584311255
35.686489999999999156 0.126390000000000002 148.926150320643898795
35.929090000000002192 0.126379999999999992 155.462340641282196430
36.215949999999999420 0.126379999999999992 152.105840480962314132
36.647716432866296543 0.126379999999999992 152.307085130258940353
36.726460000000002992 0.126379999999999992 155.337713547094523392
37.218000000000003524 0.126370000000000010 152.148036613224860503
37.416879999999999029 0.126277154308617245 154.434849478957801239
37.963490000000000180 0.125767595190380749 145.173918617234846806
38.075344208416979086 0.125750000000000001 148.617766332665155460
38.576990000000002112 0.125750000000000001 147.584306232464086861
38.727009999999999934 0.125750000000000001 149.089362424849525723
39.208559999999998524 0.125750000000000001 151.507930260520197407
39.504820000000002267 0.125750000000000001 148.191658617234338635
39.625770000000002824 0.125750000000000001 152.008535150300161831
40.112380000000001701 0.125750000000000001 152.859032284569195781
40.335580000000000211 0.125750000000000001 149.591246753507022049
40.578989999999997451 0.125750000000000001 152.582568396794414411
40.973089999999999122 0.125739999999999991 153.774657855709619980
41.397590000000000998 0.125329999999999997 148.277544729456195682
41.539600000000000080 0.125299999999999995 145.177184729459042956
41.657339999999997815 0.125299999999999995 148.330265951903754740
41.984399158316641376 0.125299999999999995 149.527450561122265071
42.364249999999998408 0.125299999999999995 150.098437394789016253
42.690770000000000550 0.125299999999999995 150.064875450901126896
43.046557494990018711 0.125299999999999995 150.469334949899803178
43.282009999999999650 0.125299999999999995 150.500619919839977001
43.500287875751716626 0.125299999999999995 151.957190681362249052
43.775050000000000239 0.125299999999999995 151.864209779560326297
44.081769999999998788 0.125299999999999995 152.180523266533526794
44.442560000000000286 0.125225991983967944 152.606101082163689853
44.707949999999996749 0.124945010020040076 148.943769619238366886
45.023299999999998988 0.124870000000000009 148.642965991983970753
45.377560000000002560 0.124859999999999999 150.615128396793664933
45.743850000000001899 0.124819999999999987 151.083599378756872511
46.182593687374946967 0.124601082164328636 148.725280941882175512
46.591979999999999507 0.124469999999999997 148.399956813627369456
47.058280000000003440 0.124459999999999987 149.357171883764863196
47.561849999999999739 0.124459999999999987 150.065142364729780411
48.051850000000001728 0.124459999999999987 151.243708316632790911
48.581220020040142060 0.124376172344689367 151.145954589178558081
49.109400000000000830 0.124275190380761513 151.153265591181195759
49.664020000000000721 0.124040000000000011 150.292497054109389865
50.305819999999997094 0.123879999999999990 148.850653587174150516
50.805280000000003326 0.123820000000000013 149.196837515028107646
51.340560000000003527 0.123820000000000013 150.434063006012024744
51.903469999999998663 0.123780280561122197 151.226027094189504396
52.423270000000002256 0.123489999999999989 148.536929879760293716
53.017310000000001935 0.123409999999999992 148.523457014027599143
53.495759999999997092 0.123409999999999992 149.519242324649752618
54.005830000000003110 0.123409999999999992 150.873145470942347401
54.573149999999998272 0.123340000000000005 151.689305350697566155
55.038490000000003022 0.123114388777555067 149.383379519038641092
55.566858056112430120 0.122980000000000006 149.106563266534266177
56.022219999999997242 0.122939999999999994 149.211194989980043601
56.470649999999999125 0.122939999999999994 150.189085350700906929
56.995695390781861533 0.122930000000000011 150.578772625251303907
57.402520000000002653 0.122739478957915843 149.789417114228655237
57.826624488978040972 0.122530000000000000 148.098384529057909731
58.258530000000000371 0.122519999999999990 149.289286833668057852
58.660679999999999268 0.122519999999999990 150.306616533067540331
59.148569999999999425 0.122519999999999990 151.488403146293080681
59.528469999999998663 0.122519999999999990 152.682881623246629488
59.948450000000001125 0.122359999999999997 151.622242525050126005
60.436210000000002651 0.122082605210420830 149.221032264529725353
60.817909999999997694 0.122019999999999990 149.192148717434008631
61.287682484969963070 0.121989999999999987 150.689811402805702301
61.659260000000003288 0.121969999999999995 151.555859278556170011
62.073650000000000659 0.121707354709418764 148.948187094187204593
62.573760000000000048 0.121499999999999997 147.903319318635766422
62.954529999999998324 0.121499999999999997 150.075168256512768039
63.397886312625146843 0.121499999999999997 150.969007775551261830
63.799280000000003099 0.121499999999999997 151.436197775551164568
64.194749999999999091 0.121389999999999998 151.593959358716659835
64.661519979960260684 0.121002785571142246 149.230050120242111689
65.089330000000003906 0.120769999999999988 147.487415150300876121
65.503590000000002647 0.120689999999999992 148.069681763526148188
66.005629999999996471 0.120689999999999992 149.387635691383877656
66.406480000000001951 0.120689999999999992 150.883682204410121130
66.902709999999999013 0.120650000000000007 153.052296953907870147
67.291719999999997981 0.120426893787575151 151.250178617234610101
67.717920000000006553 0.120109999999999995 149.771654849699501710
68.228039999999992915 0.119864929859719416 149.425455470941841440
68.625110000000006494 0.119623947895791533 148.380286132264501475
69.042900000000003047 0.119609999999999994 150.777012745491106216
69.534840000000002647 0.119549999999999990 151.461701683366186444
69.923320000000003915 0.119460000000000011 151.778356893787957915
70.418119078156379942 0.118990020040080163 149.482882244488934020
70.797479999999993083 0.118600000000000011 148.011310160319936813
71.240399999999993952 0.118549999999999989 149.733254929859811000
71.742519999999998959 0.118529999999999996 152.293944649298907734
72.129040000000003374 0.118322184368737426 151.687506172346701305
72.573974949900062370 0.117765110220440838 147.825324709418055136
73.040369999999995798 0.117549999999999988 149.737560400802124150
73.419499999999999318 0.117523146292585146 152.209288356713585699
73.932620000000000005 0.117142164328657261 150.273746593186757536
74.335710000000005948 0.116661182364729415 149.639167154312389130
74.771910000000005425 0.116550200400801579 152.028366893787506342
75.261439999999993233 0.116299999999999987 150.914141723446874721
75.640720000000001733 0.116290000000000004 155.021534929859654994
76.134559999999993352 0.115022545090180089 145.038599418833172194
76.523719999999997299 0.113699999999999996 139.185019218440857003
76.931499999999999773 0.113699999999999996 143.063713727455194658
77.390659999999996899 0.113699999999999996 145.809900140280831238
77.755260000000006926 0.113699999999999996 148.648252565130292169
78.211542344689462425 0.113699999999999996 151.787850340681615080
78.618899999999996453 0.113699999999999996 154.784880420841915338
79.040859999999995011 0.113699999999999996 157.312627294589191251
79.534809999999993124 0.113699999999999996 159.901591202404944170
79.913510000000002265 0.113184168336673052 157.705645911821420668
80.337686332665597888 0.109842304609218289 137.954163567134514778
80.791290000000003602 0.109770000000000006 142.123687314630160472
81.171700000000001296 0.109770000000000006 146.055325370741911684
81.622990000000001487 0.109770000000000006 148.625414829659320048
81.981949999999997658 0.109770000000000006 151.329089659318782424
82.384730000000004679 0.109770000000000006 154.157337054108580787
82.852729999999993993 0.109759999999999996 157.645748837675313325
83.239869999999996253 0.109759999999999996 160.593587855711746215
83.731740000000002055 0.107374529058115814 145.568526913820335267
84.139309999999994716 0.105608597194388726 141.677935070138204310
84.508380000000002497 0.105599999999999999 146.583858396794227019
84.964550000000002683 0.105599999999999999 149.510163887775604508
85.315579999999997085 0.105599999999999999 153.712069719439114124
85.723285490982107149 0.105559338677354675 155.746585831663622912
86.186260000000004311 0.104521062124248387 151.499559038073613237
86.586569999999994707 0.103333527054108143 149.285601242484545992
87.083719999999999573 0.102513446893787524 149.783627354709580004
87.456500000000005457 0.101991482965931801 150.356874969939838138
87.832133807615562660 0.101139278557114076 150.228088236475713302
88.300759999999996808 0.100233887775550784 149.016092224458787996
88.678669999999996776 0.099125591182364747 147.683722685369673400
89.141729999999995471 0.098557254509018005 150.665096212423918587
89.488919999999993138 0.097653326653306533 150.302172064126892792
89.916430000000005407 0.096644248496993795 150.518419799605851495
90.404740000000003874 0.095669338677354582 149.903196272540640166
90.758020000000001914 0.094611543086172256 149.728280621246312876
91.202828296593452251 0.093547615230460762 150.299305591182559283
91.632360000000005584 0.092174609218436843 150.123634008016239250
92.032560000000003697 0.090869699398797465 149.886525711424155816
92.517910000000000537 0.089694789579158357 151.054691122245401402
92.885260000000002378 0.088229879759518987 149.787513707416138686
93.332808056112412487 0.086401963927855568 148.498721643289059102
93.826099999999996726 0.085114048096192219 150.962282845688633870
94.229449999999999932 0.083845150300601023 151.399305210421232459
94.706929999999999836 0.082320240480961787 151.321683346691969518
95.085290000000000532 0.080578396793586915 149.828073627254383382
95.427210000000002310 0.078572505010019694 150.519826933870888297
95.920519999999996230 0.076496613226452737 149.380676272545201755
96.298820000000006303 0.074520721442885796 149.476481442885869910
96.774569999999997094 0.072614829659318564 148.719793246492173466
97.158789999999996212 0.070892625250500885 149.299148036075479240
97.489630000000005339 0.069615871743486754 150.625159318644222139
97.948279999999996903 0.068010961923847479 150.183568617239529885
98.333089999999998554 0.066396052104208500 149.612277715429513592
98.754128757515019288 0.064441142284569139 149.546164328657340548
99.193039999999996326 0.062666232464929778 147.558328737473942738
99.565539999999998599 0.061529058116232341 152.079568837674997894
100.034880941883812966 0.060212565130260506 149.449634989979841748
100.471440000000001191 0.058951503006011943 150.572978436873313512
100.863754368737687628 0.057727955911823552 151.237923106211951563
101.353830000000002087 0.056365010020039935 148.502691803609053522
101.693340000000006285 0.055454709418837574 151.191719599198791002
102.126860080160525968 0.054208236472945696 149.890126252502795978
102.586590000000001055 0.053051563126252317 149.153916633264856273
102.976680000000001769 0.052217635270541012 149.844129739478887586
103.451340000000001851 0.051203707414829526 148.006493126251257308
103.822199999999995157 0.050544889779559093 150.549500120240935530
104.216436352705528634 0.049894388777555053 151.366686593186159371
104.615579999999994243 0.048971442885771439 151.121433867734396017
105.009799999999998477 0.047758496993987827 150.919871001999467808
105.499750000000005912 0.047017034068136246 150.414095490982163028
105.907359999999997058 0.046350140280561163 148.876385831661536940
106.281325030060159520 0.045609659318637259 150.003448216433241669
106.744029999999995084 0.044951142284569097 151.648852124249913231
107.132429999999999382 0.044234589178356674 150.249056392789071879
107.600910040080322005 0.043594428857715341 150.172959579160078647
108.067030000000002588 0.042507875751502937 148.185920781560838577
108.468569999999999709 0.042101643286573107 150.350386432869470354
108.918139999999993961 0.041542645290580951 150.586901242478177210
109.290520000000000778 0.040849358717434732 148.534071142293100820
109.665755250501248952 0.040166092184368618 148.686418617229747952
110.168160000000000309 0.039387715430861718 148.773671883766297697
110.558409999999994966 0.038896733466933842 150.189859158317915444
110.976330000000004361 0.038439999999999995 149.902939799603700521
111.331549999999992906 0.038119078156312498 150.747533687379416278
111.713809999999995171 0.037067575150300548 147.054867515031986613
112.182959999999994238 0.036569999999999998 149.167326533071644690
112.540390000000002146 0.036569999999999998 153.487885110221924378
112.965131843687530022 0.035931683366733407 151.303703667335923910
113.356049999999996203 0.035299859719438893 149.351455030059696583
113.730869999999995912 0.034897755511022012 149.666203086174022019
114.190089999999997872 0.034537895791583138 150.512669719442158112
114.586899999999999977 0.034160000000000003 151.087735110217295187
114.962714128256777713 0.033487795591182236 149.081752765536037941
115.375079999999996971 0.032784949899799569 147.274847434874203600
115.735950000000002547 0.032730000000000002 151.771882404815727341
116.193610000000006721 0.032405971943887661 150.191971042081945598
116.561070000000000846 0.031730000000000001 149.051390941883681762
116.957920000000001437 0.031730000000000001 153.474296833667494866
117.509090000000000487 0.031730000000000001 156.483520260520919010
117.902559999999994034 0.030618116232464875 148.434261002004973307
118.336209999999994125 0.030308076152304568 150.544209198396174543
118.752629999999996357 0.029251282565130120 141.675422224446379005
119.093109999999995807 0.028900000000000002 144.837002565131200527
119.620810000000005857 0.028909999999999998 148.510401563126265501
120.071879999999993061 0.028909999999999998 150.347418917834602325
120.499227795591508539 0.028900000000000002 154.381901242483820624
120.896270000000001232 0.028872184368737459 155.535395230462000882
121.329400000000006798 0.027891202404809613 148.290125470941831054
121.781566993988178638 0.027720000000000002 149.633131523046415623
122.209019999999995321 0.027679238476953867 151.747462625249085022
122.627270420842236831 0.027378256513025993 150.633846352703699267
123.048670000000001323 0.026989999999999993 148.951786793588695446
123.372990000000001487 0.026939999999999999 151.302212665331865082
123.725600000000000023 0.026759999999999999 149.883960160320356181
124.008740000000003079 0.026530000000000005 149.271058196393056505
124.319680000000005293 0.026500000000000003 151.163218977957342304
124.693889999999996121 0.026144729458917791 148.142791142284892203
124.972269999999994639 0.026040000000000001 146.673771583167706467
125.210307715431113706 0.026040000000000001 147.834395430862514331
125.336870000000004666 0.026040000000000001 149.337073466933276222
125.466200000000000614 0.026040000000000001 147.987686773547011398
125.541480000000007067 0.026040000000000001 147.550594308614108741
125.601119999999994548 0.026049999999999997 148.423303787574781154
125.610074108216423383 0.026049999999999997 148.323191442886354707
125.597780000000000200 0.026049999999999997 147.768104869741080165
125.562039999999996098 0.026049999999999997 147.808885831666032118
125.442004148296490484 0.026059999999999993 146.142275691384583070
125.302120000000002165 0.026059999999999993 146.895212084168861111
125.172380000000003974 0.026428256513026251 149.540610701401817551
125.045000000000001705 0.026890000000000004 156.013250581161685204
124.956569999999999254 0.026890000000000004 155.976325390774235302
124.857010841683290892 0.026879999999999994 156.008372705406145542
124.718180000000003815 0.026879999999999994 154.588781803607531629
124.548640000000006012 0.026869999999999998 154.067950360716167779
124.356129999999993174 0.026754689378757517 150.754728997995925965
124.146330000000006066 0.026540000000000001 147.809534969939193161
123.968410000000005766 0.026540000000000001 147.078206112223909940
123.734009999999997831 0.026540000000000001 145.915170841682680702
123.520099999999999341 0.026540000000000001 143.762234509018071549
123.173090000000001965 0.026549999999999997 142.269038016035466399
122.871179999999995403 0.026863607214428924 145.779928076154391192
122.557990000000003761 0.027484368737474972 151.943694629258516215
122.210520000000002483 0.027680000000000003 152.532797174348985436
121.870410000000006789 0.027680000000000003 150.570869999997995592
121.456876913827045428 0.027680000000000003 149.116570280566179463
121.053809999999998581 0.027680000000000003 146.457747234468030229
120.602670000000003370 0.028077094188376818 150.482179959923769275
120.109579999999994016 0.028099999999999993 148.820404428857898438
119.701729999999997744 0.028569058116232567 152.936021903805908551
119.256861062124343675 0.028629999999999996 151.937059899800573248
118.794690000000002783 0.028629999999999996 149.853291823645776049
118.413349999999994111 0.028629999999999996 149.467951442885180313
117.971389999999999532 0.028629999999999996 147.211392104208414366
117.615880000000004202 0.028963967935871769 149.482082745490743036
117.191990000000004102 0.029049999999999999 148.753507875751267875
116.715369999999992956 0.029181863727454939 148.726730160321039875
116.276120000000005916 0.029499999999999992 150.676999619239182948
115.831001583165814850 0.029597895791583222 149.710093426856502674
115.473730000000003315 0.029680000000000005 150.078464909820269213
115.095929999999995630 0.029709999999999993 148.747887635270274131
114.658519999999995775 0.029760841683366797 147.255381342686007429
114.337969999999998549 0.029879999999999997 147.135584869739489022
113.949603146292005817 0.030040000000000004 148.001544468940835486
113.540379999999998972 0.030760000000000003 154.740773006010698509
113.186779999999998836 0.030760000000000003 152.145097014027840032
112.796679999999994948 0.030760000000000003 151.357697535070968797
112.473830000000006635 0.030760000000000003 150.411217675350542322
112.148030000000005657 0.030760000000000003 148.352840220440810981
111.786159999999995307 0.030760000000000003 147.017811543085969106
111.504429999999999268 0.030819999999999993 147.349405671342907453
111.147249999999999659 0.031051322645290570 148.041678316633209533
110.861590000000006739 0.031800000000000002 153.487386392784657119
110.552149999999997476 0.031800000000000002 151.638071422845428060
110.208470000000005484 0.031800000000000002 150.650475050099885266
109.946659999999994284 0.031800000000000002 149.539533707414733499
109.640000000000000568 0.031800000000000002 146.780432925851357595
109.258619999999993411 0.031809999999999998 146.661579739479236650
108.984390000000004761 0.032780140280561205 155.789313146293835644
108.634974048095855892 0.032859999999999993 154.193301583166118007
108.364819999999994593 0.032859999999999993 153.348465831662366554
108.083477294588718109 0.032859999999999993 151.433654108216330769
107.785480000000006839 0.032859999999999993 150.466874829659474244
107.537239999999997053 0.032859999999999993 148.828575511020972044
107.266042785571158902 0.032859999999999993 147.382472444889799590
106.932649999999995316 0.032859999999999993 146.263980160320670620
106.663330000000001974 0.032870000000000003 145.282669118236043460
106.344089999999994234 0.034013727454909666 154.889487595191184255
106.068370000000001596 0.035480000000000005 165.540607254509495760
105.799739999999999895 0.035480000000000005 163.626714468937819902
105.501580000000004134 0.035312044088176182 159.165602284567029301
105.270709999999994011 0.033986993987975674 142.640397394790625185
104.997659999999996217 0.033200000000000000 135.174310821643587133
104.741060000000004493 0.033436793587174489 136.483834488985195321
104.463459999999997763 0.034866492985972032 151.340339919845547456
104.171779999999998267 0.035410000000000004 154.524896793587686261
103.944670000000002119 0.035410000000000004 152.998775611223038595
103.631699959919600929 0.035410000000000004 151.179579739478327838
103.350809999999995625 0.035410000000000004 149.499680480961501416
103.123090000000004807 0.035410000000000004 147.946700661322694259
102.796407675350323530 0.035410000000000004 147.259057515030491459
102.514099999999999113 0.035410000000000004 145.973266192386233797
102.222757454909753960 0.035410000000000004 144.158889198396906295
101.875900000000001455 0.035512505010020019 142.931168637274367939
101.634219999999999118 0.036753066132264554 153.183832525049808737
101.295199999999994134 0.036819999999999999 151.709574769539074168
101.022930000000002337 0.036819999999999999 149.128992865731362372
100.762640000000004648 0.036829999999999995 146.469422024048299136
100.377790000000004511 0.037513987975952005 152.320230761522452667
100.087280000000006908 0.037697975951903849 149.823677575151151586
99.742575150300552878 0.037799999999999993 147.754237635270357032
99.421040000000004966 0.038439759519038337 153.570540080163510765
99.171319999999994366 0.039283687374749660 156.254697274549783970
98.791619999999994661 0.039759999999999997 156.729779038077452924
98.523349999999993543 0.039759999999999997 151.924279358718337107
98.124282985971646553 0.039759999999999997 151.721747034067874438
97.783519999999995775 0.039759999999999997 147.763605911824299710
97.439289999999999736 0.039759999999999997 143.038321863727531991
97.066386873747461550 0.040237254509018064 147.985401402805422322
96.670490000000000919 0.041408977955911690 151.110964829658968256
96.265230000000002519 0.042317555110220478 150.843595310620884220
95.707049999999995293 0.042639999999999997 150.789447334669119982
95.372630000000000905 0.042730741482965982 144.931373527054716988
94.835409939879568242 0.043902064128256632 147.422076372748421136
94.177809999999993806 0.045683527054108247 150.735579939880693701
93.640649999999993724 0.046617374749499077 152.352879959918084296
93.009180000000000632 0.047459338677354801 149.774240841685895020
92.405140000000002942 0.048506953907815814 148.951996392786981005
91.857217134268296377 0.048953266533066184 148.599766352704051542
91.258359999999996148 0.050083306613226887 144.725081803607480424
90.631410000000002469 0.052951763527054746 151.940928837686413999
89.825549619238358900 0.055199158316633287 153.330595711423143257
89.242869999999996367 0.056110000000000000 148.042245270541883428
88.739645470942093652 0.056110000000000000 149.901259859720966006
88.273560000000003356 0.056615250501002939 143.258009038081581821
87.713009999999997035 0.061049098196392780 152.564622605210416850
87.032141082164059753 0.064600400801603425 155.052938897791932504
86.413489999999995916 0.066299999999999998 162.518779498999094812
86.172529999999994743 0.066310000000000008 146.350806953905276941
85.554659999999998377 0.067032044088176437 143.439189078155209245
84.955089999999998440 0.069715751503006490 148.025488737481140333
84.348280000000002588 0.072965190380761796 161.137532545099048775
83.974209999999999354 0.073449999999999988 148.516946332665014552
83.480130000000002610 0.074396813627254782 144.952935450907517634
82.817989999999994666 0.077231102204409208 149.147324589180641397
82.341470000000001050 0.079339999999999994 160.285901583164786643
82.117757174348454896 0.079724308617234507 147.694867935869382336
81.577709999999996171 0.080932324649299059 144.317528036076851095
80.995410000000006789 0.083892725450901540 148.072489619237501302
80.376100961923029331 0.086693527054108793 159.742520901813918499
80.149630000000001928 0.087018236472945890 149.984974168336663070
79.761150000000000659 0.087966092184369002 145.219979198397197706
79.113839999999996166 0.089962004008016211 147.138060561125143977
78.462680000000005975 0.093620100200400708 141.920766893787146046
77.656926372745090248 0.097839478957916198 153.434345230455221554
76.455020000000004643 0.103212364729459077 143.314226873749248625
75.129440000000002442 0.108502384769539106 174.952073166334201915
74.518979999999999109 0.108149338677354545 168.351890460918724557
74.062370000000001369 0.105702985971943331 156.537775410817630473
74.074669999999997572 0.104190000000000005 131.505091102198719000
73.843509999999994875 0.104209999999999997 139.688011503005725444
73.665350000000003661 0.105660380761523676 140.648096392793178211
73.196619999999995798 0.107590020040080198 164.106003046091018405
72.710809999999995057 0.107803006012024333 142.060885330664888215
71.771259999999998058 0.108779999999999988 161.036992785572948605
71.091260000000005448 0.109018897795591069 136.250872224451796910
70.121920000000002915 0.109949999999999992 156.371284809614792266
69.157560220440814192 0.111358737474949926 148.419929899800479234
68.529920000000004165 0.112639999999999990 154.080069839679737242
67.910970000000006053 0.112660000000000010 165.188747374749709707
67.459679939879578114 0.112660000000000010 160.910635030061399675
67.232470000000006394 0.112660000000000010 143.201810200400785789
66.747380000000006817 0.112650000000000000 151.609664288571650559
66.081050000000004729 0.112650000000000000 156.671650280560101010
65.779229999999998313 0.112650000000000000 148.513823066132800932
65.691199999999994930 0.112650000000000000 141.808411783565816222
65.427120000000002165 0.112650000000000000 147.673498957912272544
65.050280000000000769 0.112660000000000010 151.604288156319313430
64.800439999999994711 0.112669999999999992 128.367896132266025688
64.343969999999998777 0.112986993987976375 135.783261122238798180
63.690161142284409834 0.116639999999999994 174.107631342689870735
63.375320000000002096 0.116650000000000004 162.314899238475675247
63.235810000000000741 0.116620000000000001 147.833586733468990815
62.744630000000000791 0.116439358717434827 153.534138376752679278
62.204540000000001498 0.116338376753507000 158.840601422845935531
62.036431262523244357 0.116180000000000005 140.619756953926469123
61.621870000000001255 0.116180000000000005 139.270547454903493190
61.071190000000001419 0.116189999999999988 148.777866452905641381
60.674247615230292752 0.116571102204408833 148.172826072145284115
60.446210000000000662 0.117162264529058258 138.845484549101286120
59.961889999999996803 0.117820000000000008 151.663877094189871286
59.402090000000001169 0.118139999999999995 159.741621062125659591
59.107219999999998095 0.118230000000000002 152.738741983968253635
58.946269999999998390 0.118230000000000002 141.634898777540144010
58.540230000000001098 0.118320000000000008 150.216435511020279137
58.062609999999999388 0.118790000000000007 157.367501202419134643
57.780400000000000205 0.119090440881763820 143.518625851720599940
57.407470000000003552 0.119460000000000011 149.011887755498236174
56.849886673346695432 0.119650000000000006 157.009570460926340729
56.364969999999999573 0.119689999999999991 150.458829819640214964
56.165039999999997633 0.119707334669338777 139.915751422844124363
55.846494809619123600 0.119870000000000004 149.539299759523487410
55.527329999999999188 0.120180000000000009 158.361256873747521468
55.473894328657458175 0.120240280561122237 147.150122525048374200
55.158689999999999998 0.120260000000000006 143.239110440876686425
54.630220000000001335 0.120519999999999988 154.502117555109379055
54.263668336673184456 0.120876452905811643 149.189304609218851283
53.848059999999996705 0.121316833667334811 145.129730360727563721
53.376500000000000057 0.121629999999999988 154.069716012015078377
52.783650000000001512 0.121650000000000008 156.004572284574265950
52.478180000000001826 0.121677154308617252 142.092239378756289625
52.103172024048078015 0.121749999999999997 148.323830721430596213
51.701160000000001560 0.122010000000000007 157.911980480957623740
51.591729999999998313 0.122090100200400897 147.450141923858922155
51.441220000000001278 0.122109999999999996 146.234177474953241926
50.909159999999999968 0.122340000000000004 155.248094088177850836
50.580851342685456018 0.122792184368737456 141.329655871742829731
49.746090000000002362 0.123320000000000013 149.506933647299376844
48.878279999999996619 0.123519999999999991 157.258778396793161392
48.479875611222844611 0.123519999999999991 148.788146112222563033
48.080889999999996576 0.123519999999999991 144.777532825650581572
47.674639999999996576 0.123519999999999991 151.619352324648559716
47.242809999999998638 0.123530000000000001 152.662768456916666082
47.044029999999999347 0.123589919839679374 140.830311462925322985
46.617655651302605690 0.124000901803607205 148.675386472945774585
46.015050000000002228 0.124400000000000011 158.059227194386465953
45.603310000000000457 0.124459999999999987 151.461624208420346349
45.239739999999997622 0.124459999999999987 144.436016973947317865
44.878799999999998249 0.124459999999999987 151.892247735468686187
44.433433887775251492 0.124469999999999997 155.005417775554462878
44.378909999999997638 0.124496793587174415 139.654250761525617008
43.905850000000000932 0.124888877755511052 146.050644989979247157
43.000065831662524829 0.125860000000000000 163.042082384768434622
42.749349999999999739 0.125860000000000000 157.525426472938448796
42.483329058115508303 0.125849999999999990 151.052858096193972415
42.010620000000002960 0.125829999999999997 159.693435430862308522
41.568530000000002644 0.125724629258516962 157.281710581166237262
41.347692104208391584 0.125189999999999996 138.623906372745636872
40.897060000000003299 0.125189999999999996 143.289554609217873349
40.465809999999997615 0.125189999999999996 148.485047094188900019
40.204700000000002547 0.125209999999999988 141.478947454918824178
39.919089999999997076 0.125372785571142425 140.792310641281630978
39.263119639278571071 0.126030000000000003 154.582658837673477592
38.822330000000000894 0.126279559118236545 155.479962464931844579
38.782220000000002358 0.126280000000000003 148.800753006012712376
38.453690000000001703 0.126280000000000003 149.763811643275772667
37.736860000000000070 0.126280000000000003 154.160547835664942795
37.353110420840856420 0.126280000000000003 144.291923126261707466
37.076889999999998793 0.126280000000000003 147.233627715431310889
36.649720000000002074 0.126329999999999998 153.531636312617251861
36.405883406813451586 0.126396432865731462 148.561349899800973162
36.189639999999997144 0.126417414829659375 141.787353426852604343
35.516500000000000625 0.126829999999999998 155.576704669339619613
34.902639999999998111 0.127030000000000004 154.438673366733439707
34.722119999999996764 0.127039999999999986 147.200733346688991787
34.105275871743572225 0.127039999999999986 153.982246513025188506
33.627630000000003463 0.127039999999999986 154.289700841683639965
33.428139999999999077 0.127039999999999986 144.440453346695392156
32.992730000000001667 0.127039999999999986 150.136905070135384221
32.641820000000002722 0.127039999999999986 153.791527334664976934
32.588189999999997326 0.127039999999999986 144.059059699403235300
32.190289999999997406 0.127049999999999996 146.784872745490275747
31.781659999999998689 0.127220000000000000 154.592432525042909219
31.745394789577456862 0.127299198396793684 151.209250460924550907
31.747469999999999857 0.127299999999999996 146.229509478957197643
31.521339999999998582 0.127299999999999996 154.115834929864547576
31.380680000000001684 0.127299999999999996 157.033310881760030497
31.497979999999998313 0.127299999999999996 147.914969839679173447
31.383731302604985558 0.127299999999999996 146.420385931858277218
31.074960000000000804 0.127299999999999996 153.642988476954002408
30.992490000000000094 0.127299999999999996 154.958369178357031615
31.128889999999998395 0.127299999999999996 148.212706452906303412
31.202919999999998879 0.127299999999999996 148.175512304607110536
30.886489999999998446 0.127289999999999986 152.101922444888913333
30.561150000000001370 0.127299999999999996 154.005570000000005848
