30.049299999999998789 0.098729999999999998 51.108150000000001967
30.165849999999998943 0.098729999999999998 51.276027054109945880
30.439711342685626505 0.098729999999999998 50.073530260520783486
30.789470000000001448 0.098719999999999988 52.415888156313208412
31.255079999999999529 0.098600200400801571 51.267624749498551751
31.777339999999998810 0.098269999999999996 45.421486012021901502
32.071959999999997137 0.098239999999999994 49.653420881763523198
32.786349999999998772 0.098239999999999994 50.526889258515524261
33.333750000000001990 0.098239999999999994 46.194293887775394580
33.668567294589095695 0.098249999999999990 48.419256873746554959
34.058740000000000236 0.098249999999999990 49.917181943887698026
34.645119999999998583 0.098239999999999994 50.002166452907275129
35.204619999999998470 0.098239999999999994 50.232288196391053248
35.792470000000001562 0.098215651302605206 51.881350641282182323
36.228679999999997108 0.097850701402805579 49.417469458916926328
36.698889999999998679 0.097669999999999993 47.072156513026065738
37.460689999999999600 0.097679999999999989 49.542078877755571398
37.711770000000001346 0.097679999999999989 49.897080941883743321
38.411938076152530641 0.097679999999999989 50.158828016031627328
38.977660000000000196 0.097679999999999989 50.379841442885684444
39.502420000000000755 0.097679999999999989 51.874395250500938914
39.944580000000001974 0.097679999999999989 52.225502905812092536
40.390709999999998558 0.097641102204408789 52.774913406813674044
40.886310000000001708 0.097139999999999990 47.492469478957936246
41.469490000000000407 0.097139999999999990 48.447210120240676190
42.141829719439051871 0.097139999999999990 49.978271402803791545
42.947229999999997574 0.097139999999999990 51.981463707414874875
43.763420000000003540 0.096992705410821625 51.712573026052403691
44.682560000000002276 0.096549999999999997 48.127544749499463705
45.562409999999999854 0.096449999999999994 48.390825731463216641
46.492349178356676020 0.096449999999999994 50.234431162324554521
47.410629999999997608 0.096449999999999994 52.048740220443669102
48.233980000000002519 0.096231603206412802 50.254759739478949143
49.159559999999999036 0.095979999999999996 48.678843527054240781
49.913299999999999557 0.095929999999999988 50.090099078158232260
50.728780000000000427 0.095929999999999988 51.243048817634210934
51.407859999999999445 0.095749999999999988 50.090897214428700579
52.071931062124292566 0.095389999999999989 47.400852845691176185
52.753610000000001889 0.095389999999999989 49.237924509017368280
53.432609999999996830 0.095389999999999989 50.447776733467080135
54.144829999999998904 0.095389999999999989 51.852358617234493465
54.843130000000002156 0.095357054108216377 52.807725290580940225
55.517789999999997974 0.094829999999999998 47.909425290580387014
56.290979999999997574 0.094809999999999992 50.504286252505600885
56.985829999999999984 0.094789999999999999 51.582580681364220254
57.808669999999999334 0.094329999999999997 48.455213426854122361
58.536639999999998452 0.094329999999999997 49.684902905811703988
59.219050000000002854 0.094329999999999997 51.651376953907913503
60.021689999999999543 0.093852404809619205 48.430594709416226351
60.720999999999996533 0.093779999999999988 49.990852244488579004
61.403060000000003527 0.093459999999999988 48.466776172344133045
62.169469999999996901 0.093429999999999999 50.337104669338977203
62.840240000000001430 0.093399999999999997 51.953128396793324839
63.585200000000000387 0.092899999999999996 48.631136713425860307
64.275379999999998404 0.092890000000000000 51.409010040080715953
65.016940000000005284 0.092419999999999988 48.654035871745286101
65.701229999999995357 0.092419999999999988 51.424344248497249055
66.407910000000001105 0.091929999999999998 48.854711162329110152
67.103380000000001360 0.091592905811623215 48.680163206414121646
67.767117274549107719 0.091559999999999989 52.021046993988122153
68.459699999999997999 0.090963006012024006 49.445984629257999643
69.172913547094381670 0.090569999999999998 49.298723326655093047
69.879620000000002733 0.090423106212424831 51.576558236472884289
70.589348416833885835 0.089469999999999994 47.798233787574389453
71.319130000000001246 0.089379999999999987 51.863274549094960264
71.961809999999999832 0.088598256513026025 48.972015551102892061
72.672420000000002460 0.088053306613226454 50.686302224449434561
73.318680000000000518 0.087249999999999994 49.950941923851253534
74.033699999999996066 0.086426813627254448 50.699158557114571977
74.781940000000005853 0.085568456913827654 51.744214488977959832
75.444379999999995334 0.084437014028056048 49.480768837675299210
76.155979999999999563 0.083388557114228420 50.449946533067503651
76.770849999999995816 0.082290821643286549 51.552257735470753630
77.556899999999998840 0.080718657314629266 49.614868116232912598
78.219049999999995748 0.079641122244488854 51.683301282566709745
78.945019999999999527 0.077616272545090126 48.634609719440220488
79.635900000000006571 0.075957615230460934 48.527496432865980580
80.333929999999995175 0.073916573146292450 49.368784749499361908
81.003069999999993911 0.071619539078156200 48.465065270537550646
81.709360000000003765 0.069315831663326666 50.104540881763298898
82.358360000000004675 0.066280040080160169 49.610997795590961346
82.960969398798127372 0.062241523046091540 54.123812364726674673
83.695560000000000400 0.053083947895792023 52.308865771540247636
84.355662945892078142 0.041164008016030894 49.409010981960520326
85.090999999999993975 0.030726292585169721 50.099450921845296136
85.776762845691223447 0.024606292585170497 49.068650360719367143
86.554550000000006094 0.022268617234468838 49.654635571136900296
87.243629999999996016 0.020538717434869819 48.703035951901377132
87.952590000000000714 0.019394408817635267 50.809621222445287003
88.595089999999999009 0.018059458917835627 50.032809438877329455
89.293139999999993961 0.017044509018036086 50.132630741482124392
89.903899999999993042 0.015899118236472901 47.548770581162479232
90.606473627254658254 0.015134609218436845 48.773300981964148093
91.341800000000006321 0.014418977955911766 50.574043446892453346
91.986050000000005866 0.013699999999999990 49.495213807615691337
92.743350000000006617 0.013019759519038054 48.615301482965861624
93.430689999999998463 0.012564809619238476 51.202783687374754606
94.124560000000002447 0.012069999999999997 50.104772144288403979
94.684470000000004575 0.011634909819639230 51.053597595187490299
95.376009999999993738 0.011069959919839695 49.808346172345999037
96.003129999999998745 0.010775010020040041 51.041053827656021724
96.690269999999998163 0.010200000000000001 49.699765470949081703
97.355230000000005930 0.009905110220440896 50.165782124250426932
98.059269999999997935 0.009459999999999996 49.542003286573383036
98.784210000000001628 0.009299999999999989 51.712050661322273015
99.522999999999996135 0.008860260521042121 50.655341503003526782
100.330960000000004584 0.008520000000000000 50.834167695388842390
101.022310000000004493 0.008250360721442931 50.515762324645407944
101.704509999999999081 0.008049999999999988 51.409522184369329523
102.381343406813741126 0.007509999999999989 47.779040641284602486
102.994659999999996103 0.007509999999999989 50.835867334668186857
103.731533847695459372 0.007170561122244470 49.646047975952036779
104.329599999999999227 0.007089999999999999 50.865557875752472228
105.015579999999999927 0.006599999999999995 47.138872765531203868
105.664699999999996294 0.006599999999999995 50.763015190380976094
106.315700000000006753 0.006480761523046094 50.909075090180358814
107.016480000000001382 0.006179999999999991 49.753796312625063081
107.748829999999998108 0.006109999999999990 50.981453086172862754
108.445560000000000400 0.005679999999999991 47.778790420841630748
109.102369999999993411 0.005679999999999991 50.607979038077480993
109.799156112224508774 0.005526012024048080 50.466826553106280073
110.487369999999998527 0.005260000000000001 49.677985430860772453
111.135221162324484112 0.005179999999999990 50.684707995990258667
111.836650000000005889 0.004649999999999987 47.920242765532741203
112.497439999999997440 0.004609999999999989 51.530931683367121821
113.188119999999997844 0.004309999999999994 49.161122384768859206
113.835170000000005075 0.004229999999999998 51.734516633264519214
114.570390000000003283 0.003759999999999999 47.289443386775047884
115.209559999999996194 0.003759999999999999 50.095699018035773520
115.937870000000003756 0.003759999999999999 53.012006913828983556
116.761600000000001387 0.003349999999999992 48.805736452905108536
117.434127454909827293 0.003229999999999997 50.419951242484984277
118.075370000000006598 0.003036613226452878 49.459654909819462887
118.643249999999994770 0.002809999999999993 48.634052324646688703
119.325000000000002842 0.002809999999999993 50.437789739478979811
120.045100000000005025 0.002720000000000000 50.888030661322851245
120.743340000000003442 0.002419999999999992 48.603352685373010900
121.364930000000001087 0.002389999999999989 49.846311322645192377
122.094078617234529816 0.002286913827655293 50.294470220440381070
122.886039999999994166 0.002091963927855642 48.109044749497542171
123.544228517034071047 0.001999999999999988 49.199341763527016269
124.191689999999994143 0.001999999999999988 50.613249418841149918
124.854420000000004620 0.001917114228456945 49.841042024047375492
125.521630000000001814 0.001759999999999998 49.902938176351533173
126.128640000000004306 0.001729999999999995 50.438012444892891040
126.799670000000006098 0.001469999999999999 48.520082805610890375
127.556830000000005043 0.001469999999999999 50.465390981965029482
128.282379999999989195 0.001399999999999998 50.523608717436772508
129.072450000000003456 0.001229999999999995 49.095988657313860415
129.780139999999988731 0.001192464929859693 51.104422665329956033
130.519170000000002574 0.000969999999999999 48.178303647294690393
131.109190000000012333 0.000969999999999999 49.351597374750276970
131.812597394789605687 0.000969999999999999 51.414300561121898170
132.477749999999986130 0.000882665330661336 50.919485631263064818
133.051670000000001437 0.000750000000000001 49.732763186372658026
133.723039999999997463 0.000712765531062129 51.311640260521279799
134.301610000000010814 0.000509999999999997 48.378290220440476332
135.005259999999992715 0.000509999999999997 49.599664629258356285
135.690599999999989222 0.000509999999999997 51.077745030060142994
136.405400300601058916 0.000329999999999997 48.770469519038421424
137.015909999999990987 0.000289999999999999 50.209989619239244973
137.658719999999988204 0.000250000000000000 50.299864849699012836
138.466170000000005302 0.000000000000000000 47.298653206411948702
139.250409999999988031 0.000000000000000000 49.419475190382151197
139.923660000000012360 0.000000000000000000 49.981131843685126626
140.346570000000014034 0.000000000000000000 50.442732284564357315
140.550567855711449283 0.000000000000000000 50.271807434872862075
140.544070000000004939 0.000000000000000000 50.219676012025374234
140.498230000000006612 0.000000000000000000 50.192002404808562233
140.442340000000001510 0.000000000000000000 49.852933386772292579
140.260060000000009950 0.000000000000000000 49.786802404807936284
140.076722905811692499 0.000000000000000000 49.267760561120702789
139.849909999999994170 0.000000000000000000 48.552741162324871027
139.677200380761433962 0.000009999999999996 48.451957935868350091
139.424560000000013815 0.000019999999999992 48.032270661322705507
139.211610000000007403 0.000039999999999998 48.200512605210015238
138.916580000000010386 0.000321182364729541 54.707579018036526008
138.600069999999988113 0.000339999999999993 54.404938336673254184
138.360592645290608971 0.000320000000000001 52.438018817635203561
138.039260000000012951 0.000070000000000001 46.751327755509059614
137.660640000000000782 0.000070000000000001 46.612715470942760021
137.322249999999996817 0.000099999999999989 47.124342204408733892
137.050919999999990750 0.000439999999999996 53.909512925849874421
136.702359999999998763 0.000439999999999996 52.565346432865958093
136.342410000000000991 0.000430000000000000 51.635289579161302242
136.111294609218333562 0.000409999999999994 51.176461402807007062
135.749179999999995516 0.000389999999999988 49.926803366732556810
135.353403106212397233 0.000379999999999991 49.583167154309464308
135.135510000000010677 0.000379999999999991 48.081229078157505796
134.858564168336641842 0.000389999999999988 47.898756753507406358
134.536319999999989250 0.000399999999999998 47.859323727454267328
134.223220921843505948 0.000449999999999992 48.502902204407540410
133.920819999999991978 0.000619999999999996 51.419058517034066824
133.647709999999989350 0.000629999999999992 50.844426713429292874
133.343220000000002301 0.000629999999999992 49.886123747498196224
132.905319999999989022 0.000629999999999992 48.879743927856537766
132.519117575150090715 0.000770180360721504 51.952881202406253180
132.137599999999991951 0.000819999999999987 51.999224448896889328
131.794939999999996871 0.000819999999999987 51.889328797595965170
131.424360000000007176 0.000819999999999987 50.372492144287861038
131.073579999999992651 0.000819999999999987 49.938196713427629447
130.772690000000011423 0.000819999999999987 49.277107434869790836
130.474079999999986512 0.000819999999999987 48.319713647294676662
130.174900000000008049 0.000819999999999987 47.737484168336393964
129.753100841683249200 0.000959999999999989 49.990416472945817361
129.397030000000000882 0.000979999999999995 49.454570681362753248
129.059520140280511669 0.000979999999999995 49.044960621242395860
128.748549999999994498 0.001034629258517050 49.716623466934180442
128.409960000000012315 0.001159999999999994 52.566190621240060921
128.047089999999997190 0.001159999999999994 51.148429899800106568
127.721469999999996503 0.001159999999999994 50.824981042084388605
127.418611242485098956 0.001159999999999994 49.951903086171782320
127.068500000000000227 0.001159999999999994 48.634737975951921385
126.760289999999997690 0.001159999999999994 48.643543707413122945
126.407460000000000377 0.001169999999999990 47.861406893786686112
126.058080000000003906 0.001469999999999999 53.455766753506281930
125.667276092184167169 0.001469999999999999 52.561914949899559701
125.333759999999998058 0.001459999999999989 52.519754008015318902
124.978359999999995011 0.001390921843687401 49.850937995989674789
124.629480000000000928 0.001379999999999992 49.194339819639431255
124.290229999999993993 0.001379999999999992 48.377383647293036972
123.998620000000002506 0.001379999999999992 47.704256693386817290
123.618300000000004957 0.001389999999999988 47.590829719437941492
123.300910000000001787 0.001479999999999995 48.330677555108628951
122.891924869739426640 0.001719999999999999 52.861980440882931020
122.561890000000005330 0.001719999999999999 51.083964148297468455
122.208160000000006562 0.001719999999999999 51.115476112224449423
121.848439999999996530 0.001719999999999999 50.326791783567486505
121.519900000000006912 0.001719999999999999 49.654925130261148070
121.182401382765505105 0.001719999999999999 48.229445571142264271
120.856539999999995416 0.001719999999999999 47.929120400801643598
120.557529999999999859 0.001843426853707433 49.678070841683421577
120.126140000000006580 0.001889999999999989 50.380321723446876092
119.826570000000003802 0.001889999999999989 49.122782364729751237
119.421486012023919443 0.001959999999999990 49.769238977951786751
119.111310000000003129 0.002079999999999999 51.653702124248809469
118.760289999999997690 0.002079999999999999 51.173943386774951136
118.393559999999993693 0.002079999999999999 49.797963326653018612
118.067890000000005557 0.002079999999999999 49.250561863726709078
117.682010000000005334 0.002089999999999995 48.395622424848944831
117.347750000000004889 0.002119999999999997 48.531521142284489656
116.979659999999995534 0.002369999999999997 52.983132825651679809
116.631680000000002906 0.002369999999999997 51.910478456913637046
116.250077795591039376 0.002359999999999987 51.337588096193307763
115.879360000000005471 0.002349999999999991 50.657115911823751730
115.578639999999992938 0.002339999999999995 50.573007915831581727
115.289190000000004943 0.002339999999999995 49.510104348702689947
114.984319999999996753 0.002339999999999995 49.357074869739591350
114.649850000000000705 0.002339999999999995 48.502257915831933133
114.316220000000001278 0.002349999999999991 47.283214969938654804
113.980189999999993233 0.002349999999999991 47.086312164328553820
113.662409999999994170 0.002592424849699404 51.217884248497561828
113.339370000000002392 0.002709999999999990 52.642872344691404862
113.096299999999999386 0.002709999999999990 51.090414809619403513
112.755945691382578389 0.002709999999999990 50.781089999998009432
112.476359999999999673 0.002709999999999990 50.616716292586396264
112.187179999999997904 0.002709999999999990 49.310729038074271102
111.858829999999997540 0.002709999999999990 49.523782665329129316
111.586619999999996367 0.002709999999999990 48.499331242486810822
111.301978877755431085 0.002709999999999990 48.619031022042726420
111.047539999999997917 0.002766973947895740 48.740255330660588129
110.777541503006091261 0.002839999999999995 49.593613286574075971
110.522199999999997999 0.002909999999999996 50.049198637276028023
110.255960000000001742 0.002909999999999996 50.138186953908707721
109.969700000000003115 0.002919999999999992 49.999944509017808514
109.708759999999998058 0.003279999999999991 55.219263827656121180
109.455276513026078078 0.003259999999999999 54.464748817636291278
109.190640000000001919 0.002838376753506996 46.599954108216167015
108.929604849699401825 0.002809999999999993 45.744687094188265064
108.687039999999996098 0.002839999999999995 46.089250581162346521
108.433256913827676726 0.003299999999999997 53.700629659318948939
108.161829999999994811 0.003299999999999997 53.408559879759430089
107.938190000000005853 0.003289999999999987 52.736427174348982305
107.671229999999994220 0.003209999999999991 50.686425991984080497
107.470190000000002328 0.003119999999999998 48.013192224450278900
107.184649298597264533 0.003119999999999998 47.727000080160387085
106.911379999999994084 0.003119999999999998 48.015622464928867430
106.672510000000002606 0.003129999999999994 47.087732164330041940
106.376180000000005066 0.003266072144288534 49.183459539076309852
106.146839999999997417 0.003319999999999990 49.585251903807929352
105.908422665330604673 0.003369999999999998 50.646952184369318672
105.652460000000004925 0.003379999999999994 49.875700761524534244
105.390096993987938845 0.003549999999999998 52.036146472944423635
105.102419999999995071 0.003539999999999988 51.036506673347140861
104.839770000000001460 0.003539999999999988 50.388256833668243928
104.539230000000003429 0.003539999999999988 50.317237615229707615
104.269909999999995875 0.003539999999999988 49.751388116228923764
104.019630000000006476 0.003539999999999988 48.739360420841876476
103.740409999999997126 0.003549999999999998 47.655656713426886029
103.410803547093976817 0.003759999999999999 51.151642725455353400
103.089889999999996917 0.003769999999999996 49.939380841683835399
102.754620000000002733 0.003769999999999996 50.142097675351443797
102.425010000000000332 0.003769999999999996 48.867390160317746961
102.131299999999995975 0.003820320641282529 49.483891482965887576
101.811086492985907626 0.003879999999999995 49.998904729458274687
101.495509999999995898 0.004099999999999993 52.570365110218794769
101.143429999999995061 0.004099999999999993 51.818850521041696311
100.772540000000006444 0.004099999999999993 50.119725010021596745
100.371780000000001110 0.004099999999999993 50.289937655312400011
99.998540000000005534 0.004099999999999993 47.899658316634948108
99.512940000000000396 0.004229939879759573 48.834048156312171329
98.981250000000002842 0.004359999999999989 50.549044288576517658
98.446789999999992915 0.004429999999999990 49.209407014027618743
97.936999999999997613 0.004589999999999997 50.765087875752833213
97.376019999999996912 0.004619999999999999 50.137328276550178430
96.784930000000002792 0.004739999999999994 48.210529298597123216
96.049139999999994188 0.004829999999999987 51.068254589177385583
95.537919999999999732 0.005209999999999992 53.791865731465911438
94.869470000000006848 0.005209999999999992 54.621752665330582488
94.435810000000003583 0.005199999999999996 50.055656753507939527
93.870000000000004547 0.005199999999999996 52.389964388775467796
93.430769999999995434 0.005199999999999996 45.962573086173506454
92.811989999999994438 0.005209999999999992 48.291682585170114805
92.360680000000002110 0.005289318637274595 45.154597194389545223
91.864130661322633387 0.005699999999999997 51.543014428857816256
91.349580000000003110 0.005699999999999997 52.062630801602288955
91.012940000000000396 0.005699999999999997 47.134909378751046916
90.514127234468929828 0.005699999999999997 49.032175290582401317
90.158969999999996503 0.006169999999999995 54.783708136268771227
89.871979999999993538 0.006169999999999995 50.436912324647664718
89.219890000000006580 0.006169999999999995 52.781192665327182567
88.820120000000002847 0.006169999999999995 47.854079318639932694
88.414330000000006748 0.006169999999999995 47.361001743485203974
87.994399999999998840 0.006259999999999988 51.152804969940348201
87.619519999999994297 0.006559999999999996 49.698786312620555350
87.239689999999995962 0.006559999999999996 48.781933607214163828
86.680120000000002278 0.006619999999999987 52.165773226454852818
86.395949999999999136 0.006739999999999996 48.119232625249011903
86.125559999999993011 0.007050000000000001 51.744283827656261110
85.602130000000002497 0.007050000000000001 54.739950440878267557
85.468025711422939139 0.007050000000000001 48.514033106210540325
85.143730000000005020 0.007050000000000001 48.627113787577570747
84.855885811623068093 0.007050000000000001 51.368658476958025005
84.643820000000005166 0.007059999999999997 43.726661242485029391
84.293750000000002842 0.007289999999999991 49.824410801603598031
83.938320000000004484 0.007499999999999993 52.973006052101609953
83.621650000000002478 0.007499999999999993 46.705943446894202964
83.241851042084178403 0.007509999999999989 49.362173807616414933
82.850359999999994898 0.007649999999999990 52.350431062123867321
82.663110000000003197 0.007808016032064130 48.119700460922871343
82.283410000000003492 0.008039999999999992 52.421165651303191169
81.968490000000002738 0.008039999999999992 53.317916893789650601
81.722380000000001132 0.008039999999999992 46.759141623245604080
81.425319999999999254 0.008039999999999992 49.019692965930261153
81.056920000000005189 0.008039999999999992 49.710545971943552956
80.947429999999997108 0.008227715430861718 46.537360060120178673
80.637705290581180861 0.008509999999999990 51.740977094188259855
80.351380000000006021 0.008509999999999990 51.777516052111579370
80.049415991984048446 0.008509999999999990 45.299691262523509749
79.656710000000003902 0.008549999999999988 49.610366192379871109
79.333674909819407617 0.009082464929859785 55.170832104211946501
79.099479999999999791 0.009090000000000001 48.311235430860556050
78.848129999999997608 0.009090000000000001 51.944748176344624824
78.515029999999995880 0.009090000000000001 50.931453206418183299
78.349580000000003110 0.009090000000000001 44.962324689377588527
78.014970380761553770 0.009439999999999990 52.749039258515857398
77.717259999999996012 0.009499999999999995 51.875731503001290434
77.533142845691330081 0.009509999999999991 44.339349759519194549
77.129199999999997317 0.009979999999999989 54.130573446887389366
76.860720000000000596 0.009979999999999989 51.250743527043610470
76.567390000000003170 0.009979999999999989 46.816378597195651423
76.214179999999998927 0.009979999999999989 49.759967234480015463
75.989999999999994884 0.010310000000000000 51.175592064134320935
75.757970000000000255 0.010459999999999997 48.673345631263195799
75.401192304609253370 0.010459999999999997 51.278889078165398985
75.094840000000004920 0.010953426853707593 49.371887975961492145
74.612530000000006680 0.011199999999999988 50.184050861723022763
74.140460000000004470 0.011399999999999993 52.967953987978972918
73.745369999999994093 0.011681563126252570 45.580736753513747317
73.329339959919863645 0.012066513026052134 51.166211863724754494
72.777090000000001169 0.012449999999999989 49.239455571138577739
72.253360000000000696 0.013339999999999991 48.981914769542903798
71.664349999999998886 0.013751362725450952 53.770250140280268170
71.148020000000002483 0.014798937875751372 50.134842484964003972
70.609549999999998704 0.015179999999999999 42.004359779561106336
69.802229999999994448 0.016279999999999989 56.363420040076356088
69.494730000000004111 0.016579999999999998 51.966764368734061463
69.274929999999997676 0.016589999999999994 44.004318837675562293
68.854140000000001010 0.016989999999999991 54.495868557110533459
68.466689999999999827 0.017848036072144247 49.510282585169868241
68.259789999999995302 0.018029999999999990 46.869037014025423105
67.788759999999996353 0.018650000000000000 57.270270741482939059
67.659620000000003870 0.018919999999999992 45.409294388778171481
67.378645250501008945 0.019635811623246485 51.373031883767318106
66.846590000000006171 0.021261523046092190 54.029177875752054661
66.644322645290614560 0.022047134268537050 40.391138476953770464
66.310760000000001924 0.023429999999999992 53.856624529058144901
65.977547975951736703 0.024326833667334777 48.532735591184987811
65.723039999999997463 0.025993927855711280 41.952713607219600078
65.299099999999995703 0.029135511022044105 61.554588496990703561
65.152569999999997208 0.030461382765531231 47.549080480975902674
65.059389999999993393 0.031459999999999988 47.009787855716325566
64.515950000000003683 0.034441442885771750 55.329404709435742404
64.379480000000000928 0.036270621242485063 37.140648997994986757
63.835892344689263211 0.039521302605210182 59.380213907819950236
63.513939999999998065 0.041250420841683434 49.497439659318821725
63.408299999999996999 0.042610641282565268 45.761107595184071783
62.953069999999996753 0.045365110220440860 58.317577394792799339
62.868899999999996453 0.047830300601202518 45.948736152308704561
62.519403186372834114 0.050915070140281009 44.599260140284471277
62.076560000000000628 0.055829639278557233 57.199867434867712745
61.828885631262458844 0.060119278557114297 43.701840981964622301
61.501489999999996883 0.063899999999999985 51.737586072146086735
61.195830000000000837 0.064844428857715422 54.204300300601204299
60.900829498998021450 0.066859519038076132 44.411321082164349150
60.465850000000003206 0.067629999999999996 47.735196733464029251
60.203167494990047715 0.070945571142284378 61.018531402806367225
59.990720000000003154 0.072729999999999989 44.733570460920446976
59.632480000000001041 0.072729999999999989 48.850282545072523988
59.261040000000001271 0.073539999999999994 52.827085330662320928
59.098999999999996646 0.073978917835671440 45.425338657315506907
58.568040000000003431 0.074889999999999998 53.773092925849773849
58.211930000000002394 0.075608717434869827 49.331293507019232436
58.153930000000002565 0.075839999999999991 46.472116753509773446
57.807850000000001955 0.076240000000000002 54.153134388774986974
57.438420000000000698 0.077324208416833698 50.677558456916187879
57.114849999999997010 0.077829158316633201 46.218139478959457733
56.458089999999998554 0.079109999999999986 57.717277334669020661
56.258049999999997226 0.079605290581162419 45.162357755511486346
55.839900000000000091 0.080349999999999991 49.455532725450517262
55.358539999999997860 0.080999999999999989 56.159941242489843205
55.131410000000002469 0.081159999999999996 46.172511743487682168
54.845730000000003201 0.081908857715430841 51.027163086172713236
54.318676212424435334 0.082713807615230547 56.227377675356208897
54.140320000000002665 0.082938757515030048 43.133749078155709356
53.815835851703376136 0.083229999999999998 49.313025230461633441
53.354559999999999320 0.083929999999999991 54.446812464928711961
53.199500000000000455 0.083993607214428861 43.269211543086576910
52.707720000000001903 0.084639999999999993 54.565805811623533828
52.310200000000001808 0.085009999999999988 52.488534909819634322
52.227989999999998361 0.085176913827655382 43.620818076148218267
51.693339999999999179 0.085620000000000002 53.485373386772906201
51.468420000000001835 0.085908356713426878 48.502279038077361406
51.225059999999999150 0.086656613226452975 49.952913306609666222
50.830419999999996605 0.086809999999999998 51.042333727457034342
50.324159999999999116 0.087523206412825683 50.288857354710920333
50.172350000000001558 0.087749999999999995 47.656784509015103879
49.780470000000001107 0.087759999999999991 52.266649679361513847
49.500880000000002212 0.088454168336673383 47.894206392786479398
49.114359999999997797 0.088709999999999997 50.158417394786916077
48.609879999999996869 0.088709999999999997 52.206294328657136816
48.466279999999997585 0.088821623246492981 45.558927094188540252
48.145319078156596504 0.090229999999999991 55.637024949892840198
47.820180000000000575 0.090219999999999995 56.332123767535271952
47.597271983968035158 0.090209999999999999 45.102972865731210561
46.954219999999999402 0.090209999999999999 47.306148777547271322
46.479610000000000980 0.090219999999999995 51.220009639276796065
46.511920000000003483 0.090219999999999995 41.902304308617068784
46.138069999999999027 0.090547555110220501 48.964898016032037731
45.594880000000003406 0.091179999999999997 53.650812484969492289
45.401449999999996976 0.091227454909819664 45.813643807614823800
45.216479999999997119 0.091339999999999991 50.640516513023726475
44.786079999999998336 0.091599999999999987 51.351952364730280465
44.467390000000001749 0.092079999999999995 47.188188336673370316
43.781329999999996971 0.092149999999999996 50.870786432864782967
43.573410000000002640 0.092469999999999997 52.183112785572809855
43.424069238476938892 0.092469999999999997 45.248841222443545007
43.097220000000000084 0.092499999999999999 50.575415290580096439
42.789687635270432509 0.093009999999999995 51.340421302605541598
42.520690000000001874 0.093009999999999995 46.408200240479530407
41.940030000000000143 0.093039999999999998 50.114021843687737601
41.553319999999999368 0.093519999999999992 50.847342985971884843
41.349220000000002528 0.093519999999999992 45.697657354705647492
41.014865010020301384 0.093570000000000000 50.130180200399777846
40.615130000000000621 0.095729999999999996 66.169900220440666772
40.517490340681447947 0.094269999999999993 41.015730761524523018
39.882550000000001944 0.094269999999999993 46.339624048094925968
39.631529999999997926 0.094331603206412803 45.462530200400514957
39.471069999999997435 0.096059999999999993 60.372854529056532158
39.025590000000001112 0.095045490981963729 50.768172985968497812
38.646210000000003504 0.094879999999999992 47.337891623246733275
38.386479999999998824 0.095154208416833516 45.811135350700340041
37.968600000000002126 0.095399999999999999 51.501379959921365526
37.589089999999998781 0.095409999999999995 50.153294148296076571
37.640019999999999811 0.095409999999999995 46.415301282570602837
37.088270000000001403 0.095409999999999995 49.766922645285312399
36.555259999999996978 0.096202304609218470 57.402757755510606330
36.342842404809772461 0.096239999999999992 50.200321442883627299
35.884830000000000894 0.096199999999999994 54.487190100201424059
35.739499999999999602 0.095919999999999991 47.651504749500489311
35.530880000000003349 0.095929999999999988 43.971973687373832718
34.816020000000001744 0.095939999999999998 49.012110841684048523
34.494192725450481873 0.096385851703406855 50.221028056113169669
34.264029999999998211 0.096409999999999996 46.089609478957946465
33.677379999999999427 0.096900000000000000 56.441715450901916995
33.296089999999999520 0.096900000000000000 52.865129298608387387
33.373289999999997235 0.096900000000000000 47.836923246496773743
33.113439999999997099 0.096900000000000000 51.653378216437104697
32.683289999999999509 0.096900000000000000 48.181902224445764205
32.313099999999998602 0.096900000000000000 44.051801743492106311
31.747109999999999275 0.097479999999999997 53.435458637274685145
31.471095230460715442 0.097539999999999988 52.614646012020735100
31.329110000000000014 0.097539999999999988 44.866477815631434112
30.736709999999998644 0.097539999999999988 49.912223146294465437
30.547319999999999141 0.097849999999999993 53.337412464933372291
30.636769999999998504 0.097849999999999993 47.795422805612055583
30.420590000000000686 0.097849999999999993 51.195517074147744552
30.342189999999998662 0.097849999999999993 49.493309018037884073
30.237580000000001235 0.097849999999999993 46.585803126252628203
30.054429999999999978 0.097849999999999993 50.853389999999997428
