	 Inner loop 2	303.702763819	0.0515926107252	-1.45716771982e-16	-0.24835702028	0.29961102028	-0.051254	0.0	0.0
	 Inner loop 2	303.702763819	0.0515926107252	-1.45716771982e-16	-0.24835702028	0.29961102028	-0.051254	0.0	0.0
Outer loop 	1	0.0515926107252	0.0
	 Inner loop 2	304.255527638	0.0515926107252	-1.45716771982e-16	-0.24835702028	0.29961102028	-0.051254	0.0	0.0
	 Inner loop 2	304.255527638	0.0515926107252	-1.45716771982e-16	-0.24835702028	0.29961102028	-0.051254	0.0	0.0
Outer loop 	2	0.0515926107252	0.0
	 Inner loop 2	304.808291457	0.0515926107252	-1.45716771982e-16	-0.24835702028	0.29961102028	-0.051254	0.0	0.0
	 Inner loop 2	304.808291457	0.0515926107252	-1.45716771982e-16	-0.24835702028	0.29961102028	-0.051254	0.0	0.0
Outer loop 	3	0.0515926107252	0.0
	 Inner loop 2	305.361055276	0.0515926107252	-1.45716771982e-16	-0.24835702028	0.29961102028	-0.051254	0.0	0.0
	 Inner loop 2	305.361055276	0.0515926107252	-1.45716771982e-16	-0.24835702028	0.29961102028	-0.051254	0.0	0.0
Outer loop 	4	0.0515926107252	0.0
	 Inner loop 2	305.913819095	0.0515926107252	-1.45716771982e-16	-0.24835702028	0.29961102028	-0.051254	0.0	0.0
	 Inner loop 2	305.913819095	0.0515926107252	-1.45716771982e-16	-0.24835702028	0.29961102028	-0.051254	0.0	0.0
Outer loop 	5	0.0515926107252	0.0
	 Inner loop 2	306.466582915	0.0515926107252	-1.45716771982e-16	-0.24835702028	0.29961102028	-0.051254	0.0	0.0
	 Inner loop 2	306.466582915	0.0515926107252	-1.45716771982e-16	-0.24835702028	0.29961102028	-0.051254	0.0	0.0
Outer loop 	6	0.0515926107252	0.0
	 Inner loop 2	307.019346734	0.0515926107252	-1.45716771982e-16	-0.24835702028	0.29961102028	-0.051254	0.0	0.0
	 Inner loop 2	307.019346734	0.0515926107252	-1.45716771982e-16	-0.24835702028	0.29961102028	-0.051254	0.0	0.0
Outer loop 	7	0.0515926107252	0.0
	 Inner loop 2	307.572110553	0.0515926107252	-1.45716771982e-16	-0.24835702028	0.29961102028	-0.051254	0.0	0.0
	 Inner loop 2	307.572110553	0.0515926107252	-1.45716771982e-16	-0.24835702028	0.29961102028	-0.051254	0.0	0.0
Outer loop 	8	0.0515926107252	0.0
	 Inner loop 2	308.124874372	0.0515926107252	-1.45716771982e-16	-0.24835702028	0.29961102028	-0.051254	0.0	0.0
	 Inner loop 2	308.124874372	0.0515926107252	-1.45716771982e-16	-0.24835702028	0.29961102028	-0.051254	0.0	0.0
Outer loop 	9	0.0515926107252	0.0
	 Inner loop 2	308.677638191	0.0515926107252	-1.45716771982e-16	-0.24835702028	0.29961102028	-0.051254	0.0	0.0
	 Inner loop 2	308.677638191	0.0515926107252	-1.45716771982e-16	-0.24835702028	0.29961102028	-0.051254	0.0	0.0
Outer loop 	10	0.0515926107252	0.0
	 Inner loop 2	309.23040201	0.0515926107252	-1.45716771982e-16	-0.24835702028	0.29961102028	-0.051254	0.0	0.0
	 Inner loop 2	309.23040201	0.0515926107252	-1.45716771982e-16	-0.24835702028	0.29961102028	-0.051254	0.0	0.0
Outer loop 	11	0.0515926107252	0.0
	 Inner loop 2	309.783165829	0.0515926107252	-1.45716771982e-16	-0.24835702028	0.29961102028	-0.051254	0.0	0.0
	 Inner loop 2	309.783165829	0.0515926107252	-1.45716771982e-16	-0.24835702028	0.29961102028	-0.051254	0.0	0.0
Outer loop 	12	0.0515926107252	0.0
	 Inner loop 2	310.335929648	0.0515926107252	-1.45716771982e-16	-0.24835702028	0.29961102028	-0.051254	0.0	0.0
	 Inner loop 2	310.335929648	0.0515926107252	-1.45716771982e-16	-0.24835702028	0.29961102028	-0.051254	0.0	0.0
Outer loop 	13	0.0515926107252	0.0
	 Inner loop 2	310.888693467	0.0515926107252	-1.45716771982e-16	-0.24835702028	0.29961102028	-0.051254	0.0	0.0
	 Inner loop 2	310.888693467	0.0515926107252	-1.45716771982e-16	-0.24835702028	0.29961102028	-0.051254	0.0	0.0
Outer loop 	14	0.0515926107252	0.0
	 Inner loop 2	311.441457286	0.0515926107252	-1.45716771982e-16	-0.24835702028	0.29961102028	-0.051254	0.0	0.0
	 Inner loop 2	311.441457286	0.0515926107252	-1.45716771982e-16	-0.24835702028	0.29961102028	-0.051254	0.0	0.0
Outer loop 	15	0.0515926107252	0.0
	 Inner loop 2	311.994221106	0.0515926107252	-1.45716771982e-16	-0.24835702028	0.29961102028	-0.051254	0.0	0.0
	 Inner loop 2	311.994221106	0.0515926107252	-1.45716771982e-16	-0.24835702028	0.29961102028	-0.051254	0.0	0.0
Outer loop 	16	0.0515926107252	0.0
	 Inner loop 2	312.546984925	0.0515926107252	-1.45716771982e-16	-0.24835702028	0.29961102028	-0.051254	0.0	0.0
	 Inner loop 2	312.546984925	0.0515926107252	-1.45716771982e-16	-0.24835702028	0.29961102028	-0.051254	0.0	0.0
Outer loop 	17	0.0515926107252	0.0
	 Inner loop 2	313.099748744	0.0515926107252	-1.45716771982e-16	-0.24835702028	0.29961102028	-0.051254	0.0	0.0
	 Inner loop 2	313.099748744	0.0515926107252	-1.45716771982e-16	-0.24835702028	0.29961102028	-0.051254	0.0	0.0
Outer loop 	18	0.0515926107252	0.0
	 Inner loop 2	313.652512563	0.0515926107252	-1.45716771982e-16	-0.24835702028	0.29961102028	-0.051254	0.0	0.0
	 Inner loop 2	313.652512563	0.0515926107252	-1.45716771982e-16	-0.24835702028	0.29961102028	-0.051254	0.0	0.0
Outer loop 	19	0.0515926107252	0.0
	 Inner loop 2	314.205276382	0.0515926107252	-1.45716771982e-16	-0.24835702028	0.29961102028	-0.051254	0.0	0.0
	 Inner loop 2	314.205276382	0.0515926107252	-1.45716771982e-16	-0.24835702028	0.29961102028	-0.051254	0.0	0.0
Outer loop 	20	0.0515926107252	0.0
	 Inner loop 2	314.758040201	0.0515926107252	-1.45716771982e-16	-0.24835702028	0.29961102028	-0.051254	0.0	0.0
	 Inner loop 2	314.758040201	0.0515926107252	-1.45716771982e-16	-0.24835702028	0.29961102028	-0.051254	0.0	0.0
Outer loop 	21	0.0515926107252	0.0
	 Inner loop 2	315.31080402	0.0515926107252	-1.45716771982e-16	-0.24835702028	0.29961102028	-0.051254	0.0	0.0
	 Inner loop 2	315.31080402	0.0515926107252	-1.45716771982e-16	-0.24835702028	0.29961102028	-0.051254	0.0	0.0
Outer loop 	22	0.0515926107252	0.0
	 Inner loop 2	315.863567839	0.0515926107252	-1.45716771982e-16	-0.24835702028	0.29961102028	-0.051254	0.0	0.0
	 Inner loop 2	315.863567839	0.0515926107252	-1.45716771982e-16	-0.24835702028	0.29961102028	-0.051254	0.0	0.0
Outer loop 	23	0.0515926107252	0.0
	 Inner loop 2	316.416331658	0.0515926107252	-1.45716771982e-16	-0.24835702028	0.29961102028	-0.051254	0.0	0.0
	 Inner loop 2	316.416331658	0.0515926107252	-1.45716771982e-16	-0.24835702028	0.29961102028	-0.051254	0.0	0.0
Outer loop 	24	0.0515926107252	0.0
	 Inner loop 2	316.969095477	0.0515926107252	-1.45716771982e-16	-0.24835702028	0.29961102028	-0.051254	0.0	0.0
	 Inner loop 2	316.969095477	0.0515926107252	-1.45716771982e-16	-0.24835702028	0.29961102028	-0.051254	0.0	0.0
Outer loop 	25	0.0515926107252	0.0
	 Inner loop 2	317.521859296	0.0515926107252	-1.45716771982e-16	-0.24835702028	0.29961102028	-0.051254	0.0	0.0
	 Inner loop 2	317.521859296	0.0515926107252	-1.45716771982e-16	-0.24835702028	0.29961102028	-0.051254	0.0	0.0
Outer loop 	26	0.0515926107252	0.0
	 Inner loop 2	318.074623116	0.0515926107252	-1.45716771982e-16	-0.24835702028	0.29961102028	-0.051254	0.0	0.0
	 Inner loop 2	318.074623116	0.0515926107252	-1.45716771982e-16	-0.24835702028	0.29961102028	-0.051254	0.0	0.0
Outer loop 	27	0.0515926107252	0.0
	 Inner loop 2	318.627386935	0.0515926107252	-1.45716771982e-16	-0.24835702028	0.29961102028	-0.051254	0.0	0.0
	 Inner loop 2	318.627386935	0.0515926107252	-1.45716771982e-16	-0.24835702028	0.29961102028	-0.051254	0.0	0.0
Outer loop 	28	0.0515926107252	0.0
	 Inner loop 2	319.180150754	0.0515926107252	-1.45716771982e-16	-0.24835702028	0.29961102028	-0.051254	0.0	0.0
	 Inner loop 2	319.180150754	0.0515926107252	-1.45716771982e-16	-0.24835702028	0.29961102028	-0.051254	0.0	0.0
Outer loop 	29	0.0515926107252	0.0
	 Inner loop 2	319.732914573	0.0515926107252	-1.45716771982e-16	-0.24835702028	0.29961102028	-0.051254	0.0	0.0
	 Inner loop 2	319.732914573	0.0515926107252	-1.45716771982e-16	-0.24835702028	0.29961102028	-0.051254	0.0	0.0
Outer loop 	30	0.0515926107252	0.0
	 Inner loop 2	320.285678392	0.0515926107252	-1.45716771982e-16	-0.24835702028	0.29961102028	-0.051254	0.0	0.0
	 Inner loop 2	320.285678392	0.0515926107252	-1.45716771982e-16	-0.24835702028	0.29961102028	-0.051254	0.0	0.0
Outer loop 	31	0.0515926107252	0.0
	 Inner loop 2	320.838442211	0.0515926107252	-1.45716771982e-16	-0.24835702028	0.29961102028	-0.051254	0.0	0.0
	 Inner loop 2	320.838442211	0.0515926107252	-1.45716771982e-16	-0.24835702028	0.29961102028	-0.051254	0.0	0.0
Outer loop 	32	0.0515926107252	0.0
	 Inner loop 2	321.39120603	0.0515926107252	-1.45716771982e-16	-0.24835702028	0.29961102028	-0.051254	0.0	0.0
	 Inner loop 2	321.39120603	0.0515926107252	-1.45716771982e-16	-0.24835702028	0.29961102028	-0.051254	0.0	0.0
Outer loop 	33	0.0515926107252	0.0
	 Inner loop 2	321.943969849	0.0515926107252	-1.45716771982e-16	-0.24835702028	0.29961102028	-0.051254	0.0	0.0
	 Inner loop 2	321.943969849	0.0515926107252	-1.45716771982e-16	-0.24835702028	0.29961102028	-0.051254	0.0	0.0
Outer loop 	34	0.0515926107252	0.0
	 Inner loop 2	322.496733668	0.0515926107252	-1.45716771982e-16	-0.24835702028	0.29961102028	-0.051254	0.0	0.0
	 Inner loop 2	322.496733668	0.0515926107252	-1.45716771982e-16	-0.24835702028	0.29961102028	-0.051254	0.0	0.0
Outer loop 	35	0.0515926107252	0.0
	 Inner loop 2	323.049497487	0.0515926107252	-1.45716771982e-16	-0.24835702028	0.29961102028	-0.051254	0.0	0.0
	 Inner loop 2	323.049497487	0.0515926107252	-1.45716771982e-16	-0.24835702028	0.29961102028	-0.051254	0.0	0.0
Outer loop 	36	0.0515926107252	0.0
	 Inner loop 2	323.602261307	0.0515926107252	-1.45716771982e-16	-0.24835702028	0.29961102028	-0.051254	0.0	0.0
	 Inner loop 2	323.602261307	0.0515926107252	-1.45716771982e-16	-0.24835702028	0.29961102028	-0.051254	0.0	0.0
Outer loop 	37	0.0515926107252	0.0
	 Inner loop 2	324.155025126	0.0515926107252	-1.45716771982e-16	-0.24835702028	0.29961102028	-0.051254	0.0	0.0
	 Inner loop 2	324.155025126	0.0515926107252	-1.45716771982e-16	-0.24835702028	0.29961102028	-0.051254	0.0	0.0
Outer loop 	38	0.0515926107252	0.0
	 Inner loop 2	324.707788945	0.0515926107252	-1.45716771982e-16	-0.24835702028	0.29961102028	-0.051254	0.0	0.0
	 Inner loop 2	324.707788945	0.0515926107252	-1.45716771982e-16	-0.24835702028	0.29961102028	-0.051254	0.0	0.0
Outer loop 	39	0.0515926107252	0.0
	 Inner loop 2	325.260552764	0.0515926107252	-1.45716771982e-16	-0.24835702028	0.29961102028	-0.051254	0.0	0.0
	 Inner loop 2	325.260552764	0.0515926107252	-1.45716771982e-16	-0.24835702028	0.29961102028	-0.051254	0.0	0.0
Outer loop 	40	0.0515926107252	0.0
	 Inner loop 2	325.813316583	0.0515926107252	-1.45716771982e-16	-0.24835702028	0.29961102028	-0.051254	0.0	0.0
	 Inner loop 2	325.813316583	0.0515926107252	-1.45716771982e-16	-0.24835702028	0.29961102028	-0.051254	0.0	0.0
Outer loop 	41	0.0515926107252	0.0
	 Inner loop 2	326.366080402	0.0515926107252	-1.45716771982e-16	-0.24835702028	0.29961102028	-0.051254	0.0	0.0
	 Inner loop 2	326.366080402	0.0515926107252	-1.45716771982e-16	-0.24835702028	0.29961102028	-0.051254	0.0	0.0
Outer loop 	42	0.0515926107252	0.0
	 Inner loop 2	326.918844221	0.0515926107252	-1.45716771982e-16	-0.24835702028	0.29961102028	-0.051254	0.0	0.0
	 Inner loop 2	326.918844221	0.0515926107252	-1.45716771982e-16	-0.24835702028	0.29961102028	-0.051254	0.0	0.0
Outer loop 	43	0.0515926107252	0.0
	 Inner loop 2	327.47160804	0.0515926107252	-1.45716771982e-16	-0.24835702028	0.29961102028	-0.051254	0.0	0.0
	 Inner loop 2	327.47160804	0.0515926107252	-1.45716771982e-16	-0.24835702028	0.29961102028	-0.051254	0.0	0.0
Outer loop 	44	0.0515926107252	0.0
	 Inner loop 2	328.024371859	0.0515926107252	-1.45716771982e-16	-0.24835702028	0.29961102028	-0.051254	0.0	0.0
	 Inner loop 2	328.024371859	0.0515926107252	-1.45716771982e-16	-0.24835702028	0.29961102028	-0.051254	0.0	0.0
Outer loop 	45	0.0515926107252	0.0
	 Inner loop 2	328.577135678	0.0515926107252	-1.45716771982e-16	-0.24835702028	0.29961102028	-0.051254	0.0	0.0
	 Inner loop 2	328.577135678	0.0515926107252	-1.45716771982e-16	-0.24835702028	0.29961102028	-0.051254	0.0	0.0
Outer loop 	46	0.0515926107252	0.0
	 Inner loop 2	329.129899497	0.0515926107252	-1.45716771982e-16	-0.24835702028	0.29961102028	-0.051254	0.0	0.0
	 Inner loop 2	329.129899497	0.0515926107252	-1.45716771982e-16	-0.24835702028	0.29961102028	-0.051254	0.0	0.0
Outer loop 	47	0.0515926107252	0.0
	 Inner loop 2	329.682663317	0.0515926107252	-1.45716771982e-16	-0.24835702028	0.29961102028	-0.051254	0.0	0.0
	 Inner loop 2	329.682663317	0.0515926107252	-1.45716771982e-16	-0.24835702028	0.29961102028	-0.051254	0.0	0.0
Outer loop 	48	0.0515926107252	0.0
	 Inner loop 2	330.235427136	0.0515926107252	-1.45716771982e-16	-0.24835702028	0.29961102028	-0.051254	0.0	0.0
	 Inner loop 2	330.235427136	0.0515926107252	-1.45716771982e-16	-0.24835702028	0.29961102028	-0.051254	0.0	0.0
Outer loop 	49	0.0515926107252	0.0
	 Inner loop 2	330.788190955	0.0515926107252	-1.45716771982e-16	-0.24835702028	0.29961102028	-0.051254	0.0	0.0
	 Inner loop 2	330.788190955	0.0515926107252	-1.45716771982e-16	-0.24835702028	0.29961102028	-0.051254	0.0	0.0
Outer loop 	50	0.0515926107252	0.0
	 Inner loop 2	331.340954774	0.0515926107252	-1.45716771982e-16	-0.24835702028	0.29961102028	-0.051254	0.0	0.0
	 Inner loop 2	331.340954774	0.0515926107252	-1.45716771982e-16	-0.24835702028	0.29961102028	-0.051254	0.0	0.0
Outer loop 	51	0.0515926107252	0.0
	 Inner loop 2	331.893718593	0.0515926107252	-1.45716771982e-16	-0.24835702028	0.29961102028	-0.051254	0.0	0.0
	 Inner loop 2	331.893718593	0.0515926107252	-1.45716771982e-16	-0.24835702028	0.29961102028	-0.051254	0.0	0.0
Outer loop 	52	0.0515926107252	0.0
	 Inner loop 2	332.446482412	0.0515926107252	-1.45716771982e-16	-0.24835702028	0.29961102028	-0.051254	0.0	0.0
	 Inner loop 2	332.446482412	0.0515926107252	-1.45716771982e-16	-0.24835702028	0.29961102028	-0.051254	0.0	0.0
Outer loop 	53	0.0515926107252	0.0
	 Inner loop 2	332.999246231	0.0515926107252	-1.45716771982e-16	-0.24835702028	0.29961102028	-0.051254	0.0	0.0
	 Inner loop 2	332.999246231	0.0515926107252	-1.45716771982e-16	-0.24835702028	0.29961102028	-0.051254	0.0	0.0
Outer loop 	54	0.0515926107252	0.0
	 Inner loop 2	333.55201005	0.0515926107252	-1.45716771982e-16	-0.24835702028	0.29961102028	-0.051254	0.0	0.0
	 Inner loop 2	333.55201005	0.0515926107252	-1.45716771982e-16	-0.24835702028	0.29961102028	-0.051254	0.0	0.0
Outer loop 	55	0.0515926107252	0.0
	 Inner loop 2	334.104773869	0.0515926107252	-1.45716771982e-16	-0.24835702028	0.29961102028	-0.051254	0.0	0.0
	 Inner loop 2	334.104773869	0.0515926107252	-1.45716771982e-16	-0.24835702028	0.29961102028	-0.051254	0.0	0.0
Outer loop 	56	0.0515926107252	0.0
	 Inner loop 2	334.657537688	0.0515926107252	-1.45716771982e-16	-0.24835702028	0.29961102028	-0.051254	0.0	0.0
	 Inner loop 2	334.657537688	0.0515926107252	-1.45716771982e-16	-0.24835702028	0.29961102028	-0.051254	0.0	0.0
Outer loop 	57	0.0515926107252	0.0
	 Inner loop 2	335.210301508	0.0515926107252	-1.45716771982e-16	-0.24835702028	0.29961102028	-0.051254	0.0	0.0
	 Inner loop 2	335.210301508	0.0515926107252	-1.45716771982e-16	-0.24835702028	0.29961102028	-0.051254	0.0	0.0
Outer loop 	58	0.0515926107252	0.0
	 Inner loop 2	335.763065327	0.0515926107252	-1.45716771982e-16	-0.24835702028	0.29961102028	-0.051254	0.0	0.0
	 Inner loop 2	335.763065327	0.0515926107252	-1.45716771982e-16	-0.24835702028	0.29961102028	-0.051254	0.0	0.0
Outer loop 	59	0.0515926107252	0.0
	 Inner loop 2	336.315829146	0.0515926107252	-1.45716771982e-16	-0.24835702028	0.29961102028	-0.051254	0.0	0.0
	 Inner loop 2	336.315829146	0.0515926107252	-1.45716771982e-16	-0.24835702028	0.29961102028	-0.051254	0.0	0.0
Outer loop 	60	0.0515926107252	0.0
	 Inner loop 2	336.868592965	0.0515926107252	-1.45716771982e-16	-0.24835702028	0.29961102028	-0.051254	0.0	0.0
	 Inner loop 2	336.868592965	0.0515926107252	-1.45716771982e-16	-0.24835702028	0.29961102028	-0.051254	0.0	0.0
Outer loop 	61	0.0515926107252	0.0
	 Inner loop 2	337.421356784	0.0515926107252	-1.45716771982e-16	-0.24835702028	0.29961102028	-0.051254	0.0	0.0
	 Inner loop 2	337.421356784	0.0515926107252	-1.45716771982e-16	-0.24835702028	0.29961102028	-0.051254	0.0	0.0
Outer loop 	62	0.0515926107252	0.0
	 Inner loop 2	337.974120603	0.0515926107252	-1.45716771982e-16	-0.24835702028	0.29961102028	-0.051254	0.0	0.0
	 Inner loop 2	337.974120603	0.0515926107252	-1.45716771982e-16	-0.24835702028	0.29961102028	-0.051254	0.0	0.0
Outer loop 	63	0.0515926107252	0.0
	 Inner loop 2	338.526884422	0.0515926107252	-1.45716771982e-16	-0.24835702028	0.29961102028	-0.051254	0.0	0.0
	 Inner loop 2	338.526884422	0.0515926107252	-1.45716771982e-16	-0.24835702028	0.29961102028	-0.051254	0.0	0.0
Outer loop 	64	0.0515926107252	0.0
	 Inner loop 2	339.079648241	0.0515926107252	-1.45716771982e-16	-0.24835702028	0.29961102028	-0.051254	0.0	0.0
	 Inner loop 2	339.079648241	0.0515926107252	-1.45716771982e-16	-0.24835702028	0.29961102028	-0.051254	0.0	0.0
Outer loop 	65	0.0515926107252	0.0
	 Inner loop 2	339.63241206	0.0515926107252	-1.45716771982e-16	-0.24835702028	0.29961102028	-0.051254	0.0	0.0
	 Inner loop 2	339.63241206	0.0515926107252	-1.45716771982e-16	-0.24835702028	0.29961102028	-0.051254	0.0	0.0
Outer loop 	66	0.0515926107252	0.0
	 Inner loop 2	340.185175879	0.0515926107252	-1.45716771982e-16	-0.24835702028	0.29961102028	-0.051254	0.0	0.0
	 Inner loop 2	340.185175879	0.0515926107252	-1.45716771982e-16	-0.24835702028	0.29961102028	-0.051254	0.0	0.0
Outer loop 	67	0.0515926107252	0.0
	 Inner loop 2	340.737939698	0.0515926107252	-1.45716771982e-16	-0.24835702028	0.29961102028	-0.051254	0.0	0.0
	 Inner loop 2	340.737939698	0.0515926107252	-1.45716771982e-16	-0.24835702028	0.29961102028	-0.051254	0.0	0.0
Outer loop 	68	0.0515926107252	0.0
	 Inner loop 2	341.290703518	0.0515926107252	-1.45716771982e-16	-0.24835702028	0.29961102028	-0.051254	0.0	0.0
	 Inner loop 2	341.290703518	0.0515926107252	-1.45716771982e-16	-0.24835702028	0.29961102028	-0.051254	0.0	0.0
Outer loop 	69	0.0515926107252	0.0
	 Inner loop 2	341.843467337	0.0515926107252	-1.45716771982e-16	-0.24835702028	0.29961102028	-0.051254	0.0	0.0
	 Inner loop 2	341.843467337	0.0515926107252	-1.45716771982e-16	-0.24835702028	0.29961102028	-0.051254	0.0	0.0
Outer loop 	70	0.0515926107252	0.0
	 Inner loop 2	342.396231156	0.0515926107252	-1.45716771982e-16	-0.24835702028	0.29961102028	-0.051254	0.0	0.0
	 Inner loop 2	342.396231156	0.0515926107252	-1.45716771982e-16	-0.24835702028	0.29961102028	-0.051254	0.0	0.0
Outer loop 	71	0.0515926107252	0.0
	 Inner loop 2	342.948994975	0.0515926107252	-1.45716771982e-16	-0.24835702028	0.29961102028	-0.051254	0.0	0.0
	 Inner loop 2	342.948994975	0.0515926107252	-1.45716771982e-16	-0.24835702028	0.29961102028	-0.051254	0.0	0.0
Outer loop 	72	0.0515926107252	0.0
	 Inner loop 2	343.501758794	0.0515926107252	-1.45716771982e-16	-0.24835702028	0.29961102028	-0.051254	0.0	0.0
	 Inner loop 2	343.501758794	0.0515926107252	-1.45716771982e-16	-0.24835702028	0.29961102028	-0.051254	0.0	0.0
Outer loop 	73	0.0515926107252	0.0
	 Inner loop 2	344.054522613	0.0515926107252	-1.45716771982e-16	-0.24835702028	0.29961102028	-0.051254	0.0	0.0
	 Inner loop 2	344.054522613	0.0515926107252	-1.45716771982e-16	-0.24835702028	0.29961102028	-0.051254	0.0	0.0
Outer loop 	74	0.0515926107252	0.0
	 Inner loop 2	344.607286432	0.0515926107252	-1.45716771982e-16	-0.24835702028	0.29961102028	-0.051254	0.0	0.0
	 Inner loop 2	344.607286432	0.0515926107252	-1.45716771982e-16	-0.24835702028	0.29961102028	-0.051254	0.0	0.0
Outer loop 	75	0.0515926107252	0.0
	 Inner loop 2	345.160050251	0.0515926107252	-1.45716771982e-16	-0.24835702028	0.29961102028	-0.051254	0.0	0.0
	 Inner loop 2	345.160050251	0.0515926107252	-1.45716771982e-16	-0.24835702028	0.29961102028	-0.051254	0.0	0.0
Outer loop 	76	0.0515926107252	0.0
	 Inner loop 2	345.71281407	0.0515926107252	-1.45716771982e-16	-0.24835702028	0.29961102028	-0.051254	0.0	0.0
	 Inner loop 2	345.71281407	0.0515926107252	-1.45716771982e-16	-0.24835702028	0.29961102028	-0.051254	0.0	0.0
Outer loop 	77	0.0515926107252	0.0
	 Inner loop 2	346.265577889	0.0515926107252	-1.45716771982e-16	-0.24835702028	0.29961102028	-0.051254	0.0	0.0
	 Inner loop 2	346.265577889	0.0515926107252	-1.45716771982e-16	-0.24835702028	0.29961102028	-0.051254	0.0	0.0
Outer loop 	78	0.0515926107252	0.0
	 Inner loop 2	346.818341709	0.0515926107252	-1.45716771982e-16	-0.24835702028	0.29961102028	-0.051254	0.0	0.0
	 Inner loop 2	346.818341709	0.0515926107252	-1.45716771982e-16	-0.24835702028	0.29961102028	-0.051254	0.0	0.0
Outer loop 	79	0.0515926107252	0.0
	 Inner loop 2	347.371105528	0.0515926107252	-1.45716771982e-16	-0.24835702028	0.29961102028	-0.051254	0.0	0.0
	 Inner loop 2	347.371105528	0.0515926107252	-1.45716771982e-16	-0.24835702028	0.29961102028	-0.051254	0.0	0.0
Outer loop 	80	0.0515926107252	0.0
	 Inner loop 2	347.923869347	0.0515926107252	-1.45716771982e-16	-0.24835702028	0.29961102028	-0.051254	0.0	0.0
	 Inner loop 2	347.923869347	0.0515926107252	-1.45716771982e-16	-0.24835702028	0.29961102028	-0.051254	0.0	0.0
Outer loop 	81	0.0515926107252	0.0
	 Inner loop 2	348.476633166	0.0515926107252	-1.45716771982e-16	-0.24835702028	0.29961102028	-0.051254	0.0	0.0
	 Inner loop 2	348.476633166	0.0515926107252	-1.45716771982e-16	-0.24835702028	0.29961102028	-0.051254	0.0	0.0
Outer loop 	82	0.0515926107252	0.0
	 Inner loop 2	349.029396985	0.0515926107252	-1.45716771982e-16	-0.24835702028	0.29961102028	-0.051254	0.0	0.0
	 Inner loop 2	349.029396985	0.0515926107252	-1.45716771982e-16	-0.24835702028	0.29961102028	-0.051254	0.0	0.0
Outer loop 	83	0.0515926107252	0.0
	 Inner loop 2	349.582160804	0.0515926107252	-1.45716771982e-16	-0.24835702028	0.29961102028	-0.051254	0.0	0.0
	 Inner loop 2	349.582160804	0.0515926107252	-1.45716771982e-16	-0.24835702028	0.29961102028	-0.051254	0.0	0.0
Outer loop 	84	0.0515926107252	0.0
	 Inner loop 2	350.134924623	0.0515926107252	-1.45716771982e-16	-0.24835702028	0.29961102028	-0.051254	0.0	0.0
	 Inner loop 2	350.134924623	0.0515926107252	-1.45716771982e-16	-0.24835702028	0.29961102028	-0.051254	0.0	0.0
Outer loop 	85	0.0515926107252	0.0
	 Inner loop 2	350.687688442	0.0515926107252	-1.45716771982e-16	-0.24835702028	0.29961102028	-0.051254	0.0	0.0
	 Inner loop 2	350.687688442	0.0515926107252	-1.45716771982e-16	-0.24835702028	0.29961102028	-0.051254	0.0	0.0
Outer loop 	86	0.0515926107252	0.0
	 Inner loop 2	351.240452261	0.0515926107252	-1.45716771982e-16	-0.24835702028	0.29961102028	-0.051254	0.0	0.0
	 Inner loop 2	351.240452261	0.0515926107252	-1.45716771982e-16	-0.24835702028	0.29961102028	-0.051254	0.0	0.0
Outer loop 	87	0.0515926107252	0.0
	 Inner loop 2	351.79321608	0.0515926107252	-1.45716771982e-16	-0.24835702028	0.29961102028	-0.051254	0.0	0.0
	 Inner loop 2	351.79321608	0.0515926107252	-1.45716771982e-16	-0.24835702028	0.29961102028	-0.051254	0.0	0.0
Outer loop 	88	0.0515926107252	0.0
	 Inner loop 2	352.345979899	0.0515926107252	-1.45716771982e-16	-0.24835702028	0.29961102028	-0.051254	0.0	0.0
	 Inner loop 2	352.345979899	0.0515926107252	-1.45716771982e-16	-0.24835702028	0.29961102028	-0.051254	0.0	0.0
Outer loop 	89	0.0515926107252	0.0
	 Inner loop 2	352.898743719	0.051592408364	-2.04676758985e-05	-0.248377487956	0.29961102028	-0.051254	0.0	0.0
	 Inner loop 2	352.898743719	0.051592388097	-2.04990305495e-06	-0.248358574661	0.299610524758	-0.0512539999995	0.0	-4.24384351746e-06
	 Inner loop 2	352.898743719	0.051592385841	-3.11947551124e-11	-0.248356469638	0.299610469606	-0.0512539999994	0.0	-4.71618005492e-06
	 Inner loop 2	352.898743719	0.0515923858409	-3.12548598114e-12	-0.248356469609	0.299610469605	-0.0512539999994	0.0	-4.71618652517e-06
Outer loop 	90	0.0515923858409	-4.71618724095e-06
	 Inner loop 2	353.451507538	0.0515917331063	-4.32743253404e-05	-0.248399193254	0.299609918927	-0.0512539999977	0.0	-9.43234515222e-06
	 Inner loop 2	353.451507538	0.0515916857968	-4.78511212074e-06	-0.24835965635	0.299608871229	-0.0512539999913	0.0	-1.84049232432e-05
	 Inner loop 2	353.451507538	0.0515916799114	-3.80098383324e-10	-0.248354741366	0.299608740976	-0.0512539999902	0.0	-1.95204032229e-05
	 Inner loop 2	353.451507538	0.051591679911	-4.20584886363e-11	-0.248354741019	0.299608740967	-0.0512539999902	0.0	-1.95204820286e-05
Outer loop 	91	0.051591679911	-1.95204918351e-05
	 Inner loop 2	354.004271357	0.0515901668033	-8.16399727579e-05	-0.248434652288	0.299607012285	-0.0512539999698	0.0	-3.43245073697e-05
	 Inner loop 2	354.004271357	0.0515900595948	-1.08435709935e-05	-0.248361879256	0.299605035617	-0.0512539999327	0.0	-5.12514300063e-05
	 Inner loop 2	354.004271357	0.0515900431421	-3.28157230556e-09	-0.248350736219	0.299604732863	-0.0512539999257	0.0	-5.38439545449e-05
	 Inner loop 2	354.004271357	0.0515900431378	-4.36830398243e-10	-0.248350733294	0.299604732783	-0.0512539999257	0.0	-5.38446349054e-05
Outer loop 	92	0.0515900431371	-5.38447393828e-05
	 Inner loop 2	354.557035176	0.0515868643806	-0.000155956690647	-0.248502681243	0.299600724353	-0.0512539998008	0.0	-8.81674332289e-05
	 Inner loop 2	354.557035176	0.0515866015455	-2.65842691416e-05	-0.248369532513	0.299596947872	-0.0512539996279	0.0	-0.000120500960454
	 Inner loop 2	354.557035176	0.0515865472953	-2.46505920468e-08	-0.248342196933	0.299596171868	-0.0512539995857	0.0	-0.000127144576397
	 Inner loop 2	354.557035176	0.0515865472536	-4.22396598948e-09	-0.24834217591	0.299596171271	-0.0512539995857	0.0	-0.00012714968666
Outer loop 	93	0.0515865472449	-0.000127150743396
	 Inner loop 2	355.109798995	0.051580652706	-0.000242594259176	-0.248576203795	0.299587608506	-0.0512539989703	0.0	-0.000200449662093
	 Inner loop 2	355.109798995	0.0515801192412	-5.39566102265e-05	-0.248381691028	0.299581732806	-0.0512539983888	0.0	-0.000250738367727
	 Inner loop 2	355.109798995	0.0515799656092	-1.06664786621e-07	-0.248326160663	0.299580052197	-0.0512539981987	0.0	-0.000265120935908
	 Inner loop 2	355.109798995	0.0515799653727	-2.39230582011e-08	-0.248326075338	0.299580049613	-0.0512539981984	0.0	-0.00026514304427
	 Inner loop 2	355.109798995	0.0515799653043	-2.1878332479e-14	-0.248326050668	0.299580048866	-0.0512539981983	0.0	-0.000265149436444
	 Inner loop 2	355.109798995	0.0515799653043	-5.64132074388e-15	-0.248326050668	0.299580048866	-0.0512539981983	0.0	-0.000265149436449
Outer loop 	94	0.0515799653043	-0.000265149436453
	 Inner loop 2	355.662562814	0.0515701595132	-0.000326046771743	-0.248635973912	0.299563922976	-0.0512539958354	0.0	-0.00040312302931
	 Inner loop 2	355.662562814	0.0515692405354	-9.29481126769e-05	-0.248394976949	0.299556023159	-0.0512539943223	0.0	-0.00047069367944
	 Inner loop 2	355.662562814	0.0515688710795	-3.08433035875e-07	-0.248299187954	0.299552873175	-0.0512539936538	0.0	-0.000497633153393
	 Inner loop 2	355.662562814	0.051568870201	-8.88614790084e-08	-0.248298960911	0.299552865702	-0.0512539936521	0.0	-0.000497697062327
	 Inner loop 2	355.662562814	0.0515688698454	-2.83856271821e-13	-0.248298869026	0.299552862677	-0.0512539936515	0.0	-0.000497722926528
	 Inner loop 2	355.662562814	0.0515688698454	-8.23507928516e-14	-0.248298869026	0.299552862677	-0.0512539936515	0.0	-0.000497722926588
Outer loop 	95	0.0515688698454	-0.000497722926612
	 Inner loop 2	356.215326633	0.0515538088389	-0.000401052187681	-0.248672732095	0.299525666242	-0.0512539863349	0.0	-0.000730225164574
	 Inner loop 2	356.215326633	0.0515524043733	-0.00014205050244	-0.248404011132	0.299515943678	-0.0512539830486	0.0	-0.000813304836952
	 Inner loop 2	356.215326633	0.0515516274327	-6.82659318726e-07	-0.248257312952	0.299510611389	-0.0512539810965	0.0	-0.000858860836595
	 Inner loop 2	356.215326633	0.051551625014	-2.44644997198e-07	-0.248256858394	0.29951059484	-0.0512539810902	0.0	-0.000859002219067
	 Inner loop 2	356.215326633	0.051551623663	-2.02025896012e-12	-0.248256604511	0.299510585596	-0.0512539810868	0.0	-0.000859081185665
	 Inner loop 2	356.215326633	0.051551623663	-7.24101334448e-13	-0.24825660451	0.299510585596	-0.0512539810868	0.0	-0.000859081186082
Outer loop 	96	0.051551623663	-0.000859081186314
	 Inner loop 2	356.768090452	0.0515297631537	-0.00046666043179	-0.248680982387	0.299468283796	-0.05125396184	0.0	-0.00122026758517
	 Inner loop 2	356.768090452	0.0515277988346	-0.000198673426406	-0.248401679358	0.29945696149	-0.0512539555586	0.0	-0.00131687622079
	 Inner loop 2	356.768090452	0.0515263303637	-1.25614138661e-06	-0.248195873235	0.299448567688	-0.0512539505943	0.0	-0.00138847947341
	 Inner loop 2	356.768090452	0.0515263250127	-5.41239650168e-07	-0.248195127873	0.299448537209	-0.0512539505758	0.0	-0.00138873944381
	 Inner loop 2	356.768090452	0.0515263209614	-9.31260624171e-12	-0.248194563582	0.299448514134	-0.0512539505618	0.0	-0.00138893626273
	 Inner loop 2	356.768090452	0.0515263209614	-4.01337296729e-12	-0.248194563576	0.299448514134	-0.0512539505618	0.0	-0.00138893626466
Outer loop 	97	0.0515263209613	-0.00138893626612
	 Inner loop 2	357.320854271	0.0514958443268	-0.000523251419167	-0.248655735311	0.299386389576	-0.0512539056838	0.0	-0.00191842230499
	 Inner loop 2	357.320854271	0.0514932764421	-0.00025971657723	-0.248379501563	0.299373679728	-0.0512538947423	0.0	-0.00202664700671
	 Inner loop 2	357.320854271	0.0514907261595	-2.0231999559e-06	-0.248109293664	0.299361153839	-0.0512538833754	0.0	-0.00213327179885
	 Inner loop 2	357.320854271	0.0514907161148	-1.01600288563e-06	-0.248108237364	0.29936110469	-0.0512538833297	0.0	-0.00213369010545
	 Inner loop 2	357.320854271	0.051490705982	-3.09797187903e-11	-0.248107171859	0.299361055112	-0.0512538832836	0.0	-0.00213411206876
	 Inner loop 2	357.320854271	0.0514907059819	-1.5557492794e-11	-0.248107171843	0.299361055111	-0.0512538832836	0.0	-0.00213411207517
Outer loop 	98	0.0514907059817	-0.00213411208163
	 Inner loop 2	357.87361809	0.0514494341079	-0.000572092664701	-0.248591796215	0.299273491202	-0.0512537876522	0.0	-0.00287855922779
	 Inner loop 2	357.87361809	0.051446246088	-0.000322434845237	-0.248328238371	0.299259573384	-0.0512537698587	0.0	-0.00299673636034
	 Inner loop 2	357.87361809	0.0514421002014	-2.95807363459e-06	-0.247990809861	0.299241597615	-0.0512537458278	0.0	-0.00314930961787
	 Inner loop 2	357.87361809	0.0514420835375	-1.6855431374e-06	-0.247989465453	0.299241525639	-0.0512537457292	0.0	-0.00314992039256
	 Inner loop 2	357.87361809	0.0514420614643	-8.10464750867e-11	-0.247987684785	0.299241430303	-0.0512537455985	0.0	-0.00315072939889
	 Inner loop 2	357.87361809	0.0514420614639	-4.61843549515e-11	-0.247987684749	0.299241430301	-0.0512537455985	0.0	-0.00315072941562
Outer loop 	99	0.0514420614633	-0.00315072943779
	 Inner loop 2	358.42638191	0.0513873347232	-0.000615106110038	-0.248483161487	0.299121610608	-0.0512535552312	0.0	-0.00416599371756
	 Inner loop 2	358.42638191	0.0513835277819	-0.000385029382496	-0.248238117047	0.299106615399	-0.0512535277339	0.0	-0.00429284147545
	 Inner loop 2	358.42638191	0.0513771181941	-4.03694351852e-06	-0.247832076064	0.299081519013	-0.0512534798927	0.0	-0.00450503287005
	 Inner loop 2	358.42638191	0.0513770929599	-2.55244106551e-06	-0.247830493314	0.299081420574	-0.0512534797005	0.0	-0.00450586491984
	 Inner loop 2	358.42638191	0.0513770495709	-1.78276095275e-10	-0.247827772127	0.299081251319	-0.0512534793701	0.0	-0.00450729553541
	 Inner loop 2	358.42638191	0.0513770495697	-1.12727306656e-10	-0.247827772057	0.299081251314	-0.0512534793701	0.0	-0.00450729557216
Outer loop 	100	0.0513770495678	-0.00450729563535
	 Inner loop 2	358.979145729	0.0513055647088	-0.000654620442036	-0.248322226998	0.298920726099	-0.0512531195431	0.0	-0.00586145989471
	 Inner loop 2	358.979145729	0.051301146445	-0.000446853086612	-0.248098498866	0.298904724391	-0.0512530786121	0.0	-0.00599615747389
	 Inner loop 2	358.979145729	0.0512915937767	-5.25822114487e-06	-0.247622574782	0.298870304034	-0.0512529874734	0.0	-0.00628572038573
	 Inner loop 2	358.979145729	0.0512915579686	-3.62202738811e-06	-0.247620810355	0.298870175453	-0.051252987125	0.0	-0.00628680162869
	 Inner loop 2	358.979145729	0.0512914786971	-3.48077164314e-10	-0.247616904807	0.298869890813	-0.0512529863536	0.0	-0.00628919515738
	 Inner loop 2	358.979145729	0.0512914786948	-2.39784664346e-10	-0.247616904691	0.298869890804	-0.0512529863536	0.0	-0.00628919522895
Outer loop 	101	0.0512914786895	-0.00628919538743
	 Inner loop 2	359.531909548	0.0511990531532	-0.000693213576543	-0.248098815928	0.298657934659	-0.0512523323074	0.0	-0.00806696734556
	 Inner loop 2	359.531909548	0.0511940265381	-0.000508370406204	-0.247897027689	0.298640930265	-0.0512522729822	0.0	-0.00820919824988
	 Inner loop 2	359.531909548	0.0511801389101	-6.65774468347e-06	-0.24734870649	0.298594153314	-0.0512521045688	0.0	-0.00860015877058
	 Inner loop 2	359.531909548	0.0511800902468	-4.92231461142e-06	-0.247346808262	0.298593989915	-0.0512521039671	0.0	-0.00860152368872
	 Inner loop 2	359.531909548	0.051179952214	-6.3070703521e-10	-0.247341424825	0.298593526454	-0.05125210226	0.0	-0.00860539507534
	 Inner loop 2	359.531909548	0.0511799522094	-4.66339716843e-10	-0.247341424645	0.298593526439	-0.0512521022599	0.0	-0.00860539520463
Outer loop 	102	0.0511799521963	-0.00860539557149
	 Inner loop 2	360.084673367	0.0510611705658	-0.000733691165057	-0.247798903529	0.298316159457	-0.0512509470924	0.0	-0.0109146571396
	 Inner loop 2	360.084673367	0.0510555240047	-0.000571046722571	-0.24761826549	0.29829808138	-0.0512508626126	0.0	-0.0110646429733
	 Inner loop 2	360.084673367	0.0510356206763	-8.32331167544e-06	-0.246992355167	0.298234588929	-0.051250557074	0.0	-0.0115909062696
	 Inner loop 2	360.084673367	0.0510355561624	-6.52544054584e-06	-0.246990353071	0.298234383694	-0.0512505560641	0.0	-0.0115926061053
	 Inner loop 2	360.084673367	0.0510353219965	-1.10189543601e-09	-0.246983087488	0.298233638784	-0.0512505523974	0.0	-0.0115987756769
	 Inner loop 2	360.084673367	0.0510353219879	-8.63951250818e-10	-0.246983087223	0.298233638757	-0.0512505523973	0.0	-0.0115987759019
Outer loop 	103	0.0510353219569	-0.011598776719
	 Inner loop 2	360.637437186	0.0508829858924	-0.000779213877834	-0.247402746499	0.29787208454	-0.051248551919	0.0	-0.0145806451494
	 Inner loop 2	360.637437186	0.0508766836806	-0.000637304611435	-0.247241646558	0.297852774736	-0.0512484327903	0.0	-0.0147391974913
	 Inner loop 2	360.637437186	0.050848283797	-1.04182672166e-05	-0.246528552265	0.297766016336	-0.051247882339	0.0	-0.0154506993135
	 Inner loop 2	360.637437186	0.0508481989988	-8.57656058999e-06	-0.2465264538	0.297765757901	-0.0512478806622	0.0	-0.0154528166106
	 Inner loop 2	360.637437186	0.0508478040883	-1.92050694098e-09	-0.246516683468	0.297764554398	-0.0512478728508	0.0	-0.0154626764534
	 Inner loop 2	360.637437186	0.0508478040726	-1.58114362575e-09	-0.246516683081	0.29776455435	-0.0512478728505	0.0	-0.0154626768437
Outer loop 	104	0.0508478039998	-0.0154626786621
	 Inner loop 2	361.190201005	0.0506520412421	-0.000833599452784	-0.246881862692	0.297292710255	-0.0512444470156	0.0	-0.0193075601225
	 Inner loop 2	361.190201005	0.0506450126827	-0.000710651483815	-0.246738273561	0.297271901509	-0.0512442794323	0.0	-0.0194761806582
	 Inner loop 2	361.190201005	0.0506042643669	-1.32307023085e-05	-0.245921494189	0.29715154667	-0.0512432831833	0.0	-0.0204499186523
	 Inner loop 2	361.190201005	0.0506041521736	-1.13456828481e-05	-0.245919281241	0.297151215941	-0.0512432803825	0.0	-0.020452590832
	 Inner loop 2	361.190201005	0.0506034768649	-3.44968995036e-09	-0.245905965237	0.297149225304	-0.0512432635173	0.0	-0.0204686740865
	 Inner loop 2	361.190201005	0.0506034768357	-2.95847947529e-09	-0.24590596466	0.297149225218	-0.0512432635166	0.0	-0.0204686747832
Outer loop 	105	0.0506034766595	-0.0204686789793
	 Inner loop 2	361.742964824	0.0503502268424	-0.00090187966223	-0.246193768997	0.296529300556	-0.0512374112213	0.0	-0.0254431006878
	 Inner loop 2	361.742964824	0.0503423510856	-0.000796095006271	-0.246065496725	0.296506576	-0.0512371742808	0.0	-0.0256241705468
	 Inner loop 2	361.742964824	0.050282921173	-1.728233802e-05	-0.245117341876	0.296335398975	-0.0512353394375	0.0	-0.0269852632299
	 Inner loop 2	361.742964824	0.050282769469	-1.53368908958e-05	-0.245114964911	0.296334962669	-0.0512353346483	0.0	-0.0269887260622
	 Inner loop 2	361.742964824	0.0502815734525	-6.60505419109e-09	-0.245096232726	0.296331522993	-0.0512352968722	0.0	-0.0270160246084
	 Inner loop 2	361.742964824	0.0502815733945	-5.86213450698e-09	-0.245096231818	0.296331522826	-0.0512352968704	0.0	-0.0270160259318
	 Inner loop 2	361.742964824	0.050281572937	-4.66987559733e-15	-0.245096224654	0.29633152151	-0.051235296856	0.0	-0.0270160363742
	 Inner loop 2	361.742964824	0.050281572937	-3.06699110553e-15	-0.245096224654	0.29633152151	-0.051235296856	0.0	-0.0270160363742
Outer loop 	106	0.050281572937	-0.0270160363742
	 Inner loop 2	362.295728643	0.0499498572396	-0.000991309029996	-0.245272123821	0.295506040166	-0.0512252253754	0.0	-0.0335101420809
	 Inner loop 2	362.295728643	0.0499409387224	-0.000901053706668	-0.245156926311	0.295480758476	-0.0512248858719	0.0	-0.033707269229
	 Inner loop 2	362.295728643	0.0498516804763	-2.3581761661e-05	-0.244030199859	0.295228010735	-0.0512213926378	0.0	-0.0356723710424
	 Inner loop 2	362.295728643	0.0498514672965	-2.15403506295e-05	-0.244027563906	0.295227407643	-0.0512213840881	0.0	-0.0356770478793
	 Inner loop 2	362.295728643	0.0498492177548	-1.40081372196e-08	-0.243999763982	0.295221043783	-0.0512212938098	0.0	-0.0357263946662
	 Inner loop 2	362.295728643	0.0498492176282	-1.27969941935e-08	-0.243999762417	0.295221043425	-0.0512212938047	0.0	-0.0357263974441
	 Inner loop 2	362.295728643	0.04984921629	-1.4009626792e-14	-0.243999745889	0.29522103964	-0.051221293751	0.0	-0.0357264267963
	 Inner loop 2	362.295728643	0.04984921629	-1.32047150991e-14	-0.243999745889	0.29522103964	-0.051221293751	0.0	-0.0357264267963
Outer loop 	107	0.04984921629	-0.0357264267963
	 Inner loop 2	362.848492462	0.0494058305831	-0.00111327800782	-0.244006644037	0.294096980823	-0.0512036147936	0.0	-0.0443443425656
	 Inner loop 2	362.848492462	0.0493955550782	-0.00103721505482	-0.243902231573	0.294068133282	-0.0512031167641	0.0	-0.0445629992602
	 Inner loop 2	362.848492462	0.0492550984672	-3.42610621982e-05	-0.242512082852	0.293673917143	-0.0511960953533	0.0	-0.0475388552487
	 Inner loop 2	362.848492462	0.0492547807824	-3.20671049478e-05	-0.242509013738	0.293673025656	-0.0511960790233	0.0	-0.0475455593591
	 Inner loop 2	362.848492462	0.0492501371234	-3.45253848427e-08	-0.242464189094	0.293659994664	-0.0511958400955	0.0	-0.0476435412333
	 Inner loop 2	362.848492462	0.0492501368032	-3.23191101381e-08	-0.242464186005	0.293659993765	-0.051195840079	0.0	-0.0476435479883
	 Inner loop 2	362.848492462	0.049250132113	-2.29122276707e-14	-0.242464140766	0.293659980604	-0.0511958398374	0.0	-0.0476436469406
	 Inner loop 2	362.848492462	0.049250132113	-2.20726215083e-14	-0.242464140766	0.293659980604	-0.0511958398374	0.0	-0.0476436469406
Outer loop 	108	0.049250132113	-0.0476436469407
	 Inner loop 2	363.401256281	0.0486382746913	-0.00128717618175	-0.242197531654	0.29207398447	-0.0511636289975	0.0	-0.0593922117286
	 Inner loop 2	363.401256281	0.0486261243946	-0.00122438397109	-0.242101418564	0.292039905328	-0.0511628707351	0.0	-0.0596409314904
	 Inner loop 2	363.401256281	0.0483885992742	-5.43445598172e-05	-0.240279899697	0.291373051286	-0.0511474961483	0.0	-0.0644776210306
	 Inner loop 2	363.401256281	0.0483880838935	-5.19186409916e-05	-0.240276059886	0.291371602901	-0.0511474616568	0.0	-0.0644880644075
	 Inner loop 2	363.401256281	0.0483770526682	-1.05403586179e-07	-0.240193983192	0.291340600023	-0.0511467222338	0.0	-0.0647115430881
	 Inner loop 2	363.401256281	0.0483770516684	-1.0071714901e-07	-0.240193975763	0.291340597213	-0.0511467221667	0.0	-0.0647115633384
	 Inner loop 2	363.401256281	0.0483770301814	-3.89979715187e-13	-0.240193816097	0.291340536821	-0.0511467207242	0.0	-0.0647119985418
	 Inner loop 2	363.401256281	0.0483770301813	-3.72417374717e-13	-0.240193816097	0.291340536821	-0.0511467207242	0.0	-0.0647119985419
Outer loop 	109	0.0483770301813	-0.0647119985435
	 Inner loop 2	363.954020101	0.0474885103212	-0.00154853671035	-0.23943575373	0.288971311098	-0.0510840940783	0.0	-0.0814470613582
	 Inner loop 2	363.954020101	0.0474735885998	-0.00149864450576	-0.239344816947	0.288929043954	-0.0510828715126	0.0	-0.0817397267903
	 Inner loop 2	363.954020101	0.0470239009463	-9.71076534382e-05	-0.236704086202	0.287651248984	-0.0510442704355	0.0	-0.0904959508278
	 Inner loop 2	363.954020101	0.0470229602217	-9.43677062751e-05	-0.23669874909	0.287648567542	-0.0510441861592	0.0	-0.0905141435582
	 Inner loop 2	363.954020101	0.0469905529384	-4.31292454799e-07	-0.236515329298	0.287556172027	-0.0510412740215	0.0	-0.091140562366
	 Inner loop 2	363.954020101	0.0469905487587	-4.19233814566e-07	-0.236515305697	0.287556160108	-0.0510412736448	0.0	-0.0911406431176
	 Inner loop 2	363.954020101	0.0469904034492	-8.57643817076e-12	-0.236514485184	0.287555745724	-0.0510412605483	0.0	-0.0911434505449
	 Inner loop 2	363.954020101	0.0469904034491	-8.33608876372e-12	-0.236514485184	0.287555745724	-0.0510412605483	0.0	-0.0911434505465
Outer loop 	110	0.0469904034462	-0.0911434506023
	 Inner loop 2	364.50678392	0.0455840797191	-0.00196401510374	-0.234715862737	0.28365651156	-0.0509046639265	0.0	-0.116820702346
	 Inner loop 2	364.50678392	0.0455647496188	-0.00192728799525	-0.234625122839	0.283600346759	-0.050902511915	0.0	-0.117180385632
	 Inner loop 2	364.50678392	0.0445443365156	-0.00019710663685	-0.230027957555	0.280611988996	-0.050781138078	0.0	-0.135941716108
	 Inner loop 2	364.50678392	0.0445423811034	-0.00019413517048	-0.230019462145	0.280606218118	-0.0507808911433	0.0	-0.135977261529
	 Inner loop 2	364.50678392	0.0444145310895	-2.31487540592e-06	-0.229466220989	0.280228535534	-0.0507646294207	0.0	-0.138298096284
	 Inner loop 2	364.50678392	0.044414508103	-2.28081666762e-06	-0.229466121905	0.280228467564	-0.0507646264764	0.0	-0.138298512986
	 Inner loop 2	364.50678392	0.0444129687499	-3.24622766168e-10	-0.229459486782	0.280223915742	-0.0507644292853	0.0	-0.138326418101
	 Inner loop 2	364.50678392	0.0444129687466	-3.19848120212e-10	-0.229459486768	0.280223915733	-0.0507644292848	0.0	-0.13832641816
Outer loop 	111	0.0444129685307	-0.138326422075
	 Inner loop 2	365.059547739	0.0418089798748	-0.00259766212085	-0.224756548896	0.272553856644	-0.0503949698683	0.0	-0.183342758261
	 Inner loop 2	365.059547739	0.041782665139	-0.00257390798336	-0.224656425843	0.272473242374	-0.0503907245145	0.0	-0.183796519237
	 Inner loop 2	365.059547739	0.0388825599908	-0.000270747984833	-0.213814386104	0.263416865102	-0.049873226983	0.0	-0.232644128919
	 Inner loop 2	365.059547739	0.0388797650905	-0.000268720126417	-0.213804015208	0.263407977881	-0.049872682799	0.0	-0.232690176668
	 Inner loop 2	365.059547739	0.0385085223713	-9.72859423784e-07	-0.212426185036	0.262224868669	-0.0497996564923	0.0	-0.238790437741
	 Inner loop 2	365.059547739	0.0385085123044	-9.65638157047e-07	-0.212426147662	0.262224836516	-0.0497996544921	0.0	-0.238790602729
	 Inner loop 2	365.059547739	0.0385071661266	-8.6890841744e-12	-0.21242114992	0.262220536929	-0.0497993870176	0.0	-0.238812665135
	 Inner loop 2	365.059547739	0.0385071661265	-8.6254545173e-12	-0.212421149919	0.262220536928	-0.0497993870176	0.0	-0.238812665136
Outer loop 	112	0.0385071661143	-0.238812665335
	 Inner loop 2	365.612311558	0.0325786573421	-0.00209003932167	-0.196524166989	0.242899812091	-0.0484656844238	0.0	-0.331368243327
	 Inner loop 2	365.612311558	0.0325561303364	-0.00207319620758	-0.196436652536	0.242823407528	-0.0484599511994	0.0	-0.331711896769
	 Inner loop 2	365.612311558	0.0297293432972	0.000241958703207	-0.185163502157	0.233111989557	-0.0477065286966	0.0	-0.374238004469
	 Inner loop 2	365.612311558	0.0297320005823	0.00023957335691	-0.185174390259	0.233121231442	-0.0477072678264	0.0	-0.37419855401
	 Inner loop 2	365.612311558	0.0299983843063	2.62376327644e-06	-0.186262944227	0.234046642475	-0.0477810744846	0.0	-0.370239012923
	 Inner loop 2	365.612311558	0.0299984130705	2.59840779019e-06	-0.186263061457	0.234046742288	-0.0477810824233	0.0	-0.370238584858
	 Inner loop 2	365.612311558	0.0300013607393	3.15597881162e-10	-0.186275074455	0.234056970697	-0.0477818959264	0.0	-0.370194717448
	 Inner loop 2	365.612311558	0.0300013607427	3.12548945058e-10	-0.186275074469	0.234056970709	-0.0477818959274	0.0	-0.370194717396
	 Inner loop 2	365.612311558	0.0300013610974	3.84414722276e-15	-0.186275075914	0.234056971939	-0.0477818960253	0.0	-0.370194712119
	 Inner loop 2	365.612311558	0.0300013610974	4.89192020225e-15	-0.186275075914	0.234056971939	-0.0477818960253	0.0	-0.370194712119
Outer loop 	113	0.0300013610974	-0.370194712119
	 Inner loop 2	366.165075377	0.0215326383168	0.00313886246828	-0.155625260761	0.203963161937	-0.0451990387086	0.0	-0.490996092118
	 Inner loop 2	366.165075377	0.0215690372112	0.0030818908941	-0.155804543418	0.204097774467	-0.0452113401545	0.0	-0.490486820561
	 Inner loop 2	366.165075377	0.0235109170483	0.000262705219931	-0.165111000312	0.211227814803	-0.0458541092711	0.0	-0.463161451964
	 Inner loop 2	366.165075377	0.0235139263224	0.000258654415036	-0.165125046361	0.211238785391	-0.0458550846146	0.0	-0.463118857236
	 Inner loop 2	366.165075377	0.023705814484	2.27105837417e-06	-0.166018412203	0.211937827569	-0.0459171443078	0.0	-0.460401101328
	 Inner loop 2	366.165075377	0.023705840467	2.23659686958e-06	-0.166018532866	0.211937922157	-0.0459171526933	0.0	-0.460400733101
	 Inner loop 2	366.165075377	0.023707526774	1.73412770255e-10	-0.166026363838	0.211944060916	-0.0459176969039	0.0	-0.460376834835
	 Inner loop 2	366.165075377	0.023707526776	1.7078152087e-10	-0.166026363848	0.211944060923	-0.0459176969045	0.0	-0.460376834806
Outer loop 	114	0.0237075269048	-0.460376832981
	 Inner loop 2	366.717839196	0.0174555226466	0.00342760859733	-0.141763371737	0.188985430824	-0.0437944504899	0.0	-0.546287394515
	 Inner loop 2	366.717839196	0.0174962828198	0.00334101971494	-0.141990108251	0.18914046573	-0.0438093377641	0.0	-0.545728041216
	 Inner loop 2	366.717839196	0.019052311191	0.000247182633925	-0.150408055222	0.195024327615	-0.0443690897591	0.0	-0.524307603675
	 Inner loop 2	366.717839196	0.019055224801	0.000241756323127	-0.150423403739	0.195035282277	-0.0443701222145	0.0	-0.524267363866
	 Inner loop 2	366.717839196	0.0191849176513	1.529700947e-06	-0.151105119415	0.195522669476	-0.0444160203601	0.0	-0.522475650932
	 Inner loop 2	366.717839196	0.0191849356687	1.49650556366e-06	-0.15110521392	0.195522737154	-0.0444160267284	0.0	-0.522475401949
	 Inner loop 2	366.717839196	0.0191857479192	5.94820998012e-11	-0.151109474275	0.195525788152	-0.0444163138172	0.0	-0.522464177401
	 Inner loop 2	366.717839196	0.0191857479199	5.81909867514e-11	-0.151109474279	0.195525788154	-0.0444163138174	0.0	-0.522464177392
Outer loop 	115	0.0191857479514	-0.522464176955
	 Inner loop 2	367.270603015	0.0146978471312	0.00271483894262	-0.133219000621	0.178728230348	-0.0427943907846	0.0	-0.582759242928
	 Inner loop 2	367.270603015	0.0147306228712	0.00262717731115	-0.133421232554	0.178855374549	-0.0428069646843	0.0	-0.582313313526
	 Inner loop 2	367.270603015	0.0157067615594	0.00013476715107	-0.13931419593	0.18262691857	-0.0431779554889	0.0	-0.569017157501
	 Inner loop 2	367.270603015	0.0157083810314	0.000130814578355	-0.139323771865	0.182633151848	-0.0431785654045	0.0	-0.568995071434
	 Inner loop 2	367.270603015	0.0157619604939	3.72305496009e-07	-0.139640226713	0.182839332819	-0.043198733801	0.0	-0.56826430978
	 Inner loop 2	367.270603015	0.0157619649666	3.61442771608e-07	-0.139640253101	0.182839350027	-0.0431987354838	0.0	-0.568264248773
	 Inner loop 2	367.270603015	0.015762113791	2.85591689186e-12	-0.139641131125	0.182839922604	-0.0431987914762	0.0	-0.568262218833
	 Inner loop 2	367.270603015	0.015762113791	2.77237260926e-12	-0.139641131125	0.182839922604	-0.0431987914763	0.0	-0.568262218833
Outer loop 	116	0.0157621137921	-0.568262218817
	 Inner loop 2	367.823366834	0.0123677354448	0.00230041715121	-0.125739755256	0.169956832125	-0.0419166597186	0.0	-0.613179904129
	 Inner loop 2	367.823366834	0.0123957945499	0.00220680820579	-0.125933019986	0.170067706946	-0.0419278787542	0.0	-0.612799432931
	 Inner loop 2	367.823366834	0.0130547744737	8.53826282936e-05	-0.130388557623	0.172663591588	-0.0421896513368	0.0	-0.603862621443
	 Inner loop 2	367.823366834	0.0130558135628	8.21501614938e-05	-0.130395461127	0.172667672821	-0.0421900615331	0.0	-0.603848526835
	 Inner loop 2	367.823366834	0.0130822169473	1.27695517105e-07	-0.130570755329	0.172771365003	-0.0422004819784	0.0	-0.60349037703
	 Inner loop 2	367.823366834	0.0130822185011	1.22874872457e-07	-0.130570765638	0.172771371105	-0.0422004825915	0.0	-0.603490355952
	 Inner loop 2	367.823366834	0.0130822581084	2.9709568139e-13	-0.130571028414	0.172771526633	-0.0422004982191	0.0	-0.603489818692
	 Inner loop 2	367.823366834	0.0130822581084	2.85993451143e-13	-0.130571028414	0.172771526633	-0.0422004982191	0.0	-0.603489818692
Outer loop 	117	0.0130822581085	-0.603489818691
	 Inner loop 2	368.376130653	0.010428884147	0.00204954205855	-0.119376704404	0.16259067266	-0.0411644261977	0.0	-0.638239911909
	 Inner loop 2	368.376130653	0.0104540223086	0.00194594450478	-0.119571014424	0.162691802965	-0.0411748440359	0.0	-0.637898670426
	 Inner loop 2	368.376130653	0.0109251424908	6.07990256023e-05	-0.12315215471	0.164582062814	-0.0413691090781	0.0	-0.63150635266
	 Inner loop 2	368.376130653	0.0109258876648	5.78994910162e-05	-0.123157730819	0.164585045203	-0.041369414893	0.0	-0.631496245803
	 Inner loop 2	368.376130653	0.0109407666025	5.70215358056e-08	-0.123269012739	0.164644589929	-0.0413755201678	0.0	-0.631294443779
	 Inner loop 2	368.376130653	0.0109407673014	5.43070583781e-08	-0.123269017964	0.164644592725	-0.0413755204545	0.0	-0.631294434301
	 Inner loop 2	368.376130653	0.010940781283	5.054984209e-14	-0.123269122484	0.164644648675	-0.0413755261908	0.0	-0.631294244671
	 Inner loop 2	368.376130653	0.010940781283	4.81489847992e-14	-0.123269122484	0.164644648675	-0.0413755261908	0.0	-0.631294244671
Outer loop 	118	0.010940781283	-0.631294244671
	 Inner loop 2	368.928894472	0.00882395739166	0.00188302472386	-0.114039537158	0.156449797149	-0.0405272352668	0.0	-0.658822533836
	 Inner loop 2	368.928894472	0.00884707794251	0.00176630159906	-0.114241078141	0.156544510549	-0.0405371308087	0.0	-0.658507093848
	 Inner loop 2	368.928894472	0.00919652966517	4.66970214147e-05	-0.117239735816	0.157972503042	-0.0406860702036	0.0	-0.653743707192
	 Inner loop 2	368.928894472	0.00919710326033	4.39412500505e-05	-0.11724458665	0.157974841623	-0.0406863137231	0.0	-0.653735894718
	 Inner loop 2	368.928894472	0.00920624902726	3.0254965748e-08	-0.11732190074	0.158012127131	-0.0406901961367	0.0	-0.653611330256
	 Inner loop 2	368.928894472	0.0092062493989	2.8471759686e-08	-0.11732190388	0.158012128646	-0.0406901962944	0.0	-0.653611325195
	 Inner loop 2	368.928894472	0.00920625533264	1.85892967686e-14	-0.117321954023	0.158012152836	-0.040690198813	0.0	-0.653611244379
	 Inner loop 2	368.928894472	0.00920625533264	1.78190795452e-14	-0.117321954023	0.158012152836	-0.040690198813	0.0	-0.653611244379
Outer loop 	119	0.00920625533265	-0.653611244379
	 Inner loop 2	369.481658291	0.0074950806292	0.00176417308396	-0.109582808496	0.151336938578	-0.0399899569983	0.0	-0.675761368451
	 Inner loop 2	369.481658291	0.00751667207053	0.0016314979917	-0.109796100728	0.15142708028	-0.0399994815595	0.0	-0.675464218083
	 Inner loop 2	369.481658291	0.00778208015747	3.77050268144e-05	-0.11237861226	0.152532442589	-0.0401161253018	0.0	-0.671816140196
	 Inner loop 2	369.481658291	0.00778254223105	3.49884683268e-05	-0.112383046621	0.152534362776	-0.0401163276865	0.0	-0.671809796006
	 Inner loop 2	369.481658291	0.00778849353912	1.80054381821e-08	-0.112440140555	0.152559092663	-0.0401189341023	0.0	-0.671728087701
	 Inner loop 2	369.481658291	0.00778849375978	1.67094137069e-08	-0.112440142672	0.15255909358	-0.0401189341989	0.0	-0.671728084672
	 Inner loop 2	369.481658291	0.00778849660474	1.79856129989e-14	-0.112440169956	0.152559105401	-0.0401189354448	0.0	-0.671728045613
	 Inner loop 2	369.481658291	0.00778849660474	1.73958070171e-14	-0.112440169956	0.152559105401	-0.0401189354448	0.0	-0.671728045613
Outer loop 	120	0.00778849660474	-0.671728045613
	 Inner loop 2	370.034422111	0.00639310354992	0.0016743899162	-0.10586618661	0.147078476058	-0.0395378995323	0.0	-0.689740763584
	 Inner loop 2	370.034422111	0.0064134434074	0.00152297121548	-0.106095032709	0.147165144457	-0.0395471405325	0.0	-0.689457377515
	 Inner loop 2	370.034422111	0.0066180821744	3.14896915124e-05	-0.108363674662	0.148034955089	-0.0396397907351	0.0	-0.686610744145
	 Inner loop 2	370.034422111	0.00661846551115	2.87489302737e-05	-0.108367868166	0.148036580844	-0.0396399637478	0.0	-0.686605419171
	 Inner loop 2	370.034422111	0.00662248649783	1.15808800397e-08	-0.108411843289	0.148053633304	-0.0396417784335	0.0	-0.686549564808
	 Inner loop 2	370.034422111	0.00662248663881	1.05736623207e-08	-0.108411844831	0.148053633902	-0.0396417784971	0.0	-0.68654956285
	 Inner loop 2	370.034422111	0.00662248811885	3.63598040565e-15	-0.108411861013	0.148053640178	-0.039641779165	0.0	-0.686549542292
	 Inner loop 2	370.034422111	0.00662248811885	3.56659146661e-15	-0.108411861013	0.148053640178	-0.039641779165	0.0	-0.686549542292
Outer loop 	121	0.00662248811885	-0.686549542292
	 Inner loop 2	370.58718593	0.00547805728038	0.00160318882616	-0.102768723376	0.143530024177	-0.0391581119748	0.0	-0.701304597131
	 Inner loop 2	370.58718593	0.00549730322585	0.00143016061128	-0.103016616483	0.143613898169	-0.0391671210747	0.0	-0.701032126758
	 Inner loop 2	370.58718593	0.00565652145204	2.69000882243e-05	-0.105037666869	0.144305965429	-0.0392413984724	0.0	-0.698782325256
	 Inner loop 2	370.58718593	0.00565684531094	2.40957450946e-05	-0.105041725069	0.144307369918	-0.0392415491043	0.0	-0.698777756622
	 Inner loop 2	370.58718593	0.00565962804042	7.84443576762e-09	-0.105076586171	0.144319437337	-0.0392428433216	0.0	-0.69873850226
	 Inner loop 2	370.58718593	0.00565962813486	7.02713830181e-09	-0.105076587354	0.144319437747	-0.0392428433655	0.0	-0.698738500928
	 Inner loop 2	370.58718593	0.00565962894691	-4.20496970577e-15	-0.105076597525	0.144319441268	-0.0392428437431	0.0	-0.698738489473
	 Inner loop 2	370.58718593	0.00565962894691	-4.92661467177e-15	-0.105076597525	0.144319441268	-0.0392428437431	0.0	-0.698738489473
Outer loop 	122	0.00565962894691	-0.698738489473
	 Inner loop 2	371.139949749	0.00471768285633	0.00154402808773	-0.100189588691	0.140573137825	-0.0388395210463	0.0	-0.710884290892
	 Inner loop 2	371.139949749	0.00473591708126	0.00134643519735	-0.100459870848	0.140654633427	-0.0388483273813	0.0	-0.710620930415
	 Inner loop 2	371.139949749	0.00486034769332	2.33083267682e-05	-0.102277678961	0.14120920252	-0.0389082152319	0.0	-0.70882779341
	 Inner loop 2	371.139949749	0.00486062394863	2.04186099463e-05	-0.102281664383	0.141210430791	-0.0389083477985	0.0	-0.708823819998
	 Inner loop 2	371.139949749	0.00486257599696	5.48614773749e-09	-0.102309819553	0.141219109518	-0.038909284479	0.0	-0.708795744404
	 Inner loop 2	371.139949749	0.00486257606198	4.80631992539e-09	-0.10230982049	0.141219109807	-0.0389092845102	0.0	-0.708795743469
	 Inner loop 2	371.139949749	0.00486257652171	-4.0800696155e-15	-0.10230982712	0.141219111851	-0.0389092847308	0.0	-0.708795736857
	 Inner loop 2	371.139949749	0.00486257652171	-3.899658374e-15	-0.10230982712	0.141219111851	-0.0389092847308	0.0	-0.708795736857
Outer loop 	123	0.00486257652171	-0.708795736857
	 Inner loop 2	371.692713568	0.00408584483291	0.00149242516946	-0.0980454641925	0.138110637018	-0.0385727476561	0.0	-0.71882461471
	 Inner loop 2	371.692713568	0.0041030977408	0.00126727952004	-0.0983413432188	0.138189987131	-0.0385813643917	0.0	-0.718569272721
	 Inner loop 2	371.692713568	0.00420040171219	2.03443116095e-05	-0.0999860088103	0.138636140717	-0.0386297875947	0.0	-0.717132945781
	 Inner loop 2	371.692713568	0.00420063792454	1.7363419726e-05	-0.0999899528041	0.138637221017	-0.0386299047929	0.0	-0.717129466585
	 Inner loop 2	371.692713568	0.00420201387574	3.89658873917e-09	-0.100012922226	0.138643513568	-0.038630587446	0.0	-0.717109200772
	 Inner loop 2	371.692713568	0.00420201392099	3.32588390856e-09	-0.100012922981	0.138643513775	-0.0386305874684	0.0	-0.717109200106
	 Inner loop 2	371.692713568	0.00420201418466	0.0	-0.100012927382	0.138643514981	-0.0386305875992	0.0	-0.717109196222
	 Inner loop 2	371.692713568	0.00420201418466	-6.31439345256e-16	-0.100012927382	0.138643514981	-0.0386305875992	0.0	-0.717109196222
Outer loop 	124	0.00420201418466	-0.717109196222
	 Inner loop 2	372.245477387	0.00356121361611	0.0014450380775	-0.0962675074852	0.136062406026	-0.0383498604633	0.0	-0.725403837922
	 Inner loop 2	372.245477387	0.00357747800717	0.00118944448472	-0.0965919705437	0.136139703203	-0.0383582881745	0.0	-0.725155957361
	 Inner loop 2	372.245477387	0.00365335775904	1.77780896007e-05	-0.0980838709585	0.136499106194	-0.0383974571455	0.0	-0.724002986286
	 Inner loop 2	372.245477387	0.00365355888283	1.47169414154e-05	-0.0980877786183	0.136500056204	-0.0383975606444	0.0	-0.72399993772
	 Inner loop 2	372.245477387	0.00365452584583	2.76927791809e-09	-0.0981065624833	0.136504623476	-0.038398058223	0.0	-0.723985281363
	 Inner loop 2	372.245477387	0.00365452587716	2.29260627149e-09	-0.0981065630919	0.136504623624	-0.0383980582391	0.0	-0.723985280889
	 Inner loop 2	372.245477387	0.00365452602785	-2.23432383706e-15	-0.0981065660187	0.136504624335	-0.0383980583166	0.0	-0.723985278605
	 Inner loop 2	372.245477387	0.00365452602785	-1.37390099297e-15	-0.0981065660187	0.136504624335	-0.0383980583166	0.0	-0.723985278605
Outer loop 	125	0.00365452602785	-0.723985278605
	 Inner loop 2	372.798241206	0.00312624233595	0.00139919564606	-0.0947986543831	0.134361993043	-0.0381641430138	0.0	-0.730848808448
	 Inner loop 2	372.798241206	0.00314148336839	0.001110552763	-0.0951542895142	0.134437213798	-0.0381723715207	0.0	-0.730608261947
	 Inner loop 2	372.798241206	0.00320030355665	1.54639597605e-05	-0.0965069645406	0.134726426224	-0.0382039977234	0.0	-0.729683121506
	 Inner loop 2	372.798241206	0.00320047299627	1.23517391996e-05	-0.0965108166217	0.134727256895	-0.0382040885342	0.0	-0.729680463702
	 Inner loop 2	372.798241206	0.00320114548841	1.94167896345e-09	-0.0965261027462	0.134730553626	-0.0382044489384	0.0	-0.729669915491
	 Inner loop 2	372.798241206	0.00320114550969	1.55101256838e-09	-0.0965261032297	0.134730553731	-0.0382044489498	0.0	-0.729669915158
	 Inner loop 2	372.798241206	0.00320114559416	-2.35922392733e-15	-0.0965261051496	0.134730554145	-0.038204448995	0.0	-0.729669913833
	 Inner loop 2	372.798241206	0.00320114559416	-8.39606162373e-16	-0.0965261051496	0.134730554145	-0.038204448995	0.0	-0.729669913833
Outer loop 	126	0.00320114559416	-0.729669913833
	 Inner loop 2	373.351005025	0.00276638681734	0.00135265806402	-0.0935913923482	0.132953944273	-0.0380098938609	0.0	-0.735346150756
	 Inner loop 2	373.351005025	0.00278055049476	0.00102893926525	-0.0939801218728	0.133026964513	-0.0380179033747	0.0	-0.735113173862
	 Inner loop 2	373.351005025	0.00282573384303	1.33127669338e-05	-0.0952022796868	0.13325893273	-0.0380433402758	0.0	-0.73437287905
	 Inner loop 2	373.351005025	0.00282587417554	1.01979562067e-05	-0.0952060339603	0.13325965093	-0.0380434190138	0.0	-0.734370586581
	 Inner loop 2	373.351005025	0.00282633364339	1.32440200473e-09	-0.0952183241958	0.133262002322	-0.0380436768015	0.0	-0.734363081011
	 Inner loop 2	373.351005025	0.00282633365735	1.01460023716e-09	-0.0952183245692	0.133262002393	-0.0380436768094	0.0	-0.734363080783
	 Inner loop 2	373.351005025	0.00282633370308	-3.64985819346e-15	-0.0952183257921	0.133262002627	-0.038043676835	0.0	-0.734363080036
	 Inner loop 2	373.351005025	0.00282633370308	-2.78249645547e-15	-0.0952183257921	0.133262002627	-0.038043676835	0.0	-0.734363080036
Outer loop 	127	0.00282633370308	-0.734363080036
	 Inner loop 2	373.903768844	0.00246951149977	0.00130350956753	-0.0926059591671	0.131791729577	-0.0378822608427	0.0	-0.739050623824
	 Inner loop 2	373.903768844	0.0024825331919	0.000943620105548	-0.0930286937383	0.131862336773	-0.0378900229295	0.0	-0.738825764488
	 Inner loop 2	373.903768844	0.00251682014578	1.12775808103e-05	-0.0941257489085	0.132047387734	-0.037910361245	0.0	-0.738236321832
	 Inner loop 2	373.903768844	0.00251693365005	8.22708005636e-06	-0.0941293428817	0.1320479983	-0.0379104283382	0.0	-0.73823437671
	 Inner loop 2	373.903768844	0.00251723977764	8.66383451092e-10	-0.0941390348138	0.132049644965	-0.0379106092851	0.0	-0.738229130804
	 Inner loop 2	373.903768844	0.00251723978636	6.32075509988e-10	-0.0941390350899	0.132049645012	-0.0379106092903	0.0	-0.738229130655
	 Inner loop 2	373.903768844	0.00251723980989	3.40005801291e-16	-0.0941390358346	0.132049645139	-0.0379106093042	0.0	-0.738229130251
	 Inner loop 2	373.903768844	0.00251723980989	1.52655665886e-16	-0.0941390358346	0.132049645139	-0.0379106093042	0.0	-0.738229130251
Outer loop 	128	0.00251723980989	-0.738229130251
	 Inner loop 2	374.456532663	0.0022254343205	0.00125013620117	-0.0918088832013	0.130836124739	-0.037777105336	0.0	-0.742091422085
	 Inner loop 2	374.456532663	0.00223724805469	0.000854326161384	-0.092265120365	0.130904030576	-0.0377845840499	0.0	-0.741875492445
	 Inner loop 2	374.456532663	0.00226286999743	9.34524319057e-06	-0.0932404886818	0.131050551577	-0.0378007176524	0.0	-0.741409500636
	 Inner loop 2	374.456532663	0.00226295903835	6.44021804997e-06	-0.0932438452652	0.131051059001	-0.0378007735177	0.0	-0.741407886652
	 Inner loop 2	374.456532663	0.00226315644227	5.35651425992e-10	-0.0932512860153	0.131052183917	-0.037800897366	0.0	-0.741404308577
	 Inner loop 2	374.456532663	0.00226315644737	3.69163956349e-10	-0.0932512862077	0.131052183946	-0.0378008973693	0.0	-0.741404308485
	 Inner loop 2	374.456532663	0.00226315645869	9.85322934355e-16	-0.0932512866343	0.131052184011	-0.0378008973764	0.0	-0.74140430828
	 Inner loop 2	374.456532663	0.00226315645869	7.2858385991e-16	-0.0932512866343	0.131052184011	-0.0378008973764	0.0	-0.74140430828
Outer loop 	129	0.00226315645869	-0.74140430828
	 Inner loop 2	375.009296482	0.0020255749722	0.00119126231322	-0.0911717877636	0.130053941385	-0.0376908913079	0.0	-0.744576982673
	 Inner loop 2	375.009296482	0.00203612358725	0.000761550374891	-0.0916592024279	0.130118797554	-0.0376980447509	0.0	-0.744371003391
	 Inner loop 2	375.009296482	0.00205491905094	7.52936678396e-06	-0.0925154623848	0.130233708711	-0.0377107169594	0.0	-0.744006001309
	 Inner loop 2	375.009296482	0.00205498631917	4.85696446972e-06	-0.0925184994	0.130234118511	-0.0377107621465	0.0	-0.744004699509
	 Inner loop 2	375.009296482	0.00205510858011	3.08334857646e-10	-0.0925240187217	0.130234863302	-0.0377108442717	0.0	-0.744002333552
	 Inner loop 2	375.009296482	0.00205510858286	1.98908549354e-10	-0.0925240188461	0.130234863319	-0.0377108442736	0.0	-0.744002333498
Outer loop 	130	0.00205510858787	-0.744002333402
	 Inner loop 2	375.562060302	0.00186268024439	0.00112602540093	-0.0906704012836	0.12941702107	-0.0376205943853	0.0	-0.746598699591
	 Inner loop 2	375.562060302	0.00187192585359	0.000666560112932	-0.0911845029715	0.129478439948	-0.037627376864	0.0	-0.7464038304
	 Inner loop 2	375.562060302	0.00188541826394	5.86211065572e-06	-0.0919244499005	0.129567525149	-0.037637213138	0.0	-0.746121148833
	 Inner loop 2	375.562060302	0.00188546685399	3.50336741522e-06	-0.0919270930255	0.129567844825	-0.0376372484318	0.0	-0.746120134381
	 Inner loop 2	375.562060302	0.00188553902546	1.62750347921e-10	-0.091931018613	0.129568319628	-0.0376373008524	0.0	-0.746118627649
	 Inner loop 2	375.562060302	0.00188553902681	9.7269213517e-11	-0.0919310186863	0.129568319637	-0.0376373008534	0.0	-0.746118627621
Outer loop 	131	0.00188553902882	-0.746118627579
	 Inner loop 2	376.114824121	0.00173060708318	0.00105406716162	-0.0902837366106	0.128901430698	-0.0375636269257	0.0	-0.748233830313
	 Inner loop 2	376.114824121	0.00173854068054	0.000571329213982	-0.0908176906128	0.128959011587	-0.0375699917606	0.0	-0.748051284185
	 Inner loop 2	376.114824121	0.00174799024578	4.38366796443e-06	-0.0914452436743	0.129027150056	-0.0375775227133	0.0	-0.747835246918
	 Inner loop 2	376.114824121	0.00174802356653	2.39967840867e-06	-0.091447440631	0.129027389484	-0.0375775491742	0.0	-0.747834487757
	 Inner loop 2	376.114824121	0.00174806386976	7.76006620073e-11	-0.09145009782	0.129027679077	-0.0375775811792	0.0	-0.747833569535
	 Inner loop 2	376.114824121	0.00174806387035	4.24817681033e-11	-0.0914500978589	0.129027679081	-0.0375775811797	0.0	-0.747833569521
Outer loop 	132	0.00174806387106	-0.747833569505
	 Inner loop 2	376.66758794	0.00162414901367	0.000975613936605	-0.0899934224808	0.128486812261	-0.0375177758435	0.0	-0.749547799671
	 Inner loop 2	376.66758794	0.00163079762571	0.000478357951141	-0.0905381357343	0.128540172424	-0.0375236787383	0.0	-0.749378742597
	 Inner loop 2	376.66758794	0.00163723668021	3.13024529697e-06	-0.0910590130785	0.128591499492	-0.0375293561685	0.0	-0.749216113774
	 Inner loop 2	376.66758794	0.00163725822704	1.55030946095e-06	-0.0910607452648	0.128591670677	-0.0375293751028	0.0	-0.749215571357
	 Inner loop 2	376.66758794	0.00163727937028	3.29488381023e-11	-0.0910624449367	0.128591838652	-0.037529393682	0.0	-0.749215039112
	 Inner loop 2	376.66758794	0.00163727937051	1.63178984214e-11	-0.0910624449549	0.128591838654	-0.0375293936822	0.0	-0.749215039106
Outer loop 	133	0.00163727937073	-0.7492150391
	 Inner loop 2	377.220351759	0.00153889519871	0.000891516834046	-0.0897831841879	0.128155851639	-0.0374811506173	0.0	-0.750596049418
	 Inner loop 2	377.220351759	0.00154432494868	0.000390377728719	-0.0903277287556	0.128204659803	-0.0374865533189	0.0	-0.750441492936
	 Inner loop 2	377.220351759	0.00154858399507	2.12302735382e-06	-0.090749793466	0.128242677779	-0.0374907612854	0.0	-0.750321096802
	 Inner loop 2	377.220351759	0.0015485970546	9.38944571038e-07	-0.0907510809058	0.128242793999	-0.0374907741486	0.0	-0.750320728742
	 Inner loop 2	377.220351759	0.00154860741062	1.2294130991e-11	-0.0907521017973	0.128242886158	-0.0374907843487	0.0	-0.750320436881
	 Inner loop 2	377.220351759	0.00154860741069	5.43769890227e-12	-0.0907521018047	0.128242886159	-0.0374907843488	0.0	-0.750320436879
Outer loop 	134	0.00154860741075	-0.750320436878
	 Inner loop 2	377.773115578	0.00147111411103	0.000803225145018	-0.0896384753402	0.127893839933	-0.0374521394478	0.0	-0.751425541926
	 Inner loop 2	377.773115578	0.00147542808434	0.000309977355121	-0.090170857876	0.127937848507	-0.0374570132756	0.0	-0.75128624007
	 Inner loop 2	377.773115578	0.00147815805924	1.36134921584e-06	-0.0905040668475	0.127965504042	-0.0374600758448	0.0	-0.751198696274
	 Inner loop 2	377.773115578	0.00147816544148	5.30449945205e-07	-0.0905049640715	0.127965578625	-0.037460084104	0.0	-0.751198460173
	 Inner loop 2	377.773115578	0.0014781701544	3.98747007635e-12	-0.0905055368594	0.12796562624	-0.0374600893767	0.0	-0.751198309445
	 Inner loop 2	377.773115578	0.00147817015442	1.55282037229e-12	-0.090505536862	0.12796562624	-0.0374600893767	0.0	-0.751198309445
Outer loop 	135	0.00147817015444	-0.751198309444
	 Inner loop 2	378.325879397	0.00141765589924	0.00071267881694	-0.0895462564718	0.127688307266	-0.0374293719769	0.0	-0.752075998049
	 Inner loop 2	378.325879397	0.00142098674935	0.000239225651844	-0.090054452382	0.127727378748	-0.0374337007138	0.0	-0.751952362869
	 Inner loop 2	378.325879397	0.00142268119481	8.22330776355e-07	-0.0903104100729	0.127747120151	-0.0374358877479	0.0	-0.751889891702
	 Inner loop 2	378.325879397	0.00142268507305	2.78540863097e-07	-0.0903109939499	0.127747165233	-0.0374358927421	0.0	-0.751889749041
	 Inner loop 2	378.325879397	0.00142268705959	1.11478881681e-12	-0.0903112930231	0.127747188324	-0.0374358953002	0.0	-0.751889675967
	 Inner loop 2	378.325879397	0.0014226870596	3.7764930072e-13	-0.0903112930239	0.127747188324	-0.0374358953002	0.0	-0.751889675967
Outer loop 	136	0.0014226870596	-0.751889675967
	 Inner loop 2	378.878643216	0.00137586921971	0.00062212540023	-0.0894949010941	0.12752871381	-0.0374116873157	0.0	-0.752580928714
	 Inner loop 2	378.878643216	0.00137836773878	0.000179381955868	-0.0899679862469	0.127562837196	-0.0374154689935	0.0	-0.752472977523
	 Inner loop 2	378.878643216	0.00137938654225	4.6679237193e-07	-0.0901591945211	0.127576662398	-0.0374170010842	0.0	-0.752429239155
	 Inner loop 2	378.878643216	0.00137938843246	1.35708131829e-07	-0.090159548371	0.127576688001	-0.0374170039215	0.0	-0.752429158155
	 Inner loop 2	378.878643216	0.00137938920724	2.66869859544e-13	-0.0901596934102	0.127576698495	-0.0374170050844	0.0	-0.752429124954
	 Inner loop 2	378.878643216	0.00137938920724	7.73964226042e-14	-0.0901596934104	0.127576698495	-0.0374170050844	0.0	-0.752429124954
Outer loop 	137	0.00137938920724	-0.752429124954
	 Inner loop 2	379.431407035	0.00134352965188	0.00053388822742	-0.0894741917678	0.127406186398	-0.0373981064024	0.0	-0.752968504827
	 Inner loop 2	379.431407035	0.00134535156621	0.000130768362718	-0.0899033588388	0.12743548088	-0.0374013536785	0.0	-0.752875847688
	 Inner loop 2	379.431407035	0.00134594604735	2.4871328775e-07	-0.0900423279281	0.127444983659	-0.0374024070179	0.0	-0.752845789938
	 Inner loop 2	379.431407035	0.0013459469023	6.13639975777e-08	-0.0900425274114	0.127444997306	-0.0374024085306	0.0	-0.752845746773
	 Inner loop 2	379.431407035	0.00134594718232	5.58789126082e-14	-0.0900425927498	0.127445001776	-0.0374024090261	0.0	-0.752845732634
	 Inner loop 2	379.431407035	0.00134594718233	1.3433698598e-14	-0.0900425927498	0.127445001776	-0.0374024090261	0.0	-0.752845732634
Outer loop 	138	0.00134594718233	-0.752845732634
	 Inner loop 2	379.984170854	0.00131877780267	0.000450127495815	-0.0894753563677	0.127313291782	-0.0373878079187	0.0	-0.753262299164
	 Inner loop 2	379.984170854	0.00132007140332	9.28286468833e-05	-0.089854621693	0.12733799734	-0.0373905470002	0.0	-0.753184167851
	 Inner loop 2	379.984170854	0.00132040922604	1.24403522449e-07	-0.0899530329775	0.12734441599	-0.0373912586091	0.0	-0.753163868395
	 Inner loop 2	379.984170854	0.00132040958579	2.58153087032e-08	-0.0899531376366	0.127344422818	-0.0373912593661	0.0	-0.753163846801
	 Inner loop 2	379.984170854	0.00132040967999	9.68669588985e-15	-0.0899531650416	0.127344424606	-0.0373912595643	0.0	-0.753163841146
	 Inner loop 2	379.984170854	0.00132040967999	2.43555176027e-15	-0.0899531650416	0.127344424606	-0.0373912595643	0.0	-0.753163841146
Outer loop 	139	0.00132040967999	-0.753163841146
	 Inner loop 2	380.536934673	0.0013000658255	0.000372638260655	-0.0894910942796	0.127243839699	-0.0373801071591	0.0	-0.753481925698
	 Inner loop 2	380.536934673	0.00130096257134	6.43399785211e-05	-0.0898175811388	0.127264296617	-0.0373823754997	0.0	-0.753417237711
	 Inner loop 2	380.536934673	0.00130115053374	5.84909835011e-08	-0.0898856584829	0.127268565852	-0.0373828488777	0.0	-0.753403737468
	 Inner loop 2	380.536934673	0.00130115067522	1.01507835332e-08	-0.089885709678	0.127268569063	-0.0373828492338	0.0	-0.753403727314
	 Inner loop 2	380.536934673	0.00130115070493	5.75928194024e-16	-0.0898857204283	0.127268569737	-0.0373828493085	0.0	-0.753403725182
	 Inner loop 2	380.536934673	0.00130115070493	1.31838984174e-16	-0.0898857204283	0.127268569737	-0.0373828493085	0.0	-0.753403725182
Outer loop 	140	0.00130115070493	-0.753403725182
	 Inner loop 2	381.089698492	0.00128611138056	0.000302718578334	-0.0895155545121	0.127192710469	-0.037374437379	0.0	-0.753643595606
	 Inner loop 2	381.089698492	0.00128672055714	4.37021084578e-05	-0.0897893489591	0.127209331648	-0.03737628058	0.0	-0.753591041045
	 Inner loop 2	381.089698492	0.00128682370145	2.59059170921e-08	-0.0898355185602	0.127212136032	-0.0373765915658	0.0	-0.753582173722
	 Inner loop 2	381.089698492	0.00128682375379	3.75499036726e-09	-0.0898355419758	0.127212137454	-0.0373765917235	0.0	-0.753582169224
	 Inner loop 2	381.089698492	0.00128682376267	4.51028103754e-16	-0.0898355459452	0.127212137695	-0.0373765917503	0.0	-0.753582168462
	 Inner loop 2	381.089698492	0.00128682376267	-4.85722573274e-17	-0.0898355459452	0.127212137695	-0.0373765917503	0.0	-0.753582168462
Outer loop 	141	0.00128682376267	-0.753582168462
	 Inner loop 2	381.642462312	0.00127585817199	0.000241122542786	-0.0895442474121	0.127155703221	-0.0373703332659	0.0	-0.753760604215
	 Inner loop 2	381.642462312	0.00127626552711	2.92209252327e-05	-0.0897679213311	0.127168943955	-0.0373718016991	0.0	-0.753718740737
	 Inner loop 2	381.642462312	0.00127632185229	1.08349874489e-08	-0.0897987548113	0.127170769838	-0.0373720041915	0.0	-0.753712967745
	 Inner loop 2	381.642462312	0.00127632187065	1.31703008915e-09	-0.0897987648582	0.127170770433	-0.0373720042575	0.0	-0.753712965864
	 Inner loop 2	381.642462312	0.00127632187319	-6.80011602583e-16	-0.0897987662484	0.127170770515	-0.0373720042666	0.0	-0.753712965604
	 Inner loop 2	381.642462312	0.00127632187319	-5.48172618409e-16	-0.0897987662484	0.127170770515	-0.0373720042666	0.0	-0.753712965604
Outer loop 	142	0.00127632187319	-0.753712965604
	 Inner loop 2	382.195226131	0.00126844227039	0.000188094400977	-0.0895738913411	0.127129402028	-0.0373674162854	0.0	-0.753843758704
	 Inner loop 2	382.195226131	0.00126871170286	1.93260443936e-05	-0.0897518437429	0.127139731723	-0.0373685619356	0.0	-0.753811100483
	 Inner loop 2	382.195226131	0.00126874261617	4.28798404423e-09	-0.089772217189	0.127140914602	-0.0373686931255	0.0	-0.753807360675
	 Inner loop 2	382.195226131	0.00126874262233	4.41519938665e-10	-0.0897722212448	0.127140914838	-0.0373686931516	0.0	-0.75380735993
	 Inner loop 2	382.195226131	0.00126874262303	-1.45716771982e-16	-0.0897722217104	0.127140914865	-0.0373686931546	0.0	-0.753807359845
	 Inner loop 2	382.195226131	0.00126874262303	-4.4408920985e-16	-0.0897722217104	0.127140914865	-0.0373686931546	0.0	-0.753807359845
Outer loop 	143	0.00126874262303	-0.753807359845
	 Inner loop 2	382.74798995	0.00126316356952	0.00014346573634	-0.0896022110144	0.127111058534	-0.0373653817834	0.0	-0.753901751982
	 Inner loop 2	382.74798995	0.00126334060944	1.26982690881e-05	-0.0897399838514	0.127118937814	-0.0373662556937	0.0	-0.753876841696
	 Inner loop 2	382.74798995	0.00126335782353	1.60709197339e-09	-0.089753360777	0.127119702939	-0.0373663405548	0.0	-0.753874422744
	 Inner loop 2	382.74798995	0.00126335782552	1.42447532936e-10	-0.0897533623202	0.127119703027	-0.0373663405646	0.0	-0.753874422465
	 Inner loop 2	382.74798995	0.00126335782571	1.52655665886e-16	-0.0897533624702	0.127119703036	-0.0373663405656	0.0	-0.753874422437
	 Inner loop 2	382.74798995	0.00126335782571	3.88578058619e-16	-0.0897533624702	0.127119703036	-0.0373663405656	0.0	-0.753874422437
Outer loop 	144	0.00126335782571	-0.753874422437
	 Inner loop 2	383.300753769	0.00125946187947	0.000106785546045	-0.0896277174713	0.127098490863	-0.0373639878458	0.0	-0.753941483968
	 Inner loop 2	383.300753769	0.00125957779848	8.31407979037e-06	-0.0897314034386	0.127104355884	-0.0373646383661	0.0	-0.753922942126
	 Inner loop 2	383.300753769	0.00125958759367	5.70174428505e-10	-0.0897401572167	0.127104851077	-0.0373646932901	0.0	-0.753921376603
	 Inner loop 2	383.300753769	0.00125958759429	4.44316389236e-11	-0.0897401577703	0.127104851108	-0.0373646932936	0.0	-0.753921376504
Outer loop 	145	0.00125958759435	-0.753921376496
	 Inner loop 2	383.853517588	0.00125689707396	7.74388239429e-05	-0.0896495142358	0.127089999018	-0.0373630459581	0.0	-0.753968330034
	 Inner loop 2	383.853517588	0.00125697279523	5.43085053399e-06	-0.0897253037707	0.127094252346	-0.0373635177252	0.0	-0.753954883631
	 Inner loop 2	383.853517588	0.00125697850883	1.91443284836e-10	-0.0897310196362	0.127094573133	-0.0373635533059	0.0	-0.753953869496
	 Inner loop 2	383.853517588	0.00125697850901	1.34329630752e-11	-0.0897310198235	0.127094573144	-0.037363553307	0.0	-0.753953869463
Outer loop 	146	0.00125697850903	-0.753953869461
	 Inner loop 2	384.406281407	0.00125513217941	5.47053460866e-05	-0.0896671764622	0.127084295098	-0.0373624132897	0.0	-0.753986362176
	 Inner loop 2	384.406281407	0.00125518152021	3.53874779319e-06	-0.0897210145321	0.127087299852	-0.0373627465724	0.0	-0.753976863086
	 Inner loop 2	384.406281407	0.00125518493354	6.10218403585e-11	-0.0897247379816	0.127087507665	-0.0373627696226	0.0	-0.753976206115
	 Inner loop 2	384.406281407	0.0012551849336	3.94821675354e-12	-0.0897247380416	0.127087507669	-0.037362769623	0.0	-0.753976206104
Outer loop 	147	0.0012551849336	-0.753976206103
	 Inner loop 2	384.959045226	0.00125391769486	3.77488000889e-05	-0.0896807074302	0.127080442155	-0.0373619859244	0.0	-0.753998542628
	 Inner loop 2	384.959045226	0.00125394977129	2.30051431493e-06	-0.0897179991591	0.127082515581	-0.0373622159075	0.0	-0.753991987838
	 Inner loop 2	384.959045226	0.00125395185324	1.86506574074e-11	-0.0897204192902	0.127082650142	-0.0373622308329	0.0	-0.753991562446
	 Inner loop 2	384.959045226	0.00125395185326	1.13702103288e-12	-0.0897204193087	0.127082650143	-0.037362230833	0.0	-0.753991562442
Outer loop 	148	0.00125395185326	-0.753991562442
	 Inner loop 2	385.511809045	0.00125307570895	2.55992107421e-05	-0.089690501352	0.127077792599	-0.0373616920361	0.0	-0.754006918726
	 Inner loop 2	385.511809045	0.00125309655611	1.4951424791e-06	-0.0897158555561	0.127079198699	-0.0373618480007	0.0	-0.754002473595
	 Inner loop 2	385.511809045	0.00125309784931	5.56395901574e-12	-0.0897174282373	0.127079285918	-0.037361857675	0.0	-0.754002197869
	 Inner loop 2	385.511809045	0.00125309784931	3.25295346215e-13	-0.0897174282428	0.127079285918	-0.037361857675	0.0	-0.754002197868
Outer loop 	149	0.00125309784931	-0.754002197868
	 Inner loop 2	386.064572864	0.00125248378105	1.72079323737e-05	-0.0896972292386	0.127075921685	-0.0373614845137	0.0	-0.754012833266
	 Inner loop 2	386.064572864	0.00125249738458	9.75629894977e-07	-0.0897143018948	0.12707686688	-0.0373615893551	0.0	-0.754009845213
	 Inner loop 2	386.064572864	0.00125249820223	1.65765318139e-12	-0.0897153280319	0.12707692369	-0.0373615956566	0.0	-0.754009665618
	 Inner loop 2	386.064572864	0.00125249820223	9.54930579056e-14	-0.0897153280336	0.12707692369	-0.0373615956566	0.0	-0.754009665618
Outer loop 	150	0.00125249820223	-0.754009665618
	 Inner loop 2	386.617336683	0.0012509219515	-7.00397543238e-05	-0.0897832675759	0.127074561458	-0.0373613336365	0.0	-0.754017133355
	 Inner loop 2	386.617336683	0.00125087066842	-3.67791447654e-06	-0.0897134852605	0.127070714245	-0.0373609068991	0.0	-0.754029295513
	 Inner loop 2	386.617336683	0.00125086782622	7.98153210191e-13	-0.0897096177755	0.127070501025	-0.0373608832484	0.0	-0.754029969562
	 Inner loop 2	386.617336683	0.00125086782622	4.28546087505e-14	-0.0897096177763	0.127070501025	-0.0373608832484	0.0	-0.754029969562
Outer loop 	151	0.00125086782622	-0.754029969562
	 Inner loop 2	387.170100503	0.00125078221335	0.000110787704356	-0.0895931197952	0.127064078328	-0.0373601708282	0.0	-0.754050273409
	 Inner loop 2	387.170100503	0.00125086333057	5.81755813005e-06	-0.0897035003657	0.127070163763	-0.0373608458387	0.0	-0.754031035742
	 Inner loop 2	387.170100503	0.00125086782622	1.99849164995e-12	-0.0897096177743	0.127070501025	-0.0373608832484	0.0	-0.754029969563
	 Inner loop 2	387.170100503	0.00125086782622	1.06400999123e-13	-0.0897096177762	0.127070501025	-0.0373608832484	0.0	-0.754029969562
Outer loop 	152	0.00125086782622	-0.754029969562
	 Inner loop 2	387.722864322	0.00125086782622	-9.64506252643e-16	-0.0897096177764	0.127070501025	-0.0373608832484	0.0	-0.754029969562
	 Inner loop 2	387.722864322	0.00125086782622	9.02056207508e-17	-0.0897096177764	0.127070501025	-0.0373608832484	0.0	-0.754029969562
Outer loop 	153	0.00125086782622	-0.754029969562
	 Inner loop 2	388.275628141	0.00125086782622	6.45317133063e-16	-0.0897096177764	0.127070501025	-0.0373608832484	0.0	-0.754029969562
	 Inner loop 2	388.275628141	0.00125086782622	9.02056207508e-17	-0.0897096177764	0.127070501025	-0.0373608832484	0.0	-0.754029969562
Outer loop 	154	0.00125086782622	-0.754029969562
	 Inner loop 2	388.82839196	0.00125086782622	-1.87350135405e-16	-0.0897096177764	0.127070501025	-0.0373608832484	0.0	-0.754029969562
	 Inner loop 2	388.82839196	0.00125086782622	2.01227923213e-16	-0.0897096177764	0.127070501025	-0.0373608832484	0.0	-0.754029969562
Outer loop 	155	0.00125086782622	-0.754029969562
	 Inner loop 2	389.381155779	0.00125086782622	1.45716771982e-16	-0.0897096177764	0.127070501025	-0.0373608832484	0.0	-0.754029969562
	 Inner loop 2	389.381155779	0.00125086782622	-7.6327832943e-17	-0.0897096177764	0.127070501025	-0.0373608832484	0.0	-0.754029969562
Outer loop 	156	0.00125086782622	-0.754029969562
	 Inner loop 2	389.933919598	0.00125086782622	-1.87350135405e-16	-0.0897096177764	0.127070501025	-0.0373608832484	0.0	-0.754029969562
	 Inner loop 2	389.933919598	0.00125086782622	1.45716771982e-16	-0.0897096177764	0.127070501025	-0.0373608832484	0.0	-0.754029969562
Outer loop 	157	0.00125086782622	-0.754029969562
	 Inner loop 2	390.486683417	0.00125086782622	1.45716771982e-16	-0.0897096177764	0.127070501025	-0.0373608832484	0.0	-0.754029969562
	 Inner loop 2	390.486683417	0.00125086782622	-7.6327832943e-17	-0.0897096177764	0.127070501025	-0.0373608832484	0.0	-0.754029969562
Outer loop 	158	0.00125086782622	-0.754029969562
	 Inner loop 2	391.039447236	0.00125086782622	-7.6327832943e-17	-0.0897096177764	0.127070501025	-0.0373608832484	0.0	-0.754029969562
	 Inner loop 2	391.039447236	0.00125086782622	3.46944695195e-17	-0.0897096177764	0.127070501025	-0.0373608832484	0.0	-0.754029969562
Outer loop 	159	0.00125086782622	-0.754029969562
	 Inner loop 2	391.592211055	0.00125086782622	1.45716771982e-16	-0.0897096177764	0.127070501025	-0.0373608832484	0.0	-0.754029969562
	 Inner loop 2	391.592211055	0.00125086782622	-7.6327832943e-17	-0.0897096177764	0.127070501025	-0.0373608832484	0.0	-0.754029969562
Outer loop 	160	0.00125086782622	-0.754029969562
	 Inner loop 2	392.144974874	0.00125086782622	-7.6327832943e-17	-0.0897096177764	0.127070501025	-0.0373608832484	0.0	-0.754029969562
	 Inner loop 2	392.144974874	0.00125086782622	1.45716771982e-16	-0.0897096177764	0.127070501025	-0.0373608832484	0.0	-0.754029969562
Outer loop 	161	0.00125086782622	-0.754029969562
	 Inner loop 2	392.697738693	0.00125086782622	9.02056207508e-17	-0.0897096177764	0.127070501025	-0.0373608832484	0.0	-0.754029969562
	 Inner loop 2	392.697738693	0.00125086782622	-7.6327832943e-17	-0.0897096177764	0.127070501025	-0.0373608832484	0.0	-0.754029969562
Outer loop 	162	0.00125086782622	-0.754029969562
	 Inner loop 2	393.250502513	0.00125086782622	-7.6327832943e-17	-0.0897096177764	0.127070501025	-0.0373608832484	0.0	-0.754029969562
	 Inner loop 2	393.250502513	0.00125086782622	9.02056207508e-17	-0.0897096177764	0.127070501025	-0.0373608832484	0.0	-0.754029969562
Outer loop 	163	0.00125086782622	-0.754029969562
	 Inner loop 2	393.803266332	0.00125086782622	-1.31838984174e-16	-0.0897096177764	0.127070501025	-0.0373608832484	0.0	-0.754029969562
	 Inner loop 2	393.803266332	0.00125086782622	3.46944695195e-17	-0.0897096177764	0.127070501025	-0.0373608832484	0.0	-0.754029969562
Outer loop 	164	0.00125086782622	-0.754029969562
	 Inner loop 2	394.356030151	0.00125086782622	2.01227923213e-16	-0.0897096177764	0.127070501025	-0.0373608832484	0.0	-0.754029969562
	 Inner loop 2	394.356030151	0.00125086782622	-1.31838984174e-16	-0.0897096177764	0.127070501025	-0.0373608832484	0.0	-0.754029969562
Outer loop 	165	0.00125086782622	-0.754029969562
	 Inner loop 2	394.90879397	0.00125086782622	9.02056207508e-17	-0.0897096177764	0.127070501025	-0.0373608832484	0.0	-0.754029969562
	 Inner loop 2	394.90879397	0.00125086782622	-1.87350135405e-16	-0.0897096177764	0.127070501025	-0.0373608832484	0.0	-0.754029969562
Outer loop 	166	0.00125086782622	-0.754029969562
	 Inner loop 2	395.461557789	0.00125086782622	-1.87350135405e-16	-0.0897096177764	0.127070501025	-0.0373608832484	0.0	-0.754029969562
	 Inner loop 2	395.461557789	0.00125086782622	1.45716771982e-16	-0.0897096177764	0.127070501025	-0.0373608832484	0.0	-0.754029969562
Outer loop 	167	0.00125086782622	-0.754029969562
	 Inner loop 2	396.014321608	0.00125086782622	3.46944695195e-17	-0.0897096177764	0.127070501025	-0.0373608832484	0.0	-0.754029969562
	 Inner loop 2	396.014321608	0.00125086782622	1.45716771982e-16	-0.0897096177764	0.127070501025	-0.0373608832484	0.0	-0.754029969562
Outer loop 	168	0.00125086782622	-0.754029969562
	 Inner loop 2	396.567085427	0.00125086782622	1.45716771982e-16	-0.0897096177764	0.127070501025	-0.0373608832484	0.0	-0.754029969562
	 Inner loop 2	396.567085427	0.00125086782622	1.45716771982e-16	-0.0897096177764	0.127070501025	-0.0373608832484	0.0	-0.754029969562
Outer loop 	169	0.00125086782622	-0.754029969562
	 Inner loop 2	397.119849246	0.00125086782622	1.36696209907e-15	-0.0897096177764	0.127070501025	-0.0373608832484	0.0	-0.754029969562
	 Inner loop 2	397.119849246	0.00125086782622	-1.87350135405e-16	-0.0897096177764	0.127070501025	-0.0373608832484	0.0	-0.754029969562
Outer loop 	170	0.00125086782622	-0.754029969562
	 Inner loop 2	397.672613065	0.00125086782622	-7.42461647718e-16	-0.0897096177764	0.127070501025	-0.0373608832484	0.0	-0.754029969562
	 Inner loop 2	397.672613065	0.00125086782622	1.45716771982e-16	-0.0897096177764	0.127070501025	-0.0373608832484	0.0	-0.754029969562
Outer loop 	171	0.00125086782622	-0.754029969562
	 Inner loop 2	398.225376884	0.00125086782622	-1.31838984174e-16	-0.0897096177764	0.127070501025	-0.0373608832484	0.0	-0.754029969562
	 Inner loop 2	398.225376884	0.00125086782622	3.46944695195e-17	-0.0897096177764	0.127070501025	-0.0373608832484	0.0	-0.754029969562
Outer loop 	172	0.00125086782622	-0.754029969562
	 Inner loop 2	398.778140704	0.00125086782622	1.45716771982e-16	-0.0897096177764	0.127070501025	-0.0373608832484	0.0	-0.754029969562
	 Inner loop 2	398.778140704	0.00125086782622	-7.6327832943e-17	-0.0897096177764	0.127070501025	-0.0373608832484	0.0	-0.754029969562
Outer loop 	173	0.00125086782622	-0.754029969562
	 Inner loop 2	399.330904523	0.00125086782622	9.02056207508e-17	-0.0897096177764	0.127070501025	-0.0373608832484	0.0	-0.754029969562
	 Inner loop 2	399.330904523	0.00125086782622	-7.6327832943e-17	-0.0897096177764	0.127070501025	-0.0373608832484	0.0	-0.754029969562
Outer loop 	174	0.00125086782622	-0.754029969562
	 Inner loop 2	399.883668342	0.00125086782622	-1.31838984174e-16	-0.0897096177764	0.127070501025	-0.0373608832484	0.0	-0.754029969562
	 Inner loop 2	399.883668342	0.00125086782622	1.45716771982e-16	-0.0897096177764	0.127070501025	-0.0373608832484	0.0	-0.754029969562
Outer loop 	175	0.00125086782622	-0.754029969562
	 Inner loop 2	400.436432161	0.00125086782622	-1.31838984174e-16	-0.0897096177764	0.127070501025	-0.0373608832484	0.0	-0.754029969562
	 Inner loop 2	400.436432161	0.00125086782622	3.46944695195e-17	-0.0897096177764	0.127070501025	-0.0373608832484	0.0	-0.754029969562
Outer loop 	176	0.00125086782622	-0.754029969562
	 Inner loop 2	400.98919598	0.00125086782622	2.01227923213e-16	-0.0897096177764	0.127070501025	-0.0373608832484	0.0	-0.754029969562
	 Inner loop 2	400.98919598	0.00125086782622	-1.31838984174e-16	-0.0897096177764	0.127070501025	-0.0373608832484	0.0	-0.754029969562
Outer loop 	177	0.00125086782622	-0.754029969562
	 Inner loop 2	401.541959799	0.00125086782622	9.02056207508e-17	-0.0897096177764	0.127070501025	-0.0373608832484	0.0	-0.754029969562
	 Inner loop 2	401.541959799	0.00125086782622	-1.87350135405e-16	-0.0897096177764	0.127070501025	-0.0373608832484	0.0	-0.754029969562
Outer loop 	178	0.00125086782622	-0.754029969562
	 Inner loop 2	402.094723618	0.00125086782622	-1.87350135405e-16	-0.0897096177764	0.127070501025	-0.0373608832484	0.0	-0.754029969562
	 Inner loop 2	402.094723618	0.00125086782622	1.45716771982e-16	-0.0897096177764	0.127070501025	-0.0373608832484	0.0	-0.754029969562
Outer loop 	179	0.00125086782622	-0.754029969562
	 Inner loop 2	402.647487437	0.00125086782622	3.46944695195e-17	-0.0897096177764	0.127070501025	-0.0373608832484	0.0	-0.754029969562
	 Inner loop 2	402.647487437	0.00125086782622	1.45716771982e-16	-0.0897096177764	0.127070501025	-0.0373608832484	0.0	-0.754029969562
Outer loop 	180	0.00125086782622	-0.754029969562
	 Inner loop 2	403.200251256	0.00125086782622	1.45716771982e-16	-0.0897096177764	0.127070501025	-0.0373608832484	0.0	-0.754029969562
	 Inner loop 2	403.200251256	0.00125086782622	1.45716771982e-16	-0.0897096177764	0.127070501025	-0.0373608832484	0.0	-0.754029969562
Outer loop 	181	0.00125086782622	-0.754029969562
	 Inner loop 2	403.753015075	0.00125086782622	1.36696209907e-15	-0.0897096177764	0.127070501025	-0.0373608832484	0.0	-0.754029969562
	 Inner loop 2	403.753015075	0.00125086782622	-1.87350135405e-16	-0.0897096177764	0.127070501025	-0.0373608832484	0.0	-0.754029969562
Outer loop 	182	0.00125086782622	-0.754029969562
	 Inner loop 2	404.305778894	0.00125086782622	-7.42461647718e-16	-0.0897096177764	0.127070501025	-0.0373608832484	0.0	-0.754029969562
	 Inner loop 2	404.305778894	0.00125086782622	1.45716771982e-16	-0.0897096177764	0.127070501025	-0.0373608832484	0.0	-0.754029969562
Outer loop 	183	0.00125086782622	-0.754029969562
	 Inner loop 2	404.858542714	0.00125086782622	-1.31838984174e-16	-0.0897096177764	0.127070501025	-0.0373608832484	0.0	-0.754029969562
	 Inner loop 2	404.858542714	0.00125086782622	3.46944695195e-17	-0.0897096177764	0.127070501025	-0.0373608832484	0.0	-0.754029969562
Outer loop 	184	0.00125086782622	-0.754029969562
	 Inner loop 2	405.411306533	0.00125086782622	1.45716771982e-16	-0.0897096177764	0.127070501025	-0.0373608832484	0.0	-0.754029969562
	 Inner loop 2	405.411306533	0.00125086782622	-7.6327832943e-17	-0.0897096177764	0.127070501025	-0.0373608832484	0.0	-0.754029969562
Outer loop 	185	0.00125086782622	-0.754029969562
	 Inner loop 2	405.964070352	0.00125086782622	9.02056207508e-17	-0.0897096177764	0.127070501025	-0.0373608832484	0.0	-0.754029969562
	 Inner loop 2	405.964070352	0.00125086782622	-7.6327832943e-17	-0.0897096177764	0.127070501025	-0.0373608832484	0.0	-0.754029969562
Outer loop 	186	0.00125086782622	-0.754029969562
	 Inner loop 2	406.516834171	0.00125086782622	-1.31838984174e-16	-0.0897096177764	0.127070501025	-0.0373608832484	0.0	-0.754029969562
	 Inner loop 2	406.516834171	0.00125086782622	1.45716771982e-16	-0.0897096177764	0.127070501025	-0.0373608832484	0.0	-0.754029969562
Outer loop 	187	0.00125086782622	-0.754029969562
	 Inner loop 2	407.06959799	0.00125086782622	-1.31838984174e-16	-0.0897096177764	0.127070501025	-0.0373608832484	0.0	-0.754029969562
	 Inner loop 2	407.06959799	0.00125086782622	3.46944695195e-17	-0.0897096177764	0.127070501025	-0.0373608832484	0.0	-0.754029969562
Outer loop 	188	0.00125086782622	-0.754029969562
	 Inner loop 2	407.622361809	0.00125086782622	2.01227923213e-16	-0.0897096177764	0.127070501025	-0.0373608832484	0.0	-0.754029969562
	 Inner loop 2	407.622361809	0.00125086782622	-1.31838984174e-16	-0.0897096177764	0.127070501025	-0.0373608832484	0.0	-0.754029969562
Outer loop 	189	0.00125086782622	-0.754029969562
	 Inner loop 2	408.175125628	0.00125086782622	9.02056207508e-17	-0.0897096177764	0.127070501025	-0.0373608832484	0.0	-0.754029969562
	 Inner loop 2	408.175125628	0.00125086782622	-1.87350135405e-16	-0.0897096177764	0.127070501025	-0.0373608832484	0.0	-0.754029969562
Outer loop 	190	0.00125086782622	-0.754029969562
	 Inner loop 2	408.727889447	0.00125086782622	-1.87350135405e-16	-0.0897096177764	0.127070501025	-0.0373608832484	0.0	-0.754029969562
	 Inner loop 2	408.727889447	0.00125086782622	1.45716771982e-16	-0.0897096177764	0.127070501025	-0.0373608832484	0.0	-0.754029969562
Outer loop 	191	0.00125086782622	-0.754029969562
	 Inner loop 2	409.280653266	0.00125086782622	3.46944695195e-17	-0.0897096177764	0.127070501025	-0.0373608832484	0.0	-0.754029969562
	 Inner loop 2	409.280653266	0.00125086782622	1.45716771982e-16	-0.0897096177764	0.127070501025	-0.0373608832484	0.0	-0.754029969562
Outer loop 	192	0.00125086782622	-0.754029969562
	 Inner loop 2	409.833417085	0.00125086782622	1.45716771982e-16	-0.0897096177764	0.127070501025	-0.0373608832484	0.0	-0.754029969562
	 Inner loop 2	409.833417085	0.00125086782622	1.45716771982e-16	-0.0897096177764	0.127070501025	-0.0373608832484	0.0	-0.754029969562
Outer loop 	193	0.00125086782622	-0.754029969562
	 Inner loop 2	410.386180905	0.00125086782622	1.36696209907e-15	-0.0897096177764	0.127070501025	-0.0373608832484	0.0	-0.754029969562
	 Inner loop 2	410.386180905	0.00125086782622	-1.87350135405e-16	-0.0897096177764	0.127070501025	-0.0373608832484	0.0	-0.754029969562
Outer loop 	194	0.00125086782622	-0.754029969562
	 Inner loop 2	410.938944724	0.00125086782622	-7.42461647718e-16	-0.0897096177764	0.127070501025	-0.0373608832484	0.0	-0.754029969562
	 Inner loop 2	410.938944724	0.00125086782622	1.45716771982e-16	-0.0897096177764	0.127070501025	-0.0373608832484	0.0	-0.754029969562
Outer loop 	195	0.00125086782622	-0.754029969562
	 Inner loop 2	411.491708543	0.00125086782622	-1.31838984174e-16	-0.0897096177764	0.127070501025	-0.0373608832484	0.0	-0.754029969562
	 Inner loop 2	411.491708543	0.00125086782622	3.46944695195e-17	-0.0897096177764	0.127070501025	-0.0373608832484	0.0	-0.754029969562
Outer loop 	196	0.00125086782622	-0.754029969562
	 Inner loop 2	412.044472362	0.00125086782622	1.45716771982e-16	-0.0897096177764	0.127070501025	-0.0373608832484	0.0	-0.754029969562
	 Inner loop 2	412.044472362	0.00125086782622	-7.6327832943e-17	-0.0897096177764	0.127070501025	-0.0373608832484	0.0	-0.754029969562
Outer loop 	197	0.00125086782622	-0.754029969562
	 Inner loop 2	412.597236181	0.00125086782622	9.02056207508e-17	-0.0897096177764	0.127070501025	-0.0373608832484	0.0	-0.754029969562
	 Inner loop 2	412.597236181	0.00125086782622	-7.6327832943e-17	-0.0897096177764	0.127070501025	-0.0373608832484	0.0	-0.754029969562
Outer loop 	198	0.00125086782622	-0.754029969562
	 Inner loop 2	413.15	0.00125086782622	-1.31838984174e-16	-0.0897096177764	0.127070501025	-0.0373608832484	0.0	-0.754029969562
	 Inner loop 2	413.15	0.00125086782622	1.45716771982e-16	-0.0897096177764	0.127070501025	-0.0373608832484	0.0	-0.754029969562
Outer loop 	199	0.00125086782622	-0.754029969562
