	 Inner loop 2	303.698862714	0.0459220794761	8.94076479518e-15	0.0182170406343	0.0329405245823	-0.051254	9.64347834531e-05	-5.30713323447e-15
	 Inner loop 2	303.698862714	0.0459220794761	-6.26119165195e-14	0.0182170406343	0.0329405245823	-0.051254	9.64347833601e-05	3.18427994068e-14
Outer loop 	1	0.0459220794761	5.30713323449e-15
	 Inner loop 2	304.247725428	0.0459220794761	-1.11065806075e-14	0.0182170406343	0.0329405245823	-0.051254	9.64347834266e-05	5.30713323449e-15
	 Inner loop 2	304.247725428	0.0459220794761	5.37114569401e-14	0.0182170406343	0.0329405245823	-0.051254	9.64347835062e-05	-2.65356661724e-14
Outer loop 	2	0.0459220794761	3.06740674386e-26
	 Inner loop 2	304.796588141	0.0459220794761	9.38485400503e-15	0.0182170406343	0.0329405245823	-0.051254	9.64347834531e-05	-5.30713323444e-15
	 Inner loop 2	304.796588141	0.0459220794761	-6.26119165195e-14	0.0182170406343	0.0329405245823	-0.051254	9.64347833601e-05	3.18427994069e-14
Outer loop 	3	0.0459220794761	-5.30713323442e-15
	 Inner loop 2	305.345450855	0.0459220794761	-1.01073798853e-14	0.0182170406343	0.0329405245823	-0.051254	9.64347834266e-05	5.30713323453e-15
	 Inner loop 2	305.345450855	0.0459220794761	5.37114569401e-14	0.0182170406343	0.0329405245823	-0.051254	9.64347835062e-05	-2.65356661723e-14
Outer loop 	4	0.0459220794761	6.76874211116e-26
	 Inner loop 2	305.894313569	0.0459220794761	1.03840547272e-14	0.0182170406343	0.0329405245823	-0.051254	9.64347834531e-05	-5.30713323441e-15
	 Inner loop 2	305.894313569	0.0459220794761	-6.24731386414e-14	0.0182170406343	0.0329405245823	-0.051254	9.64347833601e-05	3.18427994069e-14
Outer loop 	5	0.0459220794761	-5.30713323438e-15
	 Inner loop 2	306.443176283	0.0459220794761	8.6076978878e-15	0.0182170406343	0.0329405245823	-0.051254	9.64347834531e-05	-5.30713323438e-15
	 Inner loop 2	306.443176283	0.0459220794761	-6.26119165195e-14	0.0182170406343	0.0329405245823	-0.051254	9.64347833601e-05	3.18427994069e-14
Outer loop 	6	0.0459220794761	5.30713323458e-15
	 Inner loop 2	306.992038996	0.0459220794761	-2.95114545865e-14	0.0182170406343	0.0329405245823	-0.051254	9.64347834e-05	1.59213997035e-14
	 Inner loop 2	306.992038996	0.0459220794761	1.96816819569e-13	0.0182170406343	0.0329405245822	-0.051254	9.64347836922e-05	-1.00835531455e-13
Outer loop 	7	0.0459220794761	2.97911743135e-25
	 Inner loop 2	307.54090171	0.0459220794761	3.93766914691e-14	0.0182170406343	0.0329405245823	-0.051254	9.6434783493e-05	-2.12285329376e-14
	 Inner loop 2	307.54090171	0.0459220794761	-2.68319776662e-13	0.0182170406343	0.0329405245824	-0.051254	9.64347830945e-05	1.37985464097e-13
Outer loop 	8	0.0459220794761	5.30713323512e-15
	 Inner loop 2	308.089764424	0.0459220794761	-3.08992333673e-14	0.0182170406343	0.0329405245823	-0.051254	9.64347834e-05	1.59213997041e-14
	 Inner loop 2	308.089764424	0.0459220794761	1.96816819569e-13	0.0182170406343	0.0329405245822	-0.051254	9.64347836922e-05	-1.00835531454e-13
Outer loop 	9	0.0459220794761	8.35473118389e-25
	 Inner loop 2	308.638627138	0.0459220794761	1.06616104834e-14	0.0182170406343	0.0329405245823	-0.051254	9.64347834531e-05	-5.30713323364e-15
	 Inner loop 2	308.638627138	0.0459220794761	-6.26119165195e-14	0.0182170406343	0.0329405245823	-0.051254	9.64347833601e-05	3.18427994077e-14
Outer loop 	10	0.0459220794761	-5.30713323362e-15
	 Inner loop 2	309.187489852	0.0459220794761	9.07954267326e-15	0.0182170406343	0.0329405245823	-0.051254	9.64347834531e-05	-5.30713323362e-15
	 Inner loop 2	309.187489852	0.0459220794761	-6.26119165195e-14	0.0182170406343	0.0329405245823	-0.051254	9.64347833601e-05	3.18427994077e-14
Outer loop 	11	0.0459220794761	5.30713323535e-15
	 Inner loop 2	309.736352565	0.0459220794761	-1.10510694562e-14	0.0182170406343	0.0329405245823	-0.051254	9.64347834266e-05	5.30713323535e-15
	 Inner loop 2	309.736352565	0.0459220794761	5.37114569401e-14	0.0182170406343	0.0329405245823	-0.051254	9.64347835062e-05	-2.65356661715e-14
Outer loop 	12	0.0459220794761	8.88329954482e-25
	 Inner loop 2	310.285215279	0.0459220794761	9.44036515627e-15	0.0182170406343	0.0329405245823	-0.051254	9.64347834531e-05	-5.30713323359e-15
	 Inner loop 2	310.285215279	0.0459220794761	-6.24731386414e-14	0.0182170406343	0.0329405245823	-0.051254	9.64347833601e-05	3.18427994077e-14
Outer loop 	13	0.0459220794761	-5.30713323356e-15
	 Inner loop 2	310.834077993	0.0459220794761	-9.99635758284e-15	0.0182170406343	0.0329405245823	-0.051254	9.64347834266e-05	5.30713323539e-15
	 Inner loop 2	310.834077993	0.0459220794761	5.37114569401e-14	0.0182170406343	0.0329405245823	-0.051254	9.64347835062e-05	-2.65356661715e-14
Outer loop 	14	0.0459220794761	9.25343308155e-25
	 Inner loop 2	311.382940707	0.0459220794761	1.05228326053e-14	0.0182170406343	0.0329405245823	-0.051254	9.64347834531e-05	-5.30713323355e-15
	 Inner loop 2	311.382940707	0.0459220794761	-6.26119165195e-14	0.0182170406343	0.0329405245823	-0.051254	9.64347833601e-05	3.18427994078e-14
Outer loop 	15	0.0459220794761	-5.30713323353e-15
	 Inner loop 2	311.93180342	0.0459220794761	8.49667558533e-15	0.0182170406343	0.0329405245823	-0.051254	9.64347834531e-05	-5.30713323353e-15
	 Inner loop 2	311.93180342	0.0459220794761	-6.26119165195e-14	0.0182170406343	0.0329405245823	-0.051254	9.64347833601e-05	3.18427994078e-14
Outer loop 	16	0.0459220794761	5.30713323544e-15
	 Inner loop 2	312.480666134	0.0459220794761	-2.97334991914e-14	0.0182170406343	0.0329405245823	-0.051254	9.64347834e-05	1.59213997044e-14
	 Inner loop 2	312.480666134	0.0459220794761	1.96816819569e-13	0.0182170406343	0.0329405245822	-0.051254	9.64347836922e-05	-1.00835531454e-13
Outer loop 	17	0.0459220794761	1.15556131929e-24
	 Inner loop 2	313.029528848	0.0459220794761	3.9237913591e-14	0.0182170406343	0.0329405245823	-0.051254	9.6434783493e-05	-2.12285329367e-14
	 Inner loop 2	313.029528848	0.0459220794761	-2.68319776662e-13	0.0182170406343	0.0329405245824	-0.051254	9.64347830945e-05	1.37985464098e-13
Outer loop 	18	0.0459220794761	5.30713323598e-15
	 Inner loop 2	313.578391562	0.0459220794761	-3.10380112454e-14	0.0182170406343	0.0329405245823	-0.051254	9.64347834e-05	1.59213997049e-14
	 Inner loop 2	313.578391562	0.0459220794761	1.96816819569e-13	0.0182170406343	0.0329405245822	-0.051254	9.64347836922e-05	-1.00835531453e-13
Outer loop 	19	0.0459220794761	1.69312269454e-24
	 Inner loop 2	314.127254276	0.0459220794761	1.07171216346e-14	0.0182170406343	0.0329405245823	-0.051254	9.64347834531e-05	-5.30713323278e-15
	 Inner loop 2	314.127254276	0.0459220794761	-6.24731386414e-14	0.0182170406343	0.0329405245823	-0.051254	9.64347833601e-05	3.18427994085e-14
Outer loop 	20	0.0459220794761	-5.30713323276e-15
	 Inner loop 2	314.676116989	0.0459220794761	9.24607612696e-15	0.0182170406343	0.0329405245823	-0.051254	9.64347834531e-05	-5.30713323276e-15
	 Inner loop 2	314.676116989	0.0459220794761	-6.24731386414e-14	0.0182170406343	0.0329405245823	-0.051254	9.64347833601e-05	3.18427994086e-14
Outer loop 	21	0.0459220794761	-5.30713323274e-15
	 Inner loop 2	315.224979703	0.0459220794761	-1.09122915782e-14	0.0182170406343	0.0329405245823	-0.051254	9.64347834266e-05	5.30713323621e-15
	 Inner loop 2	315.224979703	0.0459220794761	5.37114569401e-14	0.0182170406343	0.0329405245823	-0.051254	9.64347835062e-05	-2.65356661706e-14
Outer loop 	22	0.0459220794761	1.75231566143e-24
	 Inner loop 2	315.773842417	0.0459220794761	9.38485400503e-15	0.0182170406343	0.0329405245823	-0.051254	9.64347834531e-05	-5.30713323272e-15
	 Inner loop 2	315.773842417	0.0459220794761	-6.26119165195e-14	0.0182170406343	0.0329405245823	-0.051254	9.64347833601e-05	3.18427994086e-14
Outer loop 	23	0.0459220794761	-5.3071332327e-15
	 Inner loop 2	316.322705131	0.0459220794761	-1.0273913339e-14	0.0182170406343	0.0329405245823	-0.051254	9.64347834266e-05	5.30713323625e-15
	 Inner loop 2	316.322705131	0.0459220794761	5.37114569401e-14	0.0182170406343	0.0329405245823	-0.051254	9.64347835062e-05	-2.65356661706e-14
Outer loop 	24	0.0459220794761	1.7893290151e-24
	 Inner loop 2	316.871567844	0.0459220794761	1.03840547272e-14	0.0182170406343	0.0329405245823	-0.051254	9.64347834531e-05	-5.30713323268e-15
	 Inner loop 2	316.871567844	0.0459220794761	-6.24731386414e-14	0.0182170406343	0.0329405245823	-0.051254	9.64347833601e-05	3.18427994086e-14
Outer loop 	25	0.0459220794761	-5.30713323266e-15
	 Inner loop 2	317.420430558	0.0459220794761	8.6076978878e-15	0.0182170406343	0.0329405245823	-0.051254	9.64347834531e-05	-5.30713323266e-15
	 Inner loop 2	317.420430558	0.0459220794761	-6.26119165195e-14	0.0182170406343	0.0329405245823	-0.051254	9.64347833601e-05	3.18427994087e-14
Outer loop 	26	0.0459220794761	5.3071332363e-15
	 Inner loop 2	317.969293272	0.0459220794761	-2.95114545865e-14	0.0182170406343	0.0329405245823	-0.051254	9.64347834e-05	1.59213997053e-14
	 Inner loop 2	317.969293272	0.0459220794761	1.96816819569e-13	0.0182170406343	0.0329405245822	-0.051254	9.64347836922e-05	-1.00835531453e-13
Outer loop 	27	0.0459220794761	2.01954702624e-24
	 Inner loop 2	318.518155986	0.0459220794761	3.93766914691e-14	0.0182170406343	0.0329405245823	-0.051254	9.6434783493e-05	-2.12285329359e-14
	 Inner loop 2	318.518155986	0.0459220794761	-2.68319776662e-13	0.0182170406343	0.0329405245824	-0.051254	9.64347830945e-05	1.37985464098e-13
Outer loop 	28	0.0459220794761	5.30713323684e-15
	 Inner loop 2	319.0670187	0.0459220794761	-3.08992333673e-14	0.0182170406343	0.0329405245823	-0.051254	9.64347834e-05	1.59213997058e-14
	 Inner loop 2	319.0670187	0.0459220794761	1.96816819569e-13	0.0182170406343	0.0329405245822	-0.051254	9.64347836922e-05	-1.00835531453e-13
Outer loop 	29	0.0459220794761	2.55710840149e-24
	 Inner loop 2	319.615881413	0.0459220794761	1.06616104834e-14	0.0182170406343	0.0329405245823	-0.051254	9.64347834531e-05	-5.30713323192e-15
	 Inner loop 2	319.615881413	0.0459220794761	-6.26119165195e-14	0.0182170406343	0.0329405245823	-0.051254	9.64347833601e-05	3.18427994094e-14
Outer loop 	30	0.0459220794761	-5.30713323189e-15
	 Inner loop 2	320.164744127	0.0459220794761	9.07954267326e-15	0.0182170406343	0.0329405245823	-0.051254	9.64347834531e-05	-5.30713323189e-15
	 Inner loop 2	320.164744127	0.0459220794761	-6.26119165195e-14	0.0182170406343	0.0329405245823	-0.051254	9.64347833601e-05	3.18427994094e-14
Outer loop 	31	0.0459220794761	5.30713323707e-15
	 Inner loop 2	320.713606841	0.0459220794761	-1.10510694562e-14	0.0182170406343	0.0329405245823	-0.051254	9.64347834266e-05	5.30713323707e-15
	 Inner loop 2	320.713606841	0.0459220794761	5.37114569401e-14	0.0182170406343	0.0329405245823	-0.051254	9.64347835062e-05	-2.65356661698e-14
Outer loop 	32	0.0459220794761	2.60996523759e-24
	 Inner loop 2	321.262469555	0.0459220794761	9.44036515627e-15	0.0182170406343	0.0329405245823	-0.051254	9.64347834531e-05	-5.30713323186e-15
	 Inner loop 2	321.262469555	0.0459220794761	-6.24731386414e-14	0.0182170406343	0.0329405245823	-0.051254	9.64347833601e-05	3.18427994095e-14
Outer loop 	33	0.0459220794761	-5.30713323184e-15
	 Inner loop 2	321.811332269	0.0459220794761	-9.99635758284e-15	0.0182170406343	0.0329405245823	-0.051254	9.64347834266e-05	5.30713323711e-15
	 Inner loop 2	321.811332269	0.0459220794761	5.37114569401e-14	0.0182170406343	0.0329405245823	-0.051254	9.64347835062e-05	-2.65356661697e-14
Outer loop 	34	0.0459220794761	2.64697859126e-24
	 Inner loop 2	322.360194982	0.0459220794761	1.05228326053e-14	0.0182170406343	0.0329405245823	-0.051254	9.64347834531e-05	-5.30713323183e-15
	 Inner loop 2	322.360194982	0.0459220794761	-6.26119165195e-14	0.0182170406343	0.0329405245823	-0.051254	9.64347833601e-05	3.18427994095e-14
Outer loop 	35	0.0459220794761	-5.30713323181e-15
	 Inner loop 2	322.909057696	0.0459220794761	8.49667558533e-15	0.0182170406343	0.0329405245823	-0.051254	9.64347834531e-05	-5.30713323181e-15
	 Inner loop 2	322.909057696	0.0459220794761	-6.26119165195e-14	0.0182170406343	0.0329405245823	-0.051254	9.64347833601e-05	3.18427994095e-14
Outer loop 	36	0.0459220794761	5.30713323716e-15
	 Inner loop 2	323.45792041	0.0459220794761	-2.97334991914e-14	0.0182170406343	0.0329405245823	-0.051254	9.64347834e-05	1.59213997061e-14
	 Inner loop 2	323.45792041	0.0459220794761	1.96816819569e-13	0.0182170406343	0.0329405245822	-0.051254	9.64347836922e-05	-1.00835531452e-13
Outer loop 	37	0.0459220794761	2.87719660239e-24
	 Inner loop 2	324.006783124	0.0459220794761	3.9237913591e-14	0.0182170406343	0.0329405245823	-0.051254	9.6434783493e-05	-2.1228532935e-14
	 Inner loop 2	324.006783124	0.0459220794761	-2.68319776662e-13	0.0182170406343	0.0329405245824	-0.051254	9.64347830945e-05	1.37985464099e-13
Outer loop 	38	0.0459220794761	5.3071332377e-15
	 Inner loop 2	324.555645837	0.0459220794761	-3.10380112454e-14	0.0182170406343	0.0329405245823	-0.051254	9.64347834e-05	1.59213997066e-14
	 Inner loop 2	324.555645837	0.0459220794761	1.96816819569e-13	0.0182170406343	0.0329405245822	-0.051254	9.64347836922e-05	-1.00835531452e-13
Outer loop 	39	0.0459220794761	3.41475797765e-24
	 Inner loop 2	325.104508551	0.0459220794761	1.07171216346e-14	0.0182170406343	0.0329405245823	-0.051254	9.64347834531e-05	-5.30713323106e-15
	 Inner loop 2	325.104508551	0.0459220794761	-6.24731386414e-14	0.0182170406343	0.0329405245823	-0.051254	9.64347833601e-05	3.18427994103e-14
Outer loop 	40	0.0459220794761	-5.30713323104e-15
	 Inner loop 2	325.653371265	0.0459220794761	9.24607612696e-15	0.0182170406343	0.0329405245823	-0.051254	9.64347834531e-05	-5.30713323104e-15
	 Inner loop 2	325.653371265	0.0459220794761	-6.24731386414e-14	0.0182170406343	0.0329405245823	-0.051254	9.64347833601e-05	3.18427994103e-14
Outer loop 	41	0.0459220794761	-5.30713323102e-15
	 Inner loop 2	326.202233979	0.0459220794761	-1.09122915782e-14	0.0182170406343	0.0329405245823	-0.051254	9.64347834266e-05	5.30713323793e-15
	 Inner loop 2	326.202233979	0.0459220794761	5.37114569401e-14	0.0182170406343	0.0329405245823	-0.051254	9.64347835062e-05	-2.65356661689e-14
Outer loop 	42	0.0459220794761	3.47395094453e-24
	 Inner loop 2	326.751096693	0.0459220794761	9.38485400503e-15	0.0182170406343	0.0329405245823	-0.051254	9.64347834531e-05	-5.307133231e-15
	 Inner loop 2	326.751096693	0.0459220794761	-6.26119165195e-14	0.0182170406343	0.0329405245823	-0.051254	9.64347833601e-05	3.18427994103e-14
Outer loop 	43	0.0459220794761	-5.30713323098e-15
	 Inner loop 2	327.299959406	0.0459220794761	-1.0273913339e-14	0.0182170406343	0.0329405245823	-0.051254	9.64347834266e-05	5.30713323797e-15
	 Inner loop 2	327.299959406	0.0459220794761	5.37114569401e-14	0.0182170406343	0.0329405245823	-0.051254	9.64347835062e-05	-2.65356661689e-14
Outer loop 	44	0.0459220794761	3.51096429821e-24
	 Inner loop 2	327.84882212	0.0459220794761	1.03840547272e-14	0.0182170406343	0.0329405245823	-0.051254	9.64347834531e-05	-5.30713323096e-15
	 Inner loop 2	327.84882212	0.0459220794761	-6.24731386414e-14	0.0182170406343	0.0329405245823	-0.051254	9.64347833601e-05	3.18427994104e-14
Outer loop 	45	0.0459220794761	-5.30713323094e-15
	 Inner loop 2	328.397684834	0.0459220794761	8.6076978878e-15	0.0182170406343	0.0329405245823	-0.051254	9.64347834531e-05	-5.30713323094e-15
	 Inner loop 2	328.397684834	0.0459220794761	-6.26119165195e-14	0.0182170406343	0.0329405245823	-0.051254	9.64347833601e-05	3.18427994104e-14
Outer loop 	46	0.0459220794761	5.30713323802e-15
	 Inner loop 2	328.946547548	0.0459220794761	-2.95114545865e-14	0.0182170406343	0.0329405245823	-0.051254	9.64347834e-05	1.5921399707e-14
	 Inner loop 2	328.946547548	0.0459220794761	1.96816819569e-13	0.0182170406343	0.0329405245822	-0.051254	9.64347836922e-05	-1.00835531451e-13
Outer loop 	47	0.0459220794761	3.74118230934e-24
	 Inner loop 2	329.495410261	0.0459220794761	3.93766914691e-14	0.0182170406343	0.0329405245823	-0.051254	9.6434783493e-05	-2.12285329342e-14
	 Inner loop 2	329.495410261	0.0459220794761	-2.68319776662e-13	0.0182170406343	0.0329405245824	-0.051254	9.64347830945e-05	1.379854641e-13
Outer loop 	48	0.0459220794761	5.30713323856e-15
	 Inner loop 2	330.044272975	0.0459220794761	-3.08992333673e-14	0.0182170406343	0.0329405245823	-0.051254	9.64347834e-05	1.59213997075e-14
	 Inner loop 2	330.044272975	0.0459220794761	1.96816819569e-13	0.0182170406343	0.0329405245822	-0.051254	9.64347836922e-05	-1.00835531451e-13
Outer loop 	49	0.0459220794761	4.2787436846e-24
	 Inner loop 2	330.593135689	0.0459220794761	1.06616104834e-14	0.0182170406343	0.0329405245823	-0.051254	9.64347834531e-05	-5.3071332302e-15
	 Inner loop 2	330.593135689	0.0459220794761	-6.26119165195e-14	0.0182170406343	0.0329405245823	-0.051254	9.64347833601e-05	3.18427994111e-14
Outer loop 	50	0.0459220794761	-5.30713323017e-15
	 Inner loop 2	331.141998403	0.0459220794761	9.07954267326e-15	0.0182170406343	0.0329405245823	-0.051254	9.64347834531e-05	-5.30713323017e-15
	 Inner loop 2	331.141998403	0.0459220794761	-6.26119165195e-14	0.0182170406343	0.0329405245823	-0.051254	9.64347833601e-05	3.18427994111e-14
Outer loop 	51	0.0459220794761	5.30713323879e-15
	 Inner loop 2	331.690861117	0.0459220794761	-1.10510694562e-14	0.0182170406343	0.0329405245823	-0.051254	9.64347834266e-05	5.30713323879e-15
	 Inner loop 2	331.690861117	0.0459220794761	5.37114569401e-14	0.0182170406343	0.0329405245823	-0.051254	9.64347835062e-05	-2.65356661681e-14
Outer loop 	52	0.0459220794761	4.33160052069e-24
	 Inner loop 2	332.23972383	0.0459220794761	9.44036515627e-15	0.0182170406343	0.0329405245823	-0.051254	9.64347834531e-05	-5.30713323014e-15
	 Inner loop 2	332.23972383	0.0459220794761	-6.24731386414e-14	0.0182170406343	0.0329405245823	-0.051254	9.64347833601e-05	3.18427994112e-14
Outer loop 	53	0.0459220794761	-5.30713323012e-15
	 Inner loop 2	332.788586544	0.0459220794761	-9.99635758284e-15	0.0182170406343	0.0329405245823	-0.051254	9.64347834266e-05	5.30713323883e-15
	 Inner loop 2	332.788586544	0.0459220794761	5.37114569401e-14	0.0182170406343	0.0329405245823	-0.051254	9.64347835062e-05	-2.6535666168e-14
Outer loop 	54	0.0459220794761	4.36861387436e-24
	 Inner loop 2	333.337449258	0.0459220794761	1.05228326053e-14	0.0182170406343	0.0329405245823	-0.051254	9.64347834531e-05	-5.30713323011e-15
	 Inner loop 2	333.337449258	0.0459220794761	-6.26119165195e-14	0.0182170406343	0.0329405245823	-0.051254	9.64347833601e-05	3.18427994112e-14
Outer loop 	55	0.0459220794761	-5.30713323008e-15
	 Inner loop 2	333.886311972	0.0459220794761	8.49667558533e-15	0.0182170406343	0.0329405245823	-0.051254	9.64347834531e-05	-5.30713323008e-15
	 Inner loop 2	333.886311972	0.0459220794761	-6.26119165195e-14	0.0182170406343	0.0329405245823	-0.051254	9.64347833601e-05	3.18427994112e-14
Outer loop 	56	0.0459220794761	5.30713323888e-15
	 Inner loop 2	334.435174685	0.0459220794761	-2.97334991914e-14	0.0182170406343	0.0329405245823	-0.051254	9.64347834e-05	1.59213997078e-14
	 Inner loop 2	334.435174685	0.0459220794761	1.96816819569e-13	0.0182170406343	0.0329405245822	-0.051254	9.64347836922e-05	-1.00835531451e-13
Outer loop 	57	0.0459220794761	4.5988318855e-24
	 Inner loop 2	334.984037399	0.0459220794761	3.9237913591e-14	0.0182170406343	0.0329405245823	-0.051254	9.6434783493e-05	-2.12285329333e-14
	 Inner loop 2	334.984037399	0.0459220794761	-2.68319776662e-13	0.0182170406343	0.0329405245824	-0.051254	9.64347830945e-05	1.37985464101e-13
Outer loop 	58	0.0459220794761	5.30713323942e-15
	 Inner loop 2	335.532900113	0.0459220794761	-3.10380112454e-14	0.0182170406343	0.0329405245823	-0.051254	9.64347834e-05	1.59213997084e-14
	 Inner loop 2	335.532900113	0.0459220794761	1.96816819569e-13	0.0182170406343	0.0329405245822	-0.051254	9.64347836922e-05	-1.0083553145e-13
Outer loop 	59	0.0459220794761	5.13639326075e-24
	 Inner loop 2	336.081762827	0.0459220794761	1.07171216346e-14	0.0182170406343	0.0329405245823	-0.051254	9.64347834531e-05	-5.30713322934e-15
	 Inner loop 2	336.081762827	0.0459220794761	-6.24731386414e-14	0.0182170406343	0.0329405245823	-0.051254	9.64347833601e-05	3.1842799412e-14
Outer loop 	60	0.0459220794761	-5.30713322932e-15
	 Inner loop 2	336.630625541	0.0459220167966	1.01495250377e-06	0.0182180555868	0.0329405245823	-0.051254	9.64347834531e-05	-5.30713322932e-15
	 Inner loop 2	336.630625541	0.0459224340754	-6.7573172679e-06	0.018218214664	0.0329426347816	-0.0512539999996	8.63932366911e-05	4.01213902531e-06
	 Inner loop 2	336.630625541	0.0459220712952	-7.4161274005e-11	0.0182180763726	0.0329408001687	-0.051254	9.51233845941e-05	5.23974504978e-07
	 Inner loop 2	336.630625541	0.0459220712647	4.93756290994e-10	0.018218076361	0.0329408000145	-0.051254	9.51241183346e-05	5.23681336085e-07
Outer loop 	61	0.0459220712912	5.2393621964e-07
	 Inner loop 2	337.179488254	0.0459217011638	5.86085504062e-06	0.0182249729542	0.0329410757124	-0.051254	9.38121883484e-05	1.04786806028e-06
	 Inner loop 2	337.179488254	0.0459241071823	-3.89745617872e-05	0.0182259292635	0.0329532589628	-0.051253999985	3.58371969027e-05	2.42120011856e-05
	 Inner loop 2	337.179488254	0.0459220159317	-2.48646443056e-09	0.0182250983664	0.032942669069	-0.0512539999996	8.62300777122e-05	4.07732982939e-06
	 Inner loop 2	337.179488254	0.0459220149106	1.65356798593e-08	0.0182250979597	0.0329426638998	-0.0512539999996	8.62546757583e-05	4.06750158449e-06
Outer loop 	62	0.0459220157982	4.07604512644e-06
	 Inner loop 2	337.728350968	0.0459214233361	8.69567429042e-06	0.0182408155308	0.0329445365314	-0.0512539999985	7.73436105598e-05	7.62795231331e-06
	 Inner loop 2	337.728350968	0.0459249830113	-5.76769921546e-05	0.0182423651577	0.0329626077756	-0.0512539999548	-8.64997067749e-06	4.19870218712e-05
	 Inner loop 2	337.728350968	0.0459218902633	-5.53087014104e-09	0.0182410193903	0.0329469057947	-0.0512539999962	6.60692803076e-05	1.21326547781e-05
	 Inner loop 2	337.728350968	0.0459218879979	3.66880357317e-08	0.0182410184017	0.032946894299	-0.0512539999962	6.61239835583e-05	1.21107978816e-05
Outer loop 	63	0.0459218899665	1.21297914301e-05
	 Inner loop 2	338.277213682	0.0459206819815	1.75267587963e-05	0.0182744649171	0.0329511396359	-0.0512539999896	4.59221953282e-05	2.01825008739e-05
	 Inner loop 2	338.277213682	0.0459278169917	-0.000115687600282	0.0182780687003	0.0329875410555	-0.0512539997952	-0.000127297560842	8.93931275907e-05
	 Inner loop 2	338.277213682	0.0459216230264	-2.27582434214e-08	0.0182749422203	0.0329559358089	-0.051253999978	2.30991904977e-05	2.93015211451e-05
	 Inner loop 2	338.277213682	0.0459216137513	1.502433417e-07	0.0182749375189	0.0329558885297	-0.0512539999781	2.33241728847e-05	2.92116285581e-05
Outer loop 	64	0.0459216218063	2.92896958603e-05
	 Inner loop 2	338.826076396	0.0459196179071	2.81207632974e-05	0.0183369754035	0.0329649524021	-0.0512539999447	-1.98070975695e-05	4.64448952779e-05
	 Inner loop 2	338.826076396	0.045930970739	-0.000184252665984	0.0183438887382	0.0330232949441	-0.0512539993653	-0.000297436982951	0.000157372994863
	 Inner loop 2	338.826076396	0.0459211271157	-5.9219232607e-08	0.0183378984573	0.0329726954683	-0.0512539999041	-5.6653240685e-05	6.11669149453e-05
	 Inner loop 2	338.826076396	0.0459211031642	3.88128212744e-07	0.0183378838178	0.0329725725535	-0.0512539999049	-5.60683382649e-05	6.09332149104e-05
	 Inner loop 2	338.826076396	0.0459211239451	-2.52304572363e-13	0.0183378965194	0.0329726791971	-0.0512539999042	-5.65758124761e-05	6.11359782036e-05
	 Inner loop 2	338.826076396	0.045921123945	1.64670032709e-12	0.0183378965193	0.0329726791966	-0.0512539999042	-5.65758099947e-05	6.11359772121e-05
Outer loop 	65	0.0459211239451	6.1135978071e-05
	 Inner loop 2	339.374939109	0.045918340101	3.70556111901e-05	0.0184378750312	0.032989420242	-0.0512539997785	-0.000136239883462	9.29660673438e-05
	 Inner loop 2	339.374939109	0.0459331416211	-0.000240488211721	0.0184488387546	0.0330661789733	-0.0512539985373	-0.000501507402391	0.000238910123976
	 Inner loop 2	339.374939109	0.0459203266475	-1.03528040048e-07	0.0184393516611	0.0329996995164	-0.0512539996756	-0.000185155029889	0.000112510304185
	 Inner loop 2	339.374939109	0.045920285194	6.7216331653e-07	0.0184393208643	0.0329994849456	-0.0512539996779	-0.0001841339687	0.000112102335219
	 Inner loop 2	339.374939109	0.045920321115	-7.99329135867e-13	0.0184393475509	0.0329996708788	-0.0512539996759	-0.000185018754577	0.000112455854854
	 Inner loop 2	339.374939109	0.0459203211147	5.18455731905e-12	0.0184393475506	0.0329996708772	-0.0512539996759	-0.000185018746701	0.000112455851708
Outer loop 	66	0.045920321115	0.000112455854436
	 Inner loop 2	339.923801823	0.0459168794426	4.28117903065e-05	0.0185835273224	0.0330266403489	-0.051253999313	-0.0003133565681	0.000163733726973
	 Inner loop 2	339.923801823	0.0459337683777	-0.000274731932037	0.0185985899364	0.0331151311568	-0.0512539971755	-0.000734455849624	0.000331985581315
	 Inner loop 2	339.923801823	0.0459191702277	-1.38549770469e-07	0.0185855751354	0.033038612301	-0.0512539991087	-0.000370326877494	0.000186496435481
	 Inner loop 2	339.923801823	0.0459191154175	8.89538079441e-07	0.018585526156	0.0330383257429	-0.0512539991139	-0.00036896324688	0.00018595159157
	 Inner loop 2	339.923801823	0.0459191628414	-1.45943039554e-12	0.0185855685349	0.0330385736835	-0.0512539991094	-0.000370143110539	0.00018642301068
	 Inner loop 2	339.923801823	0.0459191628408	9.36445045856e-12	0.0185855685344	0.0330385736805	-0.0512539991094	-0.000370143096183	0.000186423004944
Outer loop 	67	0.0459191628413	0.000186423009907
	 Inner loop 2	340.472664537	0.0459152034526	4.54975685878e-05	0.0187771148302	0.0330774304181	-0.0512539982636	-0.000555049416141	0.000260303043636
	 Inner loop 2	340.472664537	0.045932904465	-0.000288321756718	0.0187957846348	0.0331712102998	-0.0512539950698	-0.00100132162148	0.000438612837511
	 Inner loop 2	340.472664537	0.0459176314833	-1.5630904461e-07	0.0187796790022	0.0330902589332	-0.0512539979229	-0.000616096321553	0.000284694571924
	 Inner loop 2	340.472664537	0.0459175704898	9.9107045247e-07	0.0187796146013	0.0330899365367	-0.0512539979318	-0.000614562135747	0.000284081582024
	 Inner loop 2	340.472664537	0.0459176231743	-1.84112642666e-12	0.018779670229	0.0330902150132	-0.0512539979241	-0.00061588731999	0.000284611064538
	 Inner loop 2	340.472664537	0.0459176231736	1.16676667243e-11	0.0187796702283	0.0330902150094	-0.0512539979241	-0.000615887301928	0.000284611057321
Outer loop 	68	0.0459176231742	0.00028461106355
	 Inner loop 2	341.021527251	0.0459132671017	4.58138411243e-05	0.0190192828149	0.0331417753189	-0.0512539962477	-0.000861248044921	0.000382645895665
	 Inner loop 2	341.021527251	0.0459308255959	-0.000286424924114	0.0190407672731	0.0332358825641	-0.051253991918	-0.00130908284341	0.000561580029708
	 Inner loop 2	341.021527251	0.0459157038973	-1.57843180031e-07	0.0190222658964	0.0331547997053	-0.0512539957464	-0.000923227698556	0.000407410107131
	 Inner loop 2	341.021527251	0.0459156432226	9.87357237286e-07	0.0190221916251	0.0331544752659	-0.0512539957592	-0.000921683774546	0.000406793226293
	 Inner loop 2	341.021527251	0.0459156955347	-1.88541424227e-12	0.0190222556599	0.0331547549883	-0.0512539957481	-0.000923014901929	0.000407325083412
	 Inner loop 2	341.021527251	0.045915695534	1.17898087126e-11	0.019022255659	0.0331547549844	-0.0512539957481	-0.000923014883493	0.000407325076046
Outer loop 	69	0.0459156955346	0.00040732508241
	 Inner loop 2	341.570389965	0.0459110331354	4.45651769437e-05	0.0193089341783	0.0332191687014	-0.0512539928068	-0.00122954489597	0.000529800333717
	 Inner loop 2	341.570389965	0.0459278428706	-0.000274673446426	0.0193323793341	0.0333103378218	-0.0512539873295	-0.00166340327289	0.000703150134206
	 Inner loop 2	341.570389965	0.0459133943373	-1.48396398475e-07	0.0193122272317	0.0332319406785	-0.0512539921323	-0.00129032417435	0.000554084930587
	 Inner loop 2	341.570389965	0.0459133382023	9.15106530461e-07	0.0193121489421	0.0332316369094	-0.0512539921486	-0.00128887859632	0.000553507344266
	 Inner loop 2	341.570389965	0.0459133865046	-1.64899604388e-12	0.0193122163077	0.0332318982925	-0.0512539921345	-0.00129012246729	0.000554004337746
	 Inner loop 2	341.570389965	0.045913386504	1.01773199243e-11	0.0193122163069	0.0332318982891	-0.0512539921345	-0.00129012245121	0.000554004331323
Outer loop 	70	0.0459133865045	0.000554004336847
	 Inner loop 2	342.119252678	0.045908478412	4.24414158774e-05	0.0196439457084	0.0333088616879	-0.0512539874304	-0.00165637855005	0.000700343378898
	 Inner loop 2	342.119252678	0.0459242210905	-0.000257730092584	0.019668600128	0.0333952786162	-0.0512539808403	-0.00206762799648	0.00086465969335
	 Inner loop 2	342.119252678	0.045910717353	-1.33477490861e-07	0.0196474506319	0.0333211208692	-0.0512539865798	-0.00171471839884	0.000723653292195
	 Inner loop 2	342.119252678	0.0459106677086	8.1095623094e-07	0.0196473729116	0.0333208489332	-0.051253986599	-0.0017134242896	0.000723136225818
	 Inner loop 2	342.119252678	0.0459107103368	-1.33312935344e-12	0.0196474396479	0.0333210824367	-0.0512539865825	-0.00171453550339	0.000723580215607
	 Inner loop 2	342.119252678	0.0459107103363	8.09661018786e-12	0.0196474396471	0.033321082434	-0.0512539865825	-0.00171453549047	0.000723580210444
Outer loop 	71	0.0459107103368	0.000723580214877
	 Inner loop 2	342.668115392	0.0459055937738	3.99431470145e-05	0.020021709809	0.0334100268478	-0.0512539795774	-0.00213781393241	0.000892702756796
	 Inner loop 2	342.668115392	0.0459201530253	-0.000238868568778	0.0200469953256	0.0334909278175	-0.0512539719325	-0.00252281977941	0.00104653333911
	 Inner loop 2	342.668115392	0.045907690987	-1.17075915722e-07	0.0200253497865	0.033421652762	-0.0512539785534	-0.00219314107108	0.000914808930057
	 Inner loop 2	342.668115392	0.0459076482057	7.00458857869e-07	0.0200252755264	0.0334214155109	-0.0512539785745	-0.00219201200384	0.000914357806854
	 Inner loop 2	342.668115392	0.0459076848605	-9.8452712996e-13	0.0200253391522	0.0334216187865	-0.0512539785564	-0.00219297938326	0.000914744327062
	 Inner loop 2	342.668115392	0.0459076848602	5.87070149438e-12	0.0200253391516	0.0334216187845	-0.0512539785564	-0.0021929793738	0.000914744323281
Outer loop 	72	0.0459076848605	0.000914744326524
	 Inner loop 2	343.216978106	0.0459023807504	3.73911378811e-05	0.0204394945391	0.0335218514924	-0.0512539686899	-0.00266998620379	0.00110533425587
	 Inner loop 2	343.216978106	0.0459157646255	-0.000220108883582	0.0204650107511	0.0335971428202	-0.0512539600538	-0.00302830240107	0.00124850088493
	 Inner loop 2	343.216978106	0.0459043340627	-1.01471912753e-07	0.0204432156375	0.0335328157079	-0.0512539674976	-0.00272216531977	0.00112618262443
	 Inner loop 2	343.216978106	0.0459042976574	5.9758096196e-07	0.0204431462757	0.0335326112843	-0.05125396752	-0.00272119245895	0.00112579391411
	 Inner loop 2	343.216978106	0.0459043287784	-7.59433314845e-13	0.0204432055693	0.0335327860348	-0.0512539675009	-0.00272202410403	0.00112612620113
	 Inner loop 2	343.216978106	0.0459043287781	4.48078163115e-12	0.0204432055688	0.0335327860333	-0.0512539675009	-0.00272202409673	0.00112612619822
Outer loop 	73	0.0459043287783	0.00112612620069
	 Inner loop 2	343.76584082	0.0458988475947	3.49687717217e-05	0.0208946577153	0.0336435833555	-0.0512539542031	-0.003249318096	0.00133680856471
	 Inner loop 2	343.76584082	0.0459111314672	-0.000202546816564	0.0209201542064	0.0337135515893	-0.0512539446335	-0.00358230797882	0.0014698559664
	 Inner loop 2	343.76584082	0.0459006646038	-8.7688692797e-08	0.0208984259149	0.0336539118015	-0.0512539528475	-0.0032984725576	0.00135644842086
	 Inner loop 2	343.76584082	0.0459006337346	5.08106750091e-07	0.0208983618877	0.0336537362704	-0.0512539528708	-0.00329763718058	0.00135611464272
	 Inner loop 2	343.76584082	0.0459006600606	-5.42176980395e-13	0.0208984164915	0.0336538859672	-0.051253952851	-0.00329834960828	0.00135639929598
	 Inner loop 2	343.76584082	0.0459006600604	3.13058216503e-12	0.0208984164912	0.0336538859661	-0.051253952851	-0.00329834960314	0.00135639929392
Outer loop 	74	0.0459006600605	0.00135639929568
	 Inner loop 2	344.314703533	0.0458950059676	3.27670117246e-05	0.0213847595214	0.0337745485947	-0.0512539355505	-0.00387260555383	0.00158584549061
	 Inner loop 2	344.314703533	0.04590629538	-0.000186676355365	0.021410099244	0.0338396660655	-0.0512539250929	-0.00418251657189	0.0017096716422
	 Inner loop 2	344.314703533	0.0458966990141	-7.60034810782e-08	0.0213885562836	0.0337842955933	-0.0512539340352	-0.00391899384509	0.00160438011265
	 Inner loop 2	344.314703533	0.0458966727767	4.33149485863e-07	0.0213884974353	0.0337841444924	-0.0512539340588	-0.00391827471936	0.00160409278317
	 Inner loop 2	344.314703533	0.0458966950976	-4.04902673889e-13	0.0213885474991	0.0337842730379	-0.0512539340387	-0.00391888649866	0.00160433722196
	 Inner loop 2	344.314703533	0.0458966950975	2.3092959836e-12	0.0213885474988	0.0337842730371	-0.0512539340387	-0.00391888649483	0.00160433722043
Outer loop 	75	0.0458966950976	0.00160433722174
	 Inner loop 2	344.863566247	0.0458908686268	3.08200156973e-05	0.0219076109965	0.0339141552185	-0.0512539121664	-0.00453703403289	0.00185132047141
	 Inner loop 2	344.863566247	0.0459012772808	-0.000172634616018	0.0219327365248	0.0339749609977	-0.0512539008519	-0.00482643128663	0.00196695026875
	 Inner loop 2	344.863566247	0.0458924517296	-6.63199465527e-08	0.0219114289954	0.0339233871354	-0.0512539104927	-0.00458097195813	0.00186887604018
	 Inner loop 2	344.863566247	0.0458924292911	3.71601951646e-07	0.0219113748712	0.0339232562433	-0.0512539105165	-0.004580348996	0.00186862713325
	 Inner loop 2	344.863566247	0.0458924483315	-3.02545315189e-13	0.0219114207988	0.0339233673129	-0.0512539104963	-0.0045808776157	0.0018688383453
	 Inner loop 2	344.863566247	0.0458924483314	1.68371566689e-12	0.0219114207985	0.0339233673123	-0.0512539104963	-0.00458087761287	0.00186883834417
Outer loop 	76	0.0458924483315	0.00186883834512
	 Inner loop 2	345.412428961	0.045886448009	2.91296852208e-05	0.0224612850023	0.0340618894732	-0.0512538834863	-0.00524016130401	0.00213225770497
	 Inner loop 2	345.412428961	0.0458960858609	-0.000160365300087	0.0224861917091	0.0341189221944	-0.0512538713319	-0.00551160787169	0.00224071523593
	 Inner loop 2	345.412428961	0.0458879351427	-5.83899569381e-08	0.0224651246393	0.0340706751679	-0.0512538816532	-0.00528197654383	0.00214896514653
	 Inner loop 2	345.412428961	0.0458879157912	3.21543627175e-07	0.0224650746673	0.0340705608089	-0.0512538816772	-0.00528143225531	0.00214874767394
	 Inner loop 2	345.412428961	0.0458879321687	-2.32398301991e-13	0.0224651169594	0.0340706575927	-0.0512538816569	-0.00528189289539	0.00214893172448
	 Inner loop 2	345.412428961	0.0458879321686	1.27400780897e-12	0.0224651169592	0.0340706575923	-0.0512538816569	-0.00528189289324	0.00214893172361
Outer loop 	77	0.0458879321687	0.00214893172436
	 Inner loop 2	345.961291675	0.0458817554559	2.76812196273e-05	0.0230441069047	0.034217309224	-0.0512538489469	-0.00597988596224	0.00242781756676
	 Inner loop 2	345.961291675	0.0458907230196	-0.000149719131342	0.0230688233117	0.0342710726748	-0.0512538359564	-0.00623577916149	0.00253006068894
	 Inner loop 2	345.961291675	0.0458831596739	-5.19298266263e-08	0.0230479736984	0.0342257149021	-0.0512538469512	-0.00601989357912	0.00244380276556
	 Inner loop 2	345.961291675	0.0458831428243	2.80947911845e-07	0.023047927292	0.0342256140115	-0.0512538469753	-0.00601941338033	0.00244361090027
	 Inner loop 2	345.961291675	0.0458831570453	-1.81978564162e-13	0.023047966459	0.0342256991629	-0.051253846955	-0.00601981866709	0.00244377283417
	 Inner loop 2	345.961291675	0.0458831570453	9.7918201325e-13	0.0230479664588	0.0342256991626	-0.051253846955	-0.00601981866541	0.0024437728335
Outer loop 	78	0.0458831570453	0.00244377283406
	 Inner loop 2	346.510154389	0.045876800857	2.64523853108e-05	0.0236546354541	0.0343800364011	-0.0512538079843	-0.00675441148565	0.00273728224948
	 Inner loop 2	346.510154389	0.0458851870798	-0.000140511718138	0.0236792095711	0.0344309845694	-0.0512537941502	-0.00699691170853	0.0028341741559
	 Inner loop 2	346.510154389	0.0458781339139	-4.66728687911e-08	0.023658538191	0.0343881231491	-0.0512538058206	-0.00679290219233	0.00275266136091
	 Inner loop 2	346.510154389	0.0458781190953	2.47981830714e-07	0.0236584948	0.0343880332305	-0.0512538058448	-0.0067924742039	0.00275249035647
Outer loop 	79	0.0458781315666	0.00275263427414
	 Inner loop 2	347.059017102	0.0458715925395	2.54187443334e-05	0.0242916399325	0.0345497495261	-0.0512537600327	-0.00756221068155	0.00306004155734
	 Inner loop 2	347.059017102	0.0458794746057	-0.000132554819839	0.0243161301122	0.0345982825582	-0.0512537453379	-0.00779322215236	0.00315234308822
	 Inner loop 2	347.059017102	0.0458728647925	-4.23890008554e-08	0.0242955894028	0.0345575723989	-0.0512537576936	-0.00759944649702	0.00307491927211
	 Inner loop 2	347.059017102	0.0458728516299	2.21102721664e-07	0.0242955485351	0.0345574914429	-0.0512537577179	-0.00759906115742	0.00307476530818
Outer loop 	80	0.045872862675	0.00307489450338
	 Inner loop 2	347.607879816	0.0458661372935	2.45564244167e-05	0.0249540768926	0.0347261767841	-0.051253704522	-0.00840199273035	0.00339557973837
	 Inner loop 2	347.607879816	0.0458735813817	-0.000125671882548	0.024978545905	0.0347726426695	-0.0512536889417	-0.00862317151535	0.00348395258142
	 Inner loop 2	347.607879816	0.0458673577495	-3.88883104798e-08	0.0249580850546	0.0347337847438	-0.0512537019984	-0.00843820668825	0.00341004916597
	 Inner loop 2	347.607879816	0.0458673459454	1.99060118312e-07	0.0249580462814	0.0347337111413	-0.0512537020228	-0.00843785633973	0.00340990918286
Outer loop 	81	0.0458673558203	0.00341002628836
	 Inner loop 2	348.15674253	0.0458604404651	2.3843445457e-05	0.0256410681918	0.0349090898251	-0.0512536408759	-0.00927267369549	0.00374346370149
	 Inner loop 2	348.15674253	0.0458675029078	-0.000119704635578	0.0256655795061	0.0349537887757	-0.0512536243791	-0.00948544853827	0.00382847871677
	 Inner loop 2	348.15674253	0.0458616168954	-3.60175063333e-08	0.0256451476341	0.0349165261109	-0.0512536381572	-0.00930807160533	0.00375760707392
	 Inner loop 2	348.15674253	0.0458616062137	1.80859470154e-07	0.0256451105875	0.0349164585743	-0.0512536381819	-0.00930775012045	0.00375747862339
Outer loop 	82	0.0458616151214	0.00375758574174
	 Inner loop 2	348.705605244	0.0458545060758	2.32602409739e-05	0.026351881082	0.0350982983246	-0.0512535685101	-0.0101733506555	0.00410333268094
	 Inner loop 2	348.705605244	0.045861234625	-0.000114514892767	0.0263764966293	0.0351414881669	-0.0512535510606	-0.0103789486284	0.00418548014994
	 Inner loop 2	348.705605244	0.0458556451562	-3.36543207139e-08	0.0263560446905	0.0351056010153	-0.051253565584	-0.0102081137761	0.00411722242084
	 Inner loop 2	348.705605244	0.0458556354094	1.65717429e-07	0.0263560090574	0.0351055385126	-0.0512535656091	-0.0102078162435	0.00411710354056
Outer loop 	83	0.0458556435109	0.00411720235368
	 Inner loop 2	349.254467957	0.0458483369479	2.27897418384e-05	0.0270859105997	0.0352936452748	-0.0512534868296	-0.0111032793031	0.00447488928582
	 Inner loop 2	349.254467957	0.0458547719948	-0.000109983894699	0.0271106895051	0.0353355469462	-0.0512534683871	-0.0113027519588	0.00455458936058
	 Inner loop 2	349.254467957	0.0458494444007	-3.17019205522e-08	0.0270901713613	0.0353008479074	-0.0512534836826	-0.011137567288	0.00448858918344
	 Inner loop 2	349.254467957	0.0458494354391	1.53020416007e-07	0.0270901368765	0.0353007896083	-0.0512534837081	-0.0111372897563	0.00448847829456
Outer loop 	84	0.0458494428627	0.0044885701528
	 Inner loop 2	349.803330671	0.0458419348236	2.24172426893e-05	0.0278426642254	0.0354950029356	-0.0512533952267	-0.0120618546916	0.00485789180736
	 Inner loop 2	349.803330671	0.0458481105051	-0.000106010543117	0.0278676621647	0.0355358056416	-0.051253375748	-0.0122561026015	0.0049355043146
	 Inner loop 2	349.803330671	0.0458430155504	-3.00834245067e-08	0.0278470351227	0.0355021351117	-0.0512533918442	-0.0120958084737	0.00487145817293
	 Inner loop 2	349.803330671	0.0458430072537	1.42286313187e-07	0.0278470015618	0.0355020803455	-0.0512533918702	-0.0120955477508	0.00487135400011
Outer loop 	85	0.0458430141024	0.00487143999183
	 Inner loop 2	350.352193385	0.0458353004721	2.21301713692e-05	0.0286217486477	0.0357022693723	-0.0512532930794	-0.0130485947692	0.00525214763987
	 Inner loop 2	350.352193385	0.0458412456408	-0.00010250924151	0.0286470175958	0.0357421352123	-0.0512532725183	-0.0132383895313	0.0053279808746
	 Inner loop 2	350.352193385	0.0458363586724	-2.87379403816e-08	0.028626242612	0.0357093573176	-0.0512532894453	-0.0130823392222	0.00526563036718
	 Inner loop 2	350.352193385	0.0458363509441	1.33136799581e-07	0.0286262097852	0.0357093055395	-0.0512532894719	-0.013082092716	0.00526553187471
Outer loop 	86	0.0458363573004	0.00526561288165
	 Inner loop 2	350.901056099	0.0458284337842	2.19178295053e-05	0.0294228584121	0.0359153655023	-0.0512531797487	-0.0140631263362	0.00565750766997
	 Inner loop 2	350.901056099	0.0458341728415	-9.94077232459e-05	0.029448446633	0.0359544335119	-0.0512531580572	-0.014249129811	0.00573182608114
	 Inner loop 2	350.901056099	0.0458294730595	-2.7616862892e-08	0.029427488315	0.0359224325656	-0.0512531758459	-0.0140967726515	0.00567095118601
	 Inner loop 2	350.901056099	0.0458294658209	1.25272750402e-07	0.0294274560616	0.0359223833314	-0.0512531758731	-0.0140965382471	0.00567085752882
Outer loop 	87	0.045829471752	0.00567093426848
	 Inner loop 2	351.449918813	0.0458213338528	2.17711363674e-05	0.0302457662259	0.0361342325807	-0.0512530545769	-0.0151051730934	0.00607386150124
	 Inner loop 2	351.449918813	0.0458268874546	-9.6645033741e-05	0.0302717184023	0.0361726222072	-0.0512530317052	-0.015287953938	0.00614689229802
	 Inner loop 2	351.449918813	0.0458223572953	-2.66813509134e-08	0.0302505448936	0.0361412996715	-0.051253050387	-0.0151388208594	0.00608730559692
	 Inner loop 2	351.449918813	0.0458223504825	1.18457233349e-07	0.0302505130775	0.0361412526165	-0.051253050415	-0.0151385968219	0.00608721608185
Outer loop 	88	0.0458223560429	0.00608728914106
	 Inner loop 2	351.998781526	0.0458139990417	2.16823945495e-05	0.0310903146951	0.0363588300626	-0.0512529168854	-0.0161745454777	0.00650113339303
	 Inner loop 2	351.998781526	0.0458193846929	-9.41697487602e-05	0.0311166721365	0.0363966441237	-0.0512528927823	-0.0163545932266	0.00657307217078
	 Inner loop 2	351.998781526	0.04581500931	-2.5900051312e-08	0.0310952549386	0.0363659160283	-0.051252912389	-0.016208284478	0.00651461394169
	 Inner loop 2	351.998781526	0.0458150028706	1.12500865655e-07	0.0310952234442	0.0363658708524	-0.0512529124177	-0.0162080693781	0.00651452799769
Outer loop 	89	0.0458150081049	0.00651459785835
	 Inner loop 2	352.54764424	0.0458064270425	2.16450815613e-05	0.031956409296	0.0365891337853	-0.0512527659729	-0.0172711320269	0.00693927881013
	 Inner loop 2	352.54764424	0.0458116595942	-9.19384330753e-05	0.0319832101828	0.0366264609725	-0.0512527405861	-0.0174488690023	0.00701029430935
	 Inner loop 2	352.54764424	0.0458074264253	-2.52476928739e-08	0.0319615239486	0.0365962557359	-0.0512527611491	-0.0173050437831	0.00695282838411
	 Inner loop 2	352.54764424	0.0458074203163	1.0725229075e-07	0.0319614926778	0.0365962121903	-0.0512527611786	-0.0173048364372	0.00695274553826
Outer loop 	90	0.0458074252613	0.00695281259798
	 Inner loop 2	353.096506954	0.0457986149215	2.16536704198e-05	0.0328440124026	0.0368251344244	-0.0512526011129	-0.0183948920437	0.00738828149184
	 Inner loop 2	353.096506954	0.0458037069876	-8.99143372172e-05	0.0328712920419	0.0368620514149	-0.051252574389	-0.018570683405	0.00745851961336
	 Inner loop 2	353.096506954	0.045799605392	-2.47035910859e-08	0.0328493143626	0.0368323080098	-0.0512525959398	-0.0184290511362	0.00740192988996
	 Inner loop 2	353.096506954	0.0457995995775	1.02588932443e-07	0.0328492832321	0.036832265888	-0.0512525959702	-0.0184288505609	0.00740184974935
Outer loop 	91	0.0457996042635	0.00740191433714
	 Inner loop 2	353.645369668	0.0457905591585	2.17034756187e-05	0.0337531382163	0.0370668361834	-0.0512524215522	-0.019545849372	0.007848150965
	 Inner loop 2	353.645369668	0.0457955214625	-8.80662984445e-05	0.033780929294	0.0371034094173	-0.051252393437	-0.0197200115728	0.00791773814913
	 Inner loop 2	353.645369668	0.0457915424188	-2.42507951845e-08	0.0337586404921	0.0370740758299	-0.0512524160065	-0.0195803245663	0.00786192566285
	 Inner loop 2	353.645369668	0.0457915368693	9.84114243464e-08	0.0337586094313	0.0370740349595	-0.0512524160378	-0.0195801299415	0.00786184789978
Outer loop 	92	0.0457915413216	0.00786191028881
	 Inner loop 2	354.194232382	0.0457822556772	2.17905235985e-05	0.0346838484677	0.0373142556813	-0.0512522265081	-0.0207240871172	0.0083189204348
	 Inner loop 2	354.194232382	0.0457870973429	-8.63678263939e-05	0.0347121812881	0.0373505428582	-0.0512521969466	-0.0208968950262	0.00838796650635
	 Inner loop 2	354.194232382	0.045783233197	-2.38753083415e-08	0.0346895642233	0.0373215747941	-0.0512522205652	-0.0207589423274	0.00833284696948
	 Inner loop 2	354.194232382	0.0457832278876	9.46386130296e-08	0.0346895331724	0.0373215350311	-0.0512522205976	-0.0207587529673	0.0083327713099
Outer loop 	93	0.0457832321274	0.00833283172744
	 Inner loop 2	354.743095095	0.0457736998699	2.19114435092e-05	0.0356362487778	0.0375674210107	-0.051252015167	-0.021929743178	0.00880064499911
	 Inner loop 2	354.743095095	0.0457784286636	-8.47963414314e-05	0.0356651514871	0.0376034723498	-0.0512519841033	-0.022101436075	0.00886924556331
	 Inner loop 2	354.743095095	0.0457746729176	-2.3565521895e-08	0.0356421913787	0.0375748321471	-0.0512520088009	-0.0219650382904	0.00881474729843
	 Inner loop 2	354.743095095	0.0457746678277	9.12040756806e-08	0.0356421602873	0.0375747933706	-0.0512520088342	-0.0219648536196	0.00881467351248
Outer loop 	94	0.0457746718725	0.00881473214805
	 Inner loop 2	355.291957809	0.0457648866152	2.20633755253e-05	0.0366104855855	0.0378263709417	-0.0512517866815	-0.0231630064702	0.00929340014001
	 Inner loop 2	355.291957809	0.0457695091494	-8.33325413353e-05	0.036639984375	0.0378622302437	-0.051251754059	-0.023333793101	0.00936163860202
	 Inner loop 2	355.291957809	0.0457658562856	-2.33116612749e-08	0.0366166686438	0.037833885959	-0.0512517798646	-0.0231987980499	0.00930770080477
	 Inner loop 2	355.291957809	0.0457658513977	8.80527385796e-08	0.0366166374697	0.0378338480676	-0.051251779899	-0.0231986175856	0.00930762869955
Outer loop 	95	0.0457658552624	0.00930768571117
	 Inner loop 2	355.840820523	0.0457558102925	2.22438941811e-05	0.0376067435601	0.0380911542502	-0.0512515401684	-0.0244241137477	0.00979728045347
	 Inner loop 2	355.840820523	0.045760332196	-8.19598762688e-05	0.037636862851	0.0381268597946	-0.0512515059299	-0.0245941765919	0.00986522972374
	 Inner loop 2	355.840820523	0.0457567775282	-2.31055864372e-08	0.037613180979	0.038098784434	-0.0512515328716	-0.0244604556469	0.00981180100051
	 Inner loop 2	355.840820523	0.0457567728275	8.51393708312e-08	0.037613149687	0.0380987473424	-0.0512515329071	-0.0244602789828	0.0098117304137
Outer loop 	96	0.0457567765248	0.00981178593331
	 Inner loop 2	356.389683237	0.0457464647898	2.24509443677e-05	0.0386252434331	0.0383618291551	-0.0512512747064	-0.0257133469375	0.0103123985844
	 Inner loop 2	356.389683237	0.0457508908516	-8.06641128867e-05	0.0386560060427	0.0383974144588	-0.0512512387939	-0.0258828458204	0.0103801225218
	 Inner loop 2	356.389683237	0.045747430401	-2.29402859001e-08	0.0386319494508	0.038369585329	-0.0512512668989	-0.0257502908212	0.0103271596568
	 Inner loop 2	356.389683237	0.0457474258751	8.24258350948e-08	0.0386319180122	0.0383695489656	-0.0512512669356	-0.0257501176164	0.0103270904521
Outer loop 	97	0.0457474294156	0.0103271445896
