30.038250000000001450 0.104090000000000002 104.563770000000005211
30.464580000000001547 0.104099999999999998 98.354399639273694333
30.691310000000001423 0.104048857715430876 103.977749318637251008
31.251580000000000581 0.103690000000000004 93.096276533066514958
31.663219999999999033 0.103700000000000001 98.646525751503375545
32.303510000000002833 0.103700000000000001 100.687405370741501542
32.713059999999998695 0.103700000000000001 96.344463206413095691
33.139350000000000307 0.103700000000000001 100.236944368737383115
33.603509999999999991 0.103700000000000001 103.577577955911834806
34.142459999999999809 0.103700000000000001 103.010290440882812391
34.587680721442772835 0.103690000000000004 104.871082044087529539
35.141919999999998936 0.103449358717434881 102.014407655310563428
35.566809999999996705 0.103150000000000006 98.132554288576514523
36.154119999999998925 0.103150000000000006 97.328161242483716364
36.901260000000000616 0.103160000000000002 98.979756372744986948
37.239163306613249915 0.103160000000000002 100.766294248496805608
38.028739999999999100 0.103160000000000002 96.726429018036611751
38.224009999999999820 0.103160000000000002 102.242758436874723316
38.894799999999996487 0.103160000000000002 102.349220681362567120
39.443390000000000839 0.103137074148296634 103.126127374748733700
39.937319999999999709 0.102610000000000007 96.225503887774848977
40.391959999999997422 0.102610000000000007 96.714232705410381641
40.834159999999997126 0.102610000000000007 99.125379599197103175
41.436489999999999156 0.102620000000000003 100.080885370741512475
42.033439999999998804 0.102620000000000003 101.037595951904648928
42.833073346693332439 0.102610000000000007 103.199302444889710273
43.610660000000002867 0.102597575150300602 104.906364468937780998
44.502613707414631961 0.101780000000000009 94.970553507015907257
45.423490000000001032 0.101780000000000009 97.678857815630536265
46.314379999999999882 0.101790000000000005 98.756638797594831658
47.229210000000001912 0.101790000000000005 100.679787715428432193
48.173799999999999955 0.101790000000000005 102.059831402806622691
48.995660000000000878 0.101780000000000009 102.686398216434440656
49.762561262525053962 0.101398076152304617 99.882920000000027017
50.564000000000000057 0.101240000000000011 99.031282805610928222
51.277979999999999450 0.101240000000000011 100.673908376755022687
52.040709999999997137 0.101220000000000004 101.229692725450661328
52.731619999999999493 0.100760000000000002 97.315292464929470384
53.421952244489098405 0.100770000000000012 98.859703026051803931
54.110529999999997131 0.100770000000000012 99.757850220441568467
54.762500000000002842 0.100770000000000012 101.890334809619204748
55.476370000000002847 0.100760000000000002 103.108541703407510681
56.110050000000001091 0.100103006012024084 95.702035791585487345
56.824689999999996814 0.099970000000000003 96.865603727455365402
57.607729999999996551 0.099979999999999999 98.670967494990023283
58.350180000000001712 0.099979999999999999 100.259027294588307200
59.126323446893920277 0.099979999999999999 102.358982204408761163
59.865389999999997883 0.099970000000000003 103.812116553105795447
60.598889999999997258 0.099396292585170382 98.447463406813128017
61.299799999999997624 0.099320000000000006 100.187098617235662346
62.022260000000002833 0.099320000000000006 101.803440981963476020
62.740474869739230712 0.098830000000000001 97.902139398799192804
63.441180000000002792 0.098830000000000001 100.012873547094514493
64.119829999999993220 0.098820000000000005 101.660886593187072435
64.864590000000006853 0.098310000000000008 98.424188817635027249
65.568259999999995102 0.098070000000000004 97.487312905811634778
66.243340000000003442 0.098060000000000008 100.307164589178370306
66.982669999999998822 0.097939999999999999 101.508481703407383634
67.649510000000006471 0.097468436873747510 99.130762505010196151
68.369902765531080036 0.097265651302605213 99.950043346693178137
69.063349999999999795 0.096970000000000001 99.017624428857800467
69.733729999999994220 0.096890080160320663 101.671344629258697978
70.433760000000006585 0.096284589178356722 99.399207835671447242
71.135480000000001155 0.096010000000000012 100.178866092184136960
71.788150000000001683 0.095841723446893776 102.438288977956148074
72.526409999999998490 0.095068937875751519 98.079508116232602788
73.223029999999994288 0.094796152304609249 99.960480100200072684
73.867679999999992901 0.094123366733466926 98.428664288576655395
74.529136332665231635 0.093700581162324673 99.293052845694390385
75.235269999999999868 0.093055591182364769 99.490943486970735421
75.901610000000005130 0.092595010020040086 102.242799779559049966
76.719989999999995689 0.091496673346693480 98.923952885771342380
77.380200000000002092 0.090760000000000007 99.586303346692801597
78.098990000000000578 0.090036653306613243 99.584446432865320276
78.793980000000004793 0.089263867735470986 99.982217675352274000
79.454800000000005866 0.088272164328657282 97.880546492983512508
80.193169999999994957 0.087348296593186395 99.807778016029615742
80.892979999999994334 0.086455511022044115 99.439897254509446611
81.566142905811275909 0.085835450901803709 101.067541583175554365
82.207689999999999486 0.084399939879759495 97.838025651308825559
82.887325851703423041 0.083750000000000005 102.267722525050174909
83.600089999999994461 0.083093106212424911 102.740511883767652535
84.225989999999995916 0.080544749498998064 97.152478797595350102
84.919629999999997949 0.078808797595190438 97.884852905811854384
85.588890000000006353 0.077952024048096175 100.653994889779795585
86.273989639278667596 0.075812905811623171 98.925951783567924736
86.964870000000004779 0.073661322645290656 100.745829138275496462
87.598820000000003461 0.071445931863727746 101.867444789584027376
88.288162565130093640 0.066623827655310844 97.118931623251270935
89.000950000000003115 0.062096673346693949 101.054747474952819175
89.686641663326554408 0.055169478957916109 101.580755290579190842
90.430440000000004375 0.044857695390781258 100.805380761521590216
91.104259999999996467 0.034845911823647678 100.031251583168753427
91.875950981963583786 0.028195651302605637 98.398517174352718939
92.447590000000005261 0.025224468937875555 99.388079719436177584
93.197699999999997544 0.023230741482965903 99.477875931864190306
93.875529999999997699 0.021565170340681422 99.101693567133168017
94.516400000000004411 0.020419398797595148 100.846691663325316313
95.260150400801450132 0.018680000000000002 98.807344188379630623
95.934200000000004138 0.017942685370741701 98.836342484971666522
96.584689999999994825 0.016942885771543001 98.978864729457740168
97.227519999999998390 0.016077314629258488 97.990833326653941526
97.843969999999998777 0.015525871743487005 99.920744729458448319
98.485470000000006507 0.014713086172344708 100.587383987974860133
99.236649999999997362 0.013890300601202429 99.633078697392619461
99.911310000000000286 0.013417515030060112 101.712932805610805076
100.563379999999995107 0.012720000000000009 100.998380821642896876
101.245199999999996976 0.012040000000000009 99.714200961923907585
101.950289999999995416 0.011670000000000000 100.766462605212765880
102.696659999999994284 0.011070000000000010 99.663754669338871395
103.424369999999996139 0.010670000000000013 99.840233947899875488
104.158186933867810353 0.010140000000000010 98.437768196392170239
104.880870000000001596 0.009878016032064146 100.386090020040967374
105.543989999999993756 0.009345230460921880 97.798050020039752894
106.265349999999997976 0.009260000000000004 100.926430641280589384
106.874949999999998340 0.008839659318637255 99.054815951905126781
107.606160000000002697 0.008360000000000006 97.261193166332361670
108.269170000000002574 0.008304088176352697 100.894028056113484126
108.918639999999996348 0.007920000000000010 98.824286272542636311
109.609700000000003683 0.007810000000000011 101.278896693395978446
110.262789999999995416 0.007410000000000000 99.433551643292588551
110.901176272545143320 0.007330000000000003 101.541854669337240580
111.572980000000001155 0.006950000000000012 99.854783266529082653
112.184359999999998081 0.006787374749498989 101.180147975950234240
112.985370000000003188 0.006450000000000011 99.971832725444770062
113.596469999999996503 0.006440000000000001 103.058612825634625665
114.237780000000000769 0.006019018036072105 99.937033827641769790
114.945139999999994984 0.005986232464929853 101.819362825651026583
115.680850000000006617 0.005480000000000013 96.582633807620979383
116.383358897795616826 0.005480000000000013 99.501684348696826987
117.015379999999993288 0.005480000000000013 102.876862444896786997
117.635903246493043639 0.005030000000000007 97.406186452907959961
118.287099999999995248 0.005030000000000007 101.592896432875136270
119.019660000000001787 0.004939038076152286 100.316625891785534463
119.768749999999997158 0.004540000000000002 97.896539018042034286
120.375789999999994961 0.004540000000000002 100.117759238475585448
121.080179999999998586 0.004540000000000002 103.505071122254534544
121.796109999999998763 0.004178376753507004 97.907727334669615971
122.477492645290595874 0.004140000000000005 100.568663466933514883
123.190110000000004220 0.003920000000000007 98.667041583168781926
123.912679999999994607 0.003820000000000004 100.776237434865876708
124.533929999999998017 0.003680000000000003 100.139063126250889013
125.247060000000004720 0.003520000000000009 100.518317675352747642
126.020359438877790126 0.003420000000000006 102.402619458918195505
126.613590000000002078 0.002838877755511060 98.720331503005979812
127.249390000000005330 0.002640000000000003 98.045793446892275824
127.887429999999994834 0.002640000000000003 100.754782184365240028
128.573579999999992651 0.002640000000000003 103.681148036072528384
129.286888336673229105 0.002190000000000011 99.003689759519261315
130.088850000000007867 0.002130000000000007 100.406347434869886115
130.709869999999995116 0.001772164328657358 96.647453727457687478
131.381619999999998072 0.001740000000000005 100.948496553106565443
131.989470000000011396 0.001670000000000005 101.590605731465842609
132.712554669338715030 0.001469999999999999 100.155328617234829380
133.366359999999986030 0.001289999999999999 99.572877975951001872
134.149746733466969317 0.001190000000000010 100.424050180360879381
134.868840000000005830 0.001015450901803661 99.906323366735662717
135.453699999999997772 0.000750000000000001 99.116724248497177996
136.139649999999988950 0.000750000000000001 101.025081122242383458
136.741909999999990077 0.000590000000000007 99.857557234468799834
137.463589118236200193 0.000480000000000008 99.628257975954781500
138.151060000000001082 0.000350000000000003 99.579074348696877905
138.745069999999998345 0.000338737474949946 100.900250761521235177
139.325269999999989068 0.000109999999999999 98.338550841683357362
139.832690000000013697 0.000100000000000003 99.613066072145471708
140.292270000000002028 0.000100000000000003 100.803579078156275273
140.555710000000004811 0.000100000000000003 100.728087755513897150
140.594240000000013424 0.000100000000000003 100.242855050101553616
140.532911803607220236 0.000080000000000011 99.921872765529428762
140.410830000000004247 0.000000000000000000 98.198215390781612655
140.185100000000005593 0.000000000000000000 97.704203867734747746
140.021330000000006066 0.000000000000000000 97.459823667337545317
139.895049999999997681 0.000010000000000010 97.328598937872882857
139.562639999999987594 0.000070000000000001 98.154101823650265146
139.347000000000008413 0.000280000000000002 102.224704549098333928
139.116240000000004784 0.000280000000000002 101.340268196392628397
138.826099999999996726 0.000280000000000002 101.328571683369858647
138.522780000000011569 0.000280000000000002 100.227206733465564525
138.178969999999992524 0.000280000000000002 99.559084749496136624
137.846180000000003929 0.000280000000000002 99.209542184368572748
137.567990000000008877 0.000280000000000002 98.348150360723479935
137.204039999999992006 0.000290000000000012 97.505396192384523602
136.828249999999997044 0.000470000000000012 100.919424949903103084
136.558410000000009177 0.000500000000000000 100.888169258517166327
136.170170000000013033 0.000500000000000000 100.266947474947670571
135.868179999999995289 0.000500000000000000 99.579267354709685378
135.524167414829804557 0.000500000000000000 99.046590360721864954
135.231799999999992679 0.000570901803607207 100.471379559118503266
134.936479999999988877 0.000620000000000009 100.609807334669113743
134.652924829659326633 0.000620000000000009 99.521808416834133482
134.284439999999989368 0.000660000000000008 100.394160961926033337
134.009119999999995798 0.000690000000000010 100.233151643287101251
133.748169999999987567 0.000700000000000006 99.554610701401486494
133.413409999999998945 0.000760000000000011 99.659580881764782134
133.119509999999991123 0.000760000000000011 98.894259919841246642
132.773619999999993979 0.000840000000000007 100.023449579157755807
132.495669999999989841 0.000840000000000007 99.521898597194436320
132.183789999999987685 0.001128757515030041 104.850181683365732965
131.755329999999986512 0.001160000000000008 104.027038456914411313
131.414109999999993761 0.001150000000000012 103.364083206410967364
131.042427735470937478 0.000982885771543082 98.849005771542934440
130.704250000000001819 0.000880000000000006 96.297025010020220748
130.366215891783639336 0.000890000000000002 96.037913527055351892
130.006450000000000955 0.001090941883767446 99.431295531058637494
129.667129999999986012 0.001260000000000011 101.599018677358102991
129.347350000000005821 0.001250000000000001 101.231466973947973997
129.017470000000002983 0.001250000000000001 100.447880220441149390
128.720660000000009404 0.001250000000000001 99.476881843688090612
128.351229999999986831 0.001260000000000011 98.475708116231800204
127.984219999999993433 0.001260000000000011 97.677024769539073645
127.586209999999994125 0.001434969939879793 100.662821623244610691
127.252539999999996212 0.001469999999999999 101.061453326652966211
126.943337294589312592 0.001469999999999999 99.977729478960839060
126.613200000000006185 0.001469999999999999 99.440703286572457387
126.314940000000007103 0.001560000000000006 100.148491923850571084
125.975663807615262613 0.001620000000000010 100.482692845691261141
125.679760000000001696 0.001620000000000010 99.809344248498518937
125.360762044088232869 0.001620000000000010 99.206143046091483484
124.906980000000004338 0.001630000000000006 99.113263266536293372
124.537319999999994025 0.001700000000000007 100.093085290584184577
124.115700000000003911 0.001710000000000003 99.655796813625556752
123.722539999999995075 0.001790000000000000 99.911266873746853889
123.404499999999998749 0.001790000000000000 99.246582545089879090
123.029650000000003729 0.001971182364729443 102.073560100200666056
122.697749999999999204 0.002080000000000012 103.729465010015800885
122.361949999999993111 0.002080000000000012 103.147766893785501452
122.125640000000004193 0.002070000000000002 101.985383206413430912
121.847470000000001278 0.002000000000000002 99.774386673347009946
121.513450000000005957 0.002000000000000002 99.228326492986369090
121.122510000000005448 0.002000000000000002 98.314052725453095150
120.701930000000004384 0.002000000000000002 97.517759919841239480
120.353589999999996962 0.002010000000000012 97.036395090180533884
120.033069999999995048 0.002050000000000010 97.173613326653068611
119.705759999999997945 0.002240000000000006 99.986718036073071403
119.416769999999999641 0.002260000000000012 99.513037334667927780
119.076148056112401719 0.002360000000000001 100.826288717436412412
118.665959999999998331 0.002430000000000002 101.369056953906451213
118.369370000000003529 0.002430000000000002 100.529901843687909491
117.985640000000003624 0.002430000000000002 99.068025851701193574
117.670339999999995939 0.002430000000000002 98.857515971943499267
117.286820000000005848 0.002600000000000005 100.773336793585627902
116.915850000000006048 0.002600000000000005 100.355276513026581142
116.586500000000000909 0.002600000000000005 99.216582004010135165
116.216140040080219364 0.002636893787575131 99.574164909819899094
115.867879999999999541 0.002700000000000008 99.275222444891383589
115.490712484969989760 0.002750000000000002 100.043786793588125761
115.144959999999997535 0.002780000000000005 99.682458296597886260
114.819400000000001683 0.003041963927855731 104.223247935870134029
114.508889999999993847 0.003040000000000001 103.760009158314659317
114.215140000000005216 0.003040000000000001 102.124241042082331887
113.922929999999993811 0.003030000000000005 101.715451883762412422
113.590050000000005070 0.002970000000000000 99.674663527050427092
113.268860000000003652 0.002960000000000004 98.436657294588542300
112.942058156312683082 0.002960000000000004 98.299590040081056941
112.625720000000001164 0.002970000000000000 97.169143967935909245
112.325895951903859782 0.002970000000000000 97.317387214428265452
112.014309999999994716 0.003103106212424780 99.151445671340695753
111.772989999999992961 0.003220000000000001 100.570780400799833387
111.502521503005979753 0.003220000000000001 99.919364889780126759
111.225719999999995480 0.003230000000000011 99.124058216434491442
110.982370000000003074 0.003400000000000000 101.629431543084521650
110.709779999999994970 0.003400000000000000 100.497339178354138767
110.474140000000005557 0.003400000000000000 100.034831442885064234
110.168066733466943674 0.003400000000000000 98.972959759518857936
109.887659999999996785 0.003400000000000000 98.535445511022132337
109.637219999999999231 0.003410000000000010 98.386391783567134439
109.409513386773653565 0.003560000000000008 101.108115971943220757
109.181849999999997181 0.003560000000000008 99.833268496997177976
108.952320000000000277 0.003560000000000008 99.176284028055334829
108.723674929859811300 0.003590000000000010 99.720500961922610372
108.465680000000006089 0.003700000000000009 100.119845430857992596
108.139325551102274403 0.003700000000000009 100.088247995994052530
107.937659999999993943 0.003700000000000009 99.588395410821661358
107.668035751503055053 0.003710000000000005 98.667991663326560570
107.408410000000003492 0.004130000000000009 105.173253707415383928
107.162390000000002033 0.004120000000000013 104.866669158312475929
106.913470000000003779 0.003901182364729541 99.908453607216102910
106.643060000000005516 0.003700000000000009 95.691860300599714151
106.431920000000005189 0.003710000000000005 95.343389919839083291
106.123270000000005098 0.004160000000000011 102.660066513024531787
105.899119999999996367 0.004180000000000003 103.370157735473213734
105.635763667334757088 0.004180000000000003 102.183212605213711299
105.375190000000003465 0.004180000000000003 100.829859819641896479
105.145579999999995380 0.004180000000000003 99.512136993980135458
104.909799639278531913 0.004180000000000003 98.806529659320901260
104.643630000000001701 0.004180000000000003 98.489892404804422199
104.397620000000003415 0.004180000000000003 98.288212444886866592
104.058520000000001460 0.004180000000000003 97.756693466928737735
103.804429999999996426 0.004482244488977882 102.018033106222375750
103.454556432865715010 0.004570000000000005 101.859048657313010722
103.120410000000006789 0.004560000000000008 101.855870420840020074
102.871390000000005216 0.004560000000000008 100.982875170347682570
102.607720000000000482 0.004560000000000008 99.724471863717781162
102.314220000000005939 0.004570000000000005 97.224229458917903912
101.929653707414814789 0.004570000000000005 97.309396753506320010
101.579539999999994393 0.005070000000000005 103.687538336672446349
101.154460000000000264 0.005060000000000009 102.318458937869252168
100.760362104208553546 0.005060000000000009 100.605686012016292352
100.343149999999994293 0.005060000000000009 100.273894589180528669
99.944400000000001683 0.005060000000000009 97.182117955910399587
99.407889999999994757 0.005060000000000009 96.664069779560648499
98.936070000000000846 0.005368456913827618 100.475027254511459773
98.396632124248398554 0.005530000000000007 98.836946993985336007
97.798050000000003479 0.005674028056112279 101.453899639285623380
97.247919999999993479 0.006030000000000008 102.700251523045324120
96.676320000000004029 0.006030000000000008 99.399351863722529288
95.983879999999999200 0.006030000000000008 100.317309979959389921
95.564300000000002910 0.006090340681362660 94.723192004007543687
94.947460000000006630 0.006470000000000004 102.637490200408549867
94.459850000000002979 0.006470000000000004 97.649268076157753171
93.903840581162299372 0.006500000000000006 100.419712765530675824
93.505070000000003461 0.006960000000000008 98.250982605213394550
92.819839999999999236 0.006960000000000008 101.718166072144100553
92.349819999999994025 0.007161883767535127 97.616273807614106772
91.813349999999999795 0.007360000000000005 100.922533486973748040
91.323520961923719597 0.007360000000000005 100.553538517036173516
90.961089999999998668 0.007430000000000006 95.842431643286772669
90.432820000000006644 0.007890000000000008 104.852131763530962871
90.028903607214601834 0.007900000000000004 99.921528456913719651
89.590090000000003556 0.007900000000000004 96.783217274553820175
89.133312024048322542 0.008251382765530987 105.882148597204903240
88.760329999999996176 0.008320000000000008 97.240649959919267076
88.340639999999993393 0.008320000000000008 97.821278617235009278
87.843000000000003524 0.008809478957915937 106.005454749503883249
87.533169999999998367 0.008940000000000003 96.881345931863435794
87.117720000000005598 0.008940000000000003 100.916652264529190575
86.778115050100183225 0.008940000000000003 101.147393707414906316
86.496330000000000382 0.009202645290581055 97.023789779555443147
86.024180000000001201 0.009430000000000008 100.676094749503434400
85.689183767535212155 0.009430000000000008 102.369520661322823685
85.546629999999993288 0.009469238476953828 94.438645190378025518
85.147467194388767098 0.009990000000000013 102.756861262525234224
84.681110000000003879 0.009990000000000013 103.813010581162330936
84.420619999999999550 0.009990000000000013 95.322310320639928705
84.165210000000001855 0.010140000000000010 99.862505450901537074
83.828760000000002606 0.010350000000000012 102.068500480961191101
83.559780000000003497 0.010631903807615237 96.697571422845669531
83.232535310621145186 0.010770000000000002 101.525448917841075058
82.908799999999999386 0.010770000000000002 100.479519939879651247
82.714267795591382537 0.010978617234468843 94.003291002005369137
82.337170000000000414 0.011240000000000000 101.439841843702609481
82.111980000000002633 0.011290000000000008 100.323825971943506374
81.806359999999997967 0.011882665330661318 96.767644569138255406
81.393190000000004147 0.012050000000000005 102.163180060123295334
81.064819999999997435 0.012100000000000000 100.866355711429932285
80.837950000000006412 0.012211022044088235 91.977584589177382668
80.512469999999993320 0.012900000000000009 105.146700380761515703
80.067841242484917075 0.012980000000000005 100.529784068136066821
79.891429999999999723 0.013010000000000008 92.963071903808639718
79.497039999999998372 0.013310000000000002 102.609853967939201880
79.137730000000004793 0.013894949899799558 101.053474729456652881
78.934889999999995780 0.013960000000000000 94.029062605220417481
78.500020000000006348 0.014190000000000008 104.525179939879890867
78.230999999999994543 0.014740000000000003 102.527896132262327455
78.051839999999998554 0.014830000000000010 95.988870981964382167
77.736919999999997799 0.014940000000000009 104.558429599198433380
77.451769999999996230 0.015426653306613261 98.681394989980944388
77.203965831663310837 0.015790000000000012 99.326241042084646438
76.935130000000000905 0.015790000000000012 104.482534549098758703
76.697093587174620666 0.016170020040080113 95.635487394785954507
76.426230000000003884 0.016800000000000009 100.673808316638996985
76.011570000000006075 0.017090000000000008 104.544667034066975475
75.795339999999995939 0.017696753507014024 98.084652124247924121
75.476259999999996353 0.017970000000000000 97.672717134273057127
75.089692745491007031 0.018750000000000003 107.479610801603072900
74.916210000000006630 0.018930000000000002 95.295000641284332232
74.639250000000004093 0.019619519038076155 100.055274629259287167
74.296580000000005839 0.020492304609218484 107.713553767535927363
74.034180000000006316 0.021025270541082136 93.484795470940582618
73.682969999999997412 0.021980000000000000 99.652303086174512714
73.298169999999998936 0.023271322645290554 104.659886092183072037
72.937089999999997758 0.025754128256512632 88.946759839674328418
72.341516292585183123 0.029361162324648790 101.744022685381537485
71.720309999999997785 0.036140180360721703 105.874358136275120046
71.478970000000003893 0.039929018036072093 86.775466593188227193
70.601050000000000750 0.046330480961924228 104.595209519036600909
69.918660000000002697 0.056580621242485800 104.965572184379468013
69.471239999999994552 0.063151442885771847 94.877455150292391295
69.015839999999997190 0.066962945891783560 106.941472805615163111
68.663020000000003051 0.068627194388777540 98.515024148296731710
68.340410000000005653 0.069980000000000014 93.119167835675952460
68.043250000000000455 0.071370000000000003 105.804539158311015967
67.838849999999993656 0.072704529058115835 94.480525531061530842
67.419336953907830434 0.073880000000000001 101.330954709418520565
67.069820000000007099 0.075009659318637262 104.756193366731238825
66.764610000000004675 0.075779779559118091 92.297802144286279713
66.373559999999997672 0.076160000000000005 104.079384549093717283
66.155779999999992924 0.077244048096192480 98.573595671344250491
65.900810000000006994 0.078280801603206412 98.149790300601608806
65.503460000000004015 0.078980000000000009 106.912510020039391634
65.232359999999999900 0.079719118236472902 97.374444569137509120
64.978290000000001214 0.080149158316633218 97.655109458920719590
64.684020000000003847 0.080840000000000009 103.459076553097702345
64.401430000000004839 0.081444188376753324 93.347746733467062086
64.018289999999993256 0.081950000000000009 103.443182545090820668
63.726486713427220820 0.082610300601202349 100.829516853706991242
63.441740000000002908 0.083036172344689532 96.110140160320142400
62.935470000000002244 0.083680000000000004 106.116162945893449887
62.824228657314705515 0.083995971943887721 95.579209579158813881
62.471159999999997581 0.084650000000000003 100.227582985970485652
62.094239999999999213 0.085200000000000012 103.314239378755146959
62.099339999999997985 0.085200000000000012 93.676398476961963979
61.535510000000002151 0.086179799599198387 108.175785110219692342
61.292290000000001271 0.086362585170340622 96.751393206403975000
60.998199999999997090 0.086550000000000002 99.389162144291020695
60.597220000000000084 0.086936312625250520 103.920978737475209641
60.507950000000001012 0.087180941883767515 94.094141783565603987
60.133209999999998274 0.087490000000000012 102.240914268534595521
59.843727174348408937 0.087989539078156431 100.123474008018320092
59.601349999999996498 0.088540000000000008 97.189322104206851805
59.175060000000001992 0.088550000000000004 102.509465090182217750
58.819900400801813589 0.089520000000000002 101.155444629258440159
58.537489999999998247 0.089647655310621202 95.689919699402778974
58.136409999999997922 0.090240440881763473 105.637935350703699555
57.625430000000001485 0.090686452905811454 96.537337875743659765
57.299100000000002808 0.091090000000000004 100.570051943887520451
56.663872525050180684 0.091500000000000012 105.243293086171703976
56.626120000000000232 0.091741583166332713 94.857706913829289874
56.089579999999997995 0.092030000000000001 102.534265250499046829
55.890740000000000975 0.092280000000000001 101.570265651304168841
55.423340000000003158 0.092869879759518992 96.620026392787394798
55.050052164328505455 0.093120000000000008 106.513226753509172795
54.991140000000001464 0.093130000000000004 96.105456492983435624
54.572539999999996496 0.093250000000000000 96.185508136277874769
54.113966533066125919 0.093760000000000010 107.654045871745523755
53.952570000000001471 0.093780000000000002 96.012513206415050604
53.622190000000003351 0.094070000000000001 99.888628877755479607
53.018948256513418471 0.094700000000000006 105.200841102201252397
52.919879999999999143 0.094750000000000001 95.058290440878380423
52.491528296593195080 0.094830000000000012 101.535029098195863639
52.165840000000002874 0.095140000000000002 101.136489318636407120
52.066280420841657417 0.095140000000000002 96.393386332663027360
51.660150000000001569 0.095230000000000009 103.236721883768993280
51.372990000000001487 0.096020000000000008 99.100975470935296130
50.980961422845624043 0.096070000000000003 99.741545150301149647
50.430840000000003442 0.096070000000000003 102.963912765530608340
50.330440000000002954 0.096180000000000002 93.852113887774123668
49.925220000000003040 0.096670000000000006 101.953142064128641664
49.622750000000003467 0.096670000000000006 103.129372825654698431
49.424474809619063365 0.096680000000000002 93.672823266533796982
48.877639999999999532 0.097060000000000007 103.014035831662880582
48.572159999999996671 0.097120000000000012 100.209079779559260714
48.295009999999997774 0.097251222444889762 96.061412064127878807
47.939639999999997144 0.097600000000000006 104.564405430863686775
47.607259819639914156 0.097793587174348579 99.804702104203371960
47.299999999999997158 0.097970000000000002 99.763931402806619531
46.908729999999998483 0.097960000000000005 103.753572965931752492
46.535060000000001423 0.097970000000000002 95.783067014025547792
46.147750000000002046 0.098307935871743551 100.093859659315512545
45.860469999999999402 0.098560000000000009 104.828423166333422500
45.698729999999997631 0.098560000000000009 94.732265511022049509
45.190080000000001803 0.098560000000000009 97.388105751502493490
44.780569999999997322 0.098950000000000010 103.881626012024625538
44.588500000000003354 0.098950000000000010 95.236076132258403959
44.259670240480801340 0.099030000000000007 99.895901442888302313
43.844320000000003290 0.099550000000000000 103.877031683366467973
43.581870000000002108 0.099570000000000006 95.851573847696229791
43.182359118236490758 0.099680000000000005 101.851860781562720604
42.709650000000003445 0.099909999999999999 100.273794829659379957
42.467489999999997963 0.099918577154308630 95.192689979959126845
42.008580000000002030 0.100470000000000004 106.779681001998980605
42.031069999999999709 0.100470000000000004 99.736780120240453584
41.547018557114213877 0.100470000000000004 96.223589018037898768
41.172660000000000480 0.100699719438877774 103.700420240481150813
41.044420000000002346 0.100860000000000005 97.304136853703354859
40.562480180360729776 0.100860000000000005 96.590501142289198810
40.064289999999999736 0.101400000000000004 106.521807755510408811
39.886389999999998679 0.101410000000000000 99.385105551102626009
39.656179999999999097 0.101410000000000000 97.601596753509980431
39.127110000000001833 0.101410000000000000 101.995185430864211185
38.871317995991610417 0.101820000000000008 98.644531422847165913
38.449770000000000891 0.101830000000000004 98.195471242484742902
37.912889999999997315 0.101910000000000001 102.773649819639487646
37.779899999999997817 0.102290000000000006 99.782616833666551770
37.498420000000002972 0.102310000000000012 100.779697535069630021
37.190816513026192069 0.102310000000000012 103.729536132261813464
36.786740000000001771 0.102310000000000012 95.813144288572829055
36.480559999999996990 0.102310000000000012 98.752286513026021453
36.097463086172353997 0.102610000000000007 105.198541402804650602
35.928710000000002367 0.102610000000000007 96.821506452904017692
35.477800000000002001 0.102610000000000007 97.885144068133129736
34.940783647294558989 0.102840000000000001 103.539183567134458031
34.741880000000001871 0.102972645290581158 98.202679879758633774
34.282978396793602371 0.103100000000000011 101.157216833667064293
33.804310000000000969 0.103160000000000002 104.873596853703560328
33.818370000000001596 0.103160000000000002 96.944274949895017812
33.199100000000001387 0.103160000000000002 101.091558917838426623
33.040019999999998390 0.103160000000000002 101.091784849696537663
32.783909999999998774 0.103160000000000002 96.090855390781399592
32.288150000000001683 0.103172144288577156 98.023994769538816740
31.726320000000001187 0.103640000000000010 105.010742865735124951
31.781369999999999010 0.103640000000000010 98.041764348697313380
31.562979999999999592 0.103630000000000000 102.623704989976388902
30.974869999999999237 0.103630000000000000 101.592629679358879002
30.735955991984191371 0.103630000000000000 96.165550340680027830
30.263500000000000512 0.103630000000000000 101.164289679359569618
30.240290280561321623 0.103630000000000000 100.607465010017989471
30.380250000000000199 0.103630000000000000 97.910069378764120529
30.289290000000001157 0.103630000000000000 101.875907154307441260
30.079170000000001295 0.103630000000000000 97.839160000000006789
