29.916360000000000952 0.027240000000000000
30.343959999999999155 0.027171422845690227
30.813469999999998805 0.026939999999999999
31.166129999999999001 0.026939999999999999
31.758637655308419312 0.026939999999999999
32.247249158314922113 0.026939999999999999
32.808270000000000266 0.026919999999999999
33.323120000000002960 0.026540000000000001
33.994047955914226122 0.026550000000000001
34.444079999999999586 0.026700000000000002
34.968919999999997117 0.026689999999999998
35.583530000000003213 0.026339999999999999
36.081159298599452256 0.026339999999999999
36.800159999999998206 0.026339999999999999
37.318570000000001130 0.026339999999999999
37.869059999999997501 0.025991342685369425
38.471609999999998308 0.025970000000000000
39.006500000000002615 0.026030000000000001
39.554630000000003065 0.026030000000000001
40.204399999999999693 0.026030000000000001
40.719901783566839981 0.025819999999999999
41.341290000000000759 0.025620000000000000
42.283020000000000493 0.025620000000000000
43.218559999999996535 0.025620000000000000
44.000019999999999243 0.025430000000000001
44.759480000000003486 0.025350000000000001
45.441360000000003083 0.025210000000000000
46.085320000000002949 0.025210000000000000
46.800119999999999720 0.025130000000000000
47.452550000000002228 0.025000000000000001
48.169965190383074116 0.024960000000000000
48.806840000000001112 0.024690000000000000
49.472110000000000696 0.024700000000000000
50.129120000000000346 0.024700000000000000
50.738711983967483832 0.024700000000000000
51.369812805610564510 0.024600000000000000
52.038840000000000430 0.024320000000000001
52.703670000000002460 0.024330000000000001
53.331530000000000769 0.024320000000000001
53.923029999999997131 0.024119999999999999
54.560070000000003176 0.024119999999999999
55.210235651301388771 0.023750000000000000
55.823497555110925816 0.023750000000000000
56.451819999999997890 0.023840000000000000
57.064770000000002881 0.023840000000000000
57.642020000000002256 0.023830000000000000
58.276029999999998665 0.023490000000000000
58.936160000000000991 0.023420000000000000
59.546210000000002083 0.023420000000000000
60.177133507013650160 0.023259999999999999
60.725009999999997490 0.023210000000000001
61.361166593188833929 0.022880000000000001
62.002808717433545382 0.022880000000000001
62.649070000000001812 0.022890000000000001
63.328000000000002956 0.022880000000000001
63.890598717437228515 0.022698256513025112
64.474999999999994316 0.022499999999999999
65.071039999999996439 0.022490000000000000
65.711190000000001987 0.022320000000000000
66.368160000000003151 0.022020000000000001
66.987239999999999895 0.022020000000000001
67.607240000000004443 0.022020000000000001
68.213579999999993220 0.021729999999999999
68.808130000000005566 0.021520000000000001
69.406139999999993506 0.021370000000000000
69.983819999999994366 0.021370000000000000
70.170643787575158967 0.021370000000000000
70.006379999999992947 0.021370000000000000
69.894769999999994070 0.021370000000000000
70.039730000000005816 0.021380000000000000
70.422920000000004848 0.021370000000000000
70.950230000000004793 0.021370000000000000
71.380549999999999500 0.020870000000000000
71.672110000000003538 0.020870000000000000
71.846010000000006812 0.020870000000000000
72.112859999999997740 0.020870000000000000
72.386960000000001969 0.020870000000000000
72.761830000000003338 0.020860000000000000
73.131388376753506009 0.020250000000000001
73.444599999999994111 0.020250000000000001
73.770409999999998263 0.020250000000000001
74.006469999999993092 0.020250000000000001
74.281919999999999504 0.020250000000000001
74.603859338678532254 0.020250000000000001
74.934709999999995489 0.019740000000000001
75.227630000000004884 0.019740000000000001
75.571194569138853581 0.019730000000000001
75.884500000000002728 0.019269999999999999
76.150450000000006412 0.019269999999999999
76.470330000000004134 0.019269999999999999
76.761080901804135124 0.019269999999999999
77.080410000000000537 0.018830000000000000
77.430099999999995930 0.018810901803607068
77.666989999999998417 0.018390000000000000
77.997789999999994848 0.018390000000000000
78.354874689378647190 0.018390000000000000
78.602450000000004593 0.018063186372744955
78.952380000000005111 0.017909999999999999
79.252759999999994989 0.017890000000000000
79.519099999999994566 0.017350000000000001
79.851140000000000896 0.017350000000000001
80.171866492986694652 0.017350000000000001
80.511960000000001969 0.016719999999999999
80.808490000000006148 0.016719999999999999
81.075749999999999318 0.016719999999999999
81.390820000000005052 0.016180000000000000
81.675820000000001642 0.016170000000000000
82.069900000000004070 0.015962244488977755
82.366820000000004143 0.015599999999999999
82.630619999999993297 0.015599999999999999
82.853297935871637492 0.015496513026052183
83.241690000000005512 0.014919999999999999
83.565299999999993474 0.014919999999999999
83.870017915831240884 0.014500000000000001
84.165499999999994429 0.014380000000000000
84.525720000000006848 0.014250000000000001
84.793488837674942715 0.013820000000000001
85.079830000000001178 0.013509999999999999
85.389210000000005607 0.013070000000000000
85.761920000000003483 0.013070000000000000
86.054469999999994911 0.012711482965931194
86.335949999999996862 0.012109999999999999
86.622820000000004370 0.012109999999999999
86.972480000000004452 0.012109999999999999
87.294730000000001269 0.011310000000000001
87.540469999999999118 0.011290000000000000
87.842990000000000350 0.010979278557112891
88.183940000000006876 0.010550701402805821
88.486109999999996489 0.010340000000000000
88.814959999999999241 0.009870000000000000
89.159341042085330287 0.009440000000000000
89.371170000000006439 0.009339999999999999
89.706040000000001555 0.008937815631261746
90.080051903808140423 0.008550000000000000
90.377200000000001978 0.008090000000000000
90.621859999999998081 0.007690000000000000
90.960369999999997503 0.007370000000000000
91.269570000000001642 0.006370000000000000
91.583230000000000359 0.006260000000000000
91.944537474949953548 0.006065551102204158
92.226699999999993906 0.005500000000000000
92.480770000000006803 0.005010000000000000
92.752430000000003929 0.004672044088176507
93.095330000000004134 0.004110000000000000
93.424769999999995207 0.003704889779558004
93.815594388777171275 0.003026312625250936
94.098990000000000578 0.002727735470942082
94.333039999999996894 0.002259158316632432
94.606690000000000396 0.001520581162325364
94.978203767535447355 0.001040000000000000
95.339640000000002829 0.000493426853706861
95.539749999999997954 -0.000140300601203326
95.878039999999998599 -0.000700000000000000
96.221270000000004075 -0.001250000000000000
96.477069999999997663 -0.002060000000000000
96.809594468939678791 -0.002949458917837135
97.072090000000002874 -0.003438036072144283
97.506730000000004566 -0.004323226452905613
97.835920000000001551 -0.004995190380762086
97.976650000000006457 -0.005620000000000000
98.365292985971905182 -0.006530000000000000
98.650989999999993074 -0.007260000000000000
98.991280000000003270 -0.007910000000000000
99.300870000000003301 -0.009310000000000001
99.588210000000003674 -0.010283306613226885
99.899979999999999336 -0.011390000000000001
100.233450000000004820 -0.012340000000000000
100.577486352705960826 -0.013822384769539502
100.847800000000006548 -0.014959999999999999
101.060833647294927573 -0.017309539078156549
101.421000000000006480 -0.022740581162323994
101.784130000000004657 -0.031143466933867985
102.067670000000006780 -0.037815811623248666
102.383279999999999177 -0.042557695390781289
102.769159999999999400 -0.047024849699398338
102.991749999999996135 -0.050211002004007833
103.268113186373852841 -0.052999999999999999
103.560029999999997585 -0.055570000000000001
103.937839999999994234 -0.058673466933868490
104.254779999999996676 -0.061890000000000001
104.530370000000004893 -0.063509999999999997
104.833606973947098595 -0.065170000000000006
105.149439999999998463 -0.066449999999999995
105.473910000000003606 -0.067889619238477347
105.816659999999998831 -0.068849999999999995
106.098595831663615741 -0.069870000000000002
106.368560000000002219 -0.070599999999999996
106.655529999999998836 -0.071473927855712008
107.013390000000001123 -0.072052505010019960
107.422939999999996985 -0.072661082164328636
107.646371623246665195 -0.073150000000000007
107.956829999999996517 -0.073450000000000001
108.165480000000002292 -0.073870000000000005
108.516090000000005489 -0.074349999999999999
108.936468376754007181 -0.074920000000000000
109.156790000000000873 -0.075139999999999998
109.410179999999996880 -0.075431122244489598
109.728499999999996817 -0.075800000000000006
110.103785971943224808 -0.076249999999999998
110.435300501001805173 -0.076660000000000006
110.729020000000005552 -0.076910000000000006
111.018609999999995352 -0.077170000000000002
111.310040000000000759 -0.077560000000000004
111.586860000000001492 -0.077661162324649285
111.889589999999998327 -0.078020000000000006
112.306039999999995871 -0.078450000000000006
112.638259699398503244 -0.078609999999999999
112.888660000000001560 -0.078860000000000000
113.146339999999995030 -0.079079999999999998
113.440979999999996153 -0.079299999999999995
113.795959999999993784 -0.079541202404809108
114.148750000000006821 -0.079740000000000005
114.431229999999999336 -0.080018356713427441
114.701470000000000482 -0.080259999999999998
114.976659999999995421 -0.080390000000000003
115.433670000000006439 -0.080699999999999994
115.683199999999999363 -0.080839999999999995
115.921750000000002956 -0.081140000000000004
116.218717695390807876 -0.081140000000000004
116.500330000000005271 -0.081460000000000005
116.953149999999993724 -0.081549999999999997
117.277400861723180014 -0.081860000000000002
117.504080000000001860 -0.081869999999999998
117.768699999999995498 -0.082089999999999996
118.132459999999994693 -0.082309999999999994
118.369619999999997617 -0.082339999999999997
118.696700000000006980 -0.082559999999999995
119.039609999999996148 -0.082790000000000002
119.376789999999999736 -0.082790000000000002
119.678219999999996048 -0.082940000000000000
119.940359999999998308 -0.083119999999999999
120.319689999999994257 -0.083180000000000004
120.542900000000003047 -0.083479999999999999
120.817204268537182088 -0.083470000000000003
121.200360000000003424 -0.083577054108216003
121.509349999999997749 -0.083799999999999999
121.850089999999994461 -0.083799999999999999
122.123810000000005971 -0.083890000000000006
122.510239999999996030 -0.084050000000000000
122.723590000000001510 -0.084110000000000004
123.019519999999999982 -0.084250000000000005
123.387540000000001328 -0.084349999999999994
123.651435230460947423 -0.084430000000000005
123.977130000000002497 -0.084620000000000001
124.267039999999994393 -0.084620000000000001
124.623990000000006262 -0.084629999999999997
124.946380000000004884 -0.084779999999999994
125.109560000000001878 -0.084860000000000005
125.115300000000004843 -0.084860000000000005
125.040160661322616420 -0.084849999999999995
124.841779999999999973 -0.084849999999999995
124.589089999999998781 -0.084849999999999995
124.267840000000006739 -0.084839999999999999
123.889120000000005462 -0.084730000000000000
123.663830000000004361 -0.084669999999999995
123.410740000000004102 -0.084669999999999995
123.144279999999994857 -0.084669999999999995
122.901330861723565135 -0.084540000000000004
122.507180000000005293 -0.084540000000000004
122.141490000000004557 -0.084540000000000004
121.905910000000005766 -0.084269999999999998
121.642292825650770283 -0.084458637274549470
121.253129999999998745 -0.084592785571143442
120.943079999999994811 -0.084159999999999999
120.672319999999999141 -0.084339999999999998
120.448879278557043904 -0.084339999999999998
120.099342084168441147 -0.084330000000000002
119.671649999999999636 -0.084150000000000003
119.341531142284893008 -0.084129999999999996
119.120490000000003761 -0.084089999999999998
118.840360000000003993 -0.083870000000000000
118.537919999999999732 -0.083879999999999996
118.221789999999998599 -0.083960000000000007
117.774990000000002510 -0.083949999999999997
117.497439999999997440 -0.083949999999999997
117.292709999999999582 -0.083849999999999994
116.946899999999999409 -0.083710000000000007
116.604839999999995825 -0.083710000000000007
116.318439999999995393 -0.083640000000000006
115.997889999999998167 -0.083430000000000004
115.704459999999997422 -0.083440000000000000
115.319289999999995189 -0.083570000000000005
115.017991923847787916 -0.083580000000000002
114.759029999999995653 -0.083419999999999994
114.505489999999994666 -0.083290000000000003
114.156970000000001164 -0.083290000000000003
113.759929959919887210 -0.083250000000000005
113.513929018035241825 -0.083190000000000000
113.183710000000004925 -0.083040000000000003
112.896109999999993079 -0.083040000000000003
112.614090000000004466 -0.083040000000000003
112.343490000000002738 -0.083040000000000003
111.914019999999993615 -0.082830000000000001
111.592710621242204638 -0.082820000000000005
111.334810000000004493 -0.082820000000000005
111.038600000000002410 -0.082760000000000000
110.764070000000003802 -0.082470000000000002
110.449340000000006512 -0.082489999999999994
110.098230000000000928 -0.082710000000000006
109.747699999999994702 -0.082559999999999995
109.460130480961822741 -0.082080000000000000
109.140820000000005052 -0.082191723446894807
108.944590000000005148 -0.082479999999999998
108.598359999999999559 -0.082140000000000005
108.302805430861340596 -0.082100000000000006
107.888390000000001123 -0.082100000000000006
107.530379999999993856 -0.082070000000000004
107.304839999999998668 -0.081930000000000003
107.064827515029918459 -0.081930000000000003
106.741020000000006007 -0.081619999999999998
106.347719999999995366 -0.081619999999999998
106.125240000000005125 -0.081629999999999994
105.797830000000004702 -0.081629999999999994
105.454769999999996344 -0.081629999999999994
105.183179999999993015 -0.081436773547094388
104.813149999999993156 -0.081259999999999999
104.606930000000005521 -0.081259999999999999
104.301297054108417228 -0.081259999999999999
104.075950000000005957 -0.081189999999999998
103.791250000000005116 -0.081030000000000005
103.520330000000001291 -0.081030000000000005
103.247119999999995343 -0.080810000000000007
103.039130000000000109 -0.080820000000000003
102.779049999999998022 -0.080820000000000003
102.541009999999999991 -0.080810000000000007
102.314109999999999445 -0.080600000000000005
102.058359999999993306 -0.080600000000000005
101.821794348697821420 -0.080399999999999999
101.595410000000001105 -0.080399999999999999
101.358000000000004093 -0.080399999999999999
101.113240000000004670 -0.080310000000000006
100.864040000000002806 -0.080220000000000000
100.589939999999998577 -0.080049999999999996
100.353600000000000136 -0.079869999999999997
100.100781843687684614 -0.079880000000000007
99.850650000000001683 -0.079880000000000007
99.603819999999998913 -0.079869999999999997
99.346109999999995921 -0.079450000000000007
99.090317615230759429 -0.079509999999999997
98.809950000000000614 -0.079509999999999997
98.548159999999995762 -0.079509999999999997
98.210070000000001755 -0.079269999999999993
97.893630000000001701 -0.078869999999999996
97.547219999999995821 -0.078880000000000006
97.191770000000005325 -0.078880000000000006
96.822199999999995157 -0.078839999999999993
96.408397414829963168 -0.078390000000000001
95.968042825650726968 -0.078380000000000005
95.584490000000002397 -0.077929999999999999
95.112330000000000041 -0.077920000000000003
94.623407414830239759 -0.077499999999999999
94.138210060119703826 -0.077079999999999996
93.685749999999998749 -0.077049999999999993
93.207440000000005398 -0.076640000000000000
92.802460641281967924 -0.076210000000000000
92.339969999999993888 -0.076175110220442002
91.924739999999999895 -0.075740000000000002
91.455680000000000973 -0.075417955911823500
91.019459999999995148 -0.075239378757514880
90.750140000000001805 -0.074889999999999998
90.364840000000000941 -0.074452224448897916
90.007210000000000605 -0.074370000000000006
89.634889999999998622 -0.073999999999999996
89.303017935871835675 -0.073716492985972340
89.065129999999996357 -0.073529999999999998
88.765670000000000073 -0.073179999999999995
88.501949999999993679 -0.073060000000000000
88.168825831663667714 -0.072450000000000001
87.888459999999994920 -0.072319999999999995
87.674260000000003856 -0.072080000000000005
87.425730000000001496 -0.071669999999999998
87.089389999999994529 -0.071429999999999993
86.772350000000002979 -0.071120000000000003
86.599789999999998713 -0.070739999999999997
86.304109999999994329 -0.070440000000000003
86.041079999999993788 -0.069629999999999997
85.733919999999997685 -0.069629999999999997
85.446640000000002146 -0.069220000000000004
85.179299999999997794 -0.068650000000000003
84.972679999999996880 -0.068389258517034410
84.651259999999993511 -0.067690000000000000
84.342089999999998895 -0.066970000000000002
84.041390000000006921 -0.066460000000000005
83.813447655309389006 -0.065930000000000002
83.583399999999997476 -0.065129999999999993
83.223950000000002092 -0.064210000000000003
82.887799999999998590 -0.062209218436873388
82.604100000000002524 -0.060589999999999998
82.307699999999996976 -0.058352064128256644
82.042403006011767275 -0.054286973947895632
81.755489999999994666 -0.048469458917835759
81.397520000000000095 -0.041876332665331688
81.041420000000002233 -0.035047755511022245
80.667285931863759174 -0.029550000000000000
80.390489999999999782 -0.022853006012019148
80.137770000000003279 -0.018044168336676717
79.911519999999995889 -0.013810340681364448
79.586010000000001696 -0.012374609218436637
79.307910000000006789 -0.010986292585171102
79.059666272545726429 -0.010120000000000001
78.712800000000001432 -0.009716553106210394
78.470969999999994116 -0.008180000000000000
78.223905751503878037 -0.006881983967937006
77.983310000000003015 -0.005893406813627523
77.648989999999997735 -0.004980000000000000
77.330060000000003129 -0.004106252505010889
77.008989999999997167 -0.003617675350701455
76.798480460921723534 -0.002900000000000000
76.513339999999999463 -0.002030000000000000
76.252089999999995484 -0.001481943887776166
75.886449999999996407 -0.001000000000000000
75.555871903807712897 -0.000314789579158078
75.319419999999993820 0.000480000000000000
74.931849999999997181 0.000692364729458212
74.609219999999993433 0.001510000000000000
74.330899999999999750 0.002079519038076645
74.037409999999994170 0.002470000000000000
73.793079939879760332 0.003170000000000000
73.405490000000000350 0.003710000000000000
73.144689999999997099 0.004103827655309355
72.715379999999996130 0.004720000000000000
72.433177234468942629 0.005110000000000000
72.031689999999997553 0.005699559118236382
71.736639999999994188 0.006020000000000000
71.443836533066630068 0.006570000000000000
71.137169999999997572 0.006890000000000000
70.848150000000003956 0.007623867735469586
70.524829999999994357 0.007849999999999999
70.261429859719925162 0.008580000000000001
70.071269999999998390 0.008580000000000001
69.954949999999996635 0.008800000000000001
69.725780000000000314 0.009209999999999999
69.459945150300654859 0.009465330661322397
69.069180000000002906 0.010050000000000000
68.702690000000004034 0.010350000000000000
68.175610000000006039 0.011020000000000000
67.634990000000001942 0.011499639278557173
67.051900000000003388 0.012200000000000001
66.382589999999993324 0.012950000000000000
65.702640000000002374 0.013750741482965489
64.971609999999998308 0.014297895791583685
64.268134168338761469 0.014812525050099792
63.413159999999997751 0.015630000000000002
62.568210000000000548 0.016340000000000000
61.616571923848084680 0.017239999999999998
60.514980000000001326 0.017970000000000000
59.728029999999996846 0.018060000000000000
59.206890000000001351 0.018460000000000001
58.689801523044522469 0.018960000000000001
58.341979999999999507 0.018960000000000001
57.589300000000001489 0.019599999999999999
57.094110000000000582 0.019689999999999999
56.531359999999999388 0.020170000000000000
56.071910000000002583 0.020199999999999999
55.389350000000000307 0.020870000000000000
54.892870000000002051 0.020870000000000000
54.410690000000002442 0.020870000000000000
53.729680000000001883 0.021960000000000000
53.232280000000002929 0.021950000000000001
52.723039999999997463 0.021940000000000001
52.224429999999998131 0.021950000000000001
51.463693086172206392 0.021960000000000000
50.956879999999998176 0.022890000000000001
50.456499999999998352 0.022880000000000001
49.679963406811985749 0.022880000000000001
48.911799999999999500 0.023420000000000000
48.255639999999999645 0.023503907815628691
47.658310000000000173 0.023740000000000001
47.003500000000002501 0.024629999999999999
46.342799999999996885 0.024427314629259692
45.688420000000000698 0.024180000000000000
45.074826533067742673 0.024369999999999999
44.835949999999996862 0.024670000000000001
44.135300000000000864 0.024846993987975029
43.332050000000002399 0.025059999999999999
42.653559999999998809 0.025219999999999999
42.176330000000000098 0.025239999999999999
41.608359999999997569 0.025501302605209563
40.922460000000000946 0.025520000000000001
40.351521803606395622 0.025718456913827840
39.872999999999997556 0.025899999999999999
39.221739999999996940 0.025899999999999999
38.646509999999999252 0.025960000000000000
38.175249999999998352 0.026150000000000000
37.470109999999998251 0.026210000000000001
37.015819999999997947 0.026220000000000000
36.111150000000002080 0.026640000000000000
35.543084388780023630 0.026660000000000000
34.878219999999998890 0.026660000000000000
34.436630000000000962 0.026660000000000000
33.858960000000003276 0.026730000000000000
32.947009999999998797 0.026911382765530352
32.635809999999999320 0.027089999999999999
31.942180000000000462 0.027089999999999999
31.181869999999999976 0.027089999999999999
30.580542665336118091 0.027330000000000000
30.171340000000000714 0.027349999999999999
30.136410000000001475 0.027349999999999999
30.116199999999999193 0.027330000000000000
29.993539999999999424 0.027220000000000001
