29.645710000000001116 0.055169999999999997 0.015610000000000001
29.792130000000000223 0.056189118470941886 7.800013120498998198
29.707540000000001612 0.057208236941883768 19.985557547186367344
29.729790000000001271 0.058229999999999997 33.135073037689366515
29.713049999999999073 0.059256473883767535 46.535046326733471744
29.591999999999998749 0.060275592354709417 60.189286915480963103
29.718090000000000117 0.061294710825651300 73.004712619118222960
29.771703160406811861 0.062313829296593189 85.975902332436874076
29.745940000000000936 0.063332947767535078 98.898546197162332305
29.855390148995990529 0.064352066238476960 110.757773865513016176
29.876449999999998397 0.065380000000000008 121.939623472905807944
29.860711023829829003 0.066400000000000001 132.950177912675115977
29.997759999999999536 0.067419421593461953 143.540213526547034917
30.009879999999999001 0.068438539268317666 154.959591915802405993
29.961279999999998580 0.069457658827303648 167.666754693326254255
29.855530000000001678 0.070480000000000001 180.225525770362594358
29.891690000000000538 0.071500000000000008 192.530671734156300090
29.834309999999998553 0.072700000000000001 206.147066732468800865
29.908100000000001017 0.072690000000000005 205.312245821812553004
29.929839999999998668 0.072416948357268487 201.802319310026973653
29.941090021404942689 0.072260000000000005 198.880866953557045917
30.000930000000000319 0.072270000000000015 198.613283197915848177
29.989382680196907671 0.072559999999999999 200.725767205624180178
30.112989999999999924 0.072559999999999999 202.190453901867755349
30.140419999999998879 0.072550000000000003 202.859337239839192080
30.465599999999998460 0.072510000000000005 201.848207809368602739
30.792850000000001387 0.072270000000000015 198.150133723192823254
30.993500000000000938 0.072270000000000015 198.531061589163527970
31.252829999999999444 0.072270000000000015 199.980003437144233658
31.597680000000000433 0.072270000000000015 200.251854492522738838
31.791930000000000689 0.072270000000000015 200.546221114408751873
32.062269999999998049 0.072270000000000015 200.935261893982982428
32.607689999999998065 0.072270000000000015 199.774818310812491973
32.731659798080151802 0.072270000000000015 201.829143224224594633
33.197870000000001767 0.072270000000000015 201.431590583378891779
33.513240000000003249 0.072080000000000005 199.626110166386155242
33.816040000000000987 0.072080000000000005 199.360688779687819761
34.194560000000002731 0.072080000000000005 200.801026412845658342
34.765929999999997335 0.071940000000000004 199.959979657831894428
35.359619999999999607 0.071940000000000004 200.673375775897909534
35.949150000000003047 0.071715460616263035 197.841737210449252871
36.494500000000002160 0.071700000000000000 198.344674338262450419
36.990369999999998640 0.071700000000000000 198.561021509218591063
37.479590000000001737 0.071700000000000000 199.077450751737217161
37.943280000000001451 0.071710000000000010 199.755949887274937282
38.399639999999997997 0.071710000000000010 200.597795856735331199
38.843910000000001048 0.071710000000000010 200.648571870621168500
39.291640000000001010 0.071700000000000000 201.231371943819624448
39.768110000000000070 0.071700000000000000 202.089899061652573664
40.221609999999998308 0.071480000000000002 199.529478994029574324
40.645209999999998729 0.071480000000000002 199.972573071255425248
41.053870000000003415 0.071480000000000002 200.646305634730339307
41.516410000000000480 0.071270000000000014 198.256131837329377277
41.993450000000002831 0.071230000000000002 197.884042646248758501
42.418239999999997281 0.071230000000000002 198.836398576260933169
42.820540000000001157 0.071240000000000012 199.534650748145509169
43.261820000000000164 0.071240000000000012 199.319654337919075715
43.710551269166323607 0.071240000000000012 200.366488759515590345
44.115229999999996835 0.071240000000000012 201.124139972281682276
44.521079999999997767 0.071240000000000012 201.747502644524985271
44.974730000000000985 0.071240000000000012 201.892409355976894858
45.358400000000003160 0.071083972066958490 200.532627598393446533
45.789039999999999964 0.070970000000000005 199.231566453964376251
46.222380000000001132 0.070970000000000005 199.320439627776352154
46.607050000000000978 0.070970000000000005 200.303543024516528703
47.035919999999997287 0.070970000000000005 200.900574431319739688
47.490499999999997272 0.070960000000000009 200.844227341047258051
47.906680000000001485 0.070690000000000003 197.878233070473868338
48.335038659908335035 0.070700000000000013 198.642941620863183516
48.728230000000003486 0.070700000000000013 198.892544552399840541
49.137892932867131890 0.070710000000000009 199.703750661058052174
49.591450000000001808 0.070720000000000005 200.483389285956207004
49.949809999999999377 0.070720000000000005 200.159216277204507151
50.327289999999997860 0.070720000000000005 200.794167878293166041
50.786599999999999966 0.070710000000000009 202.092044791278169669
51.210340000000002192 0.070700000000000013 202.473165191918440087
51.607070000000000221 0.070490000000000011 199.247941111231170908
51.975600000000000023 0.070480000000000001 199.548068556272937712
52.455060000000003129 0.070438960058544789 199.782056203056384902
52.893439999999998236 0.070280000000000009 198.118079207870920300
53.297539999999997917 0.070280000000000009 199.555699761267021586
53.694967675727305334 0.070280000000000009 198.917243107734861951
54.091749999999997556 0.070280000000000009 199.703572831828921608
54.525217759279662744 0.070280000000000009 199.914643454862158478
54.905290000000000816 0.070280000000000009 201.341412591175611624
55.307200000000001694 0.070280000000000009 201.231953488673809716
55.736530000000001905 0.070030000000000009 198.381329728805553714
56.180689999999998463 0.070030000000000009 199.411108673290442539
56.570599999999998886 0.070030000000000009 200.037914335990137715
56.964889999999996917 0.070030000000000009 199.897860161371085042
57.350979999999999848 0.070030000000000009 201.187702707449290074
57.834560000000003299 0.070030000000000009 201.981338915160932856
58.251695284469093394 0.069700000000000012 197.692997381330854978
58.599110000000003140 0.069710000000000008 197.997574187751411046
59.016541411617872370 0.069710000000000008 198.344383453112129700
59.418669999999998765 0.069720000000000004 199.106278962578159053
59.867380829393042063 0.069730000000000000 200.318375972366567339
60.287379999999998859 0.069730000000000000 200.713169466374921512
60.709852136303034342 0.069730000000000000 201.672618247708982153
61.164230000000003429 0.069720000000000004 201.719147963779903421
61.539189999999997838 0.069588357577327092 200.447924369603413197
61.967249999999999943 0.069340000000000013 198.225155314336973333
62.346840000000000259 0.069350000000000009 198.608878532063499733
62.730100000000000193 0.069350000000000009 199.724930521553261542
63.149110000000000298 0.069350000000000009 200.298311243615444255
63.572510000000001185 0.069350000000000009 200.814515292463113383
64.005030000000004975 0.069350000000000009 201.862955490939867786
64.425652919110859784 0.069270000000000012 201.339020319769616663
64.869590000000002306 0.069070000000000006 199.487981562075901820
65.289671666605883615 0.069070000000000006 199.659597545380506745
65.652289999999993597 0.069070000000000006 200.453212037041652138
66.048912790376149928 0.069040000000000004 200.806358063001482606
66.436269999999993274 0.068770000000000012 198.001886258706804256
66.820416134858518831 0.068780000000000008 198.931614095940659581
67.259069999999994138 0.068780000000000008 200.186454646579591099
67.695650000000000546 0.068780000000000008 200.588132637065569952
68.152770000000003847 0.068780000000000008 202.195711195590064335
68.580020000000004643 0.068650000000000003 200.746948261568434191
69.019540000000006330 0.068430000000000005 198.218902161326269606
69.371709999999993101 0.068430000000000005 199.988082146190748745
69.750919999999993593 0.068430000000000005 200.950216502764533288
70.162940000000006080 0.068430000000000005 201.982967281963425421
70.587934047581043728 0.068180000000000004 198.616160441687981120
70.965549999999993247 0.068180000000000004 200.950817109991248799
71.403083342641309628 0.067889505098108330 197.443481030104322826
71.780709999999999127 0.067870000000000000 199.194369643824160221
72.184970000000006962 0.067870000000000000 200.043166493345097479
72.679050000000003706 0.067870000000000000 201.951106665814052121
73.088310000000006994 0.067640000000000006 200.197271013629745084
73.518060000000005516 0.067470000000000002 199.636081449304327862
73.923069999999995616 0.067470000000000002 200.641316466551359099
74.344149999999999068 0.067270000000000010 199.283696098162124599
74.727099999999992974 0.067220000000000002 200.434687482598747010
75.072270000000003165 0.066910000000000011 198.449755284807594080
75.510919999999998709 0.066910000000000011 199.698127757061371312
75.942679999999995744 0.066910000000000011 201.984066185479520072
76.375849999999999795 0.066490000000000007 198.697581760432058218
76.774730000000005248 0.066460000000000005 200.124691750269477097
77.202410000000000423 0.066280000000000006 199.645629454714168105
77.559409999999999741 0.065870000000000012 197.403333551776910326
78.025360000000006266 0.065870000000000012 199.801923184201541517
78.402879999999996130 0.065870000000000012 201.860369795635079981
78.801540000000002806 0.065455376749503025 199.424148449582474996
79.198949999999996407 0.065380000000000008 200.163569733968870423
79.627809999999996649 0.064910000000000009 197.615923021381803437
80.068820000000002324 0.064860000000000001 200.266805430434203572
80.522490000000004784 0.064760000000000012 201.152579291322268773
80.904780000000002360 0.064430000000000001 199.664151763597772060
81.342746945437156114 0.064110664433487924 198.066058925680465563
81.695880000000002497 0.063950000000000007 199.693507691784049030
82.094960000000000377 0.063950000000000007 202.369157023240092030
82.515360000000001151 0.063470000000000013 199.542292709041930721
82.938779999999994175 0.063380000000000006 201.059434110479713809
83.391919999999998936 0.062950000000000006 200.580586006056989845
83.784580000000005384 0.062825957262128529 201.255140297366352797
84.224630000000004770 0.062520000000000006 200.777345047891429886
84.576970000000002869 0.061989999999999996 198.209096235277996811
85.010180000000005407 0.061989999999999996 200.931368321728598403
85.415620000000004097 0.061589481487479870 198.810558042738506401
85.817985106732777467 0.061120000000000001 198.011287880974890641
86.235100000000002751 0.061100000000000002 200.980136203055565147
86.688069999999996185 0.060492121814901191 198.587370254896029564
87.083560000000005630 0.060130000000000003 198.025801776896543061
87.486459999999993897 0.060130000000000003 201.409588652519573770
87.883989999999997167 0.060114774720475155 203.828357038084959640
88.328900000000004411 0.059190000000000000 197.720950952214138852
88.723950000000002092 0.059180000000000003 201.625148633694095679
89.120450000000005275 0.058637417934770633 199.545793583121877646
89.482780000000005316 0.058318288593170363 198.092900497113987512
89.956819999999993342 0.058060000000000000 200.950855360605885380
90.409455828492284013 0.057680000000000002 201.057651669276737039
90.794439999999994484 0.057209999999999997 199.902403404204932258
91.201271519330290971 0.056809999999999999 199.487310342511079853
91.609759999999994307 0.056309999999999999 197.770839043896472731
92.016841527866915840 0.056239999999999998 201.570391378476927002
92.408280000000004861 0.055789999999999999 201.179296673196688516
92.831631270160698932 0.055059999999999998 197.159968473406337353
93.231059999999999377 0.054940000000000003 201.411602258654085063
93.618570000000005393 0.054250000000000000 198.165064487225862422
94.060019999999994411 0.053997990710692112 198.731990360789524175
94.465580000000002769 0.053420000000000002 199.637975161862613049
94.896860000000003765 0.053089757002516530 199.233319873098963626
95.279570000000006758 0.052479999999999999 198.528099790752349918
95.656354540265382980 0.052370000000000000 201.348203038631965001
96.103740000000001942 0.051554799893226588 198.845602095137138576
96.530566137169429908 0.051273289586165352 201.211172256470035791
96.937340000000006057 0.050504160244565055 199.015266927861603108
97.358710000000002083 0.050080000000000000 199.288849203532123511
97.792689999999993233 0.049599999999999998 200.195260190574714443
98.229280000000002815 0.049149999999999999 199.524738474391085674
98.635030000000000427 0.048647692828213893 199.740679964706316696
99.019710000000003447 0.048110000000000000 198.740588869003033778
99.392459999999999809 0.047599999999999996 199.121709280678516052
99.792180000000001883 0.047149999999999997 200.904407097963485285
100.237530000000006680 0.046640000000000001 200.754496609791260653
100.651259999999993511 0.045802096070262428 199.014855060059886682
101.070719999999994343 0.045372974156625702 199.067087688480313545
101.492769999999993047 0.044720000000000003 199.579599222312822349
101.880779921943030786 0.044170000000000001 200.752061691041546965
102.297330000000002315 0.043765628653911204 201.442476322051135185
102.687628122258487906 0.043162998624621897 200.358666856810515355
103.108869999999996026 0.042430000000000002 199.304142510125586796
103.501681769028593294 0.041548265604135326 198.525436582722960566
103.977230000000005816 0.041038318275007681 199.289407122930725791
104.363439999999997099 0.040460031895959793 199.450764858081925013
104.813649999999995543 0.039770904814135033 200.468710436978028611
105.179320000000004143 0.039019999999999999 199.414749248142925353
105.601539999999999964 0.038562675528322515 199.596714946904114640
106.014820000000000277 0.037940000000000002 201.838312760378045141
106.390370000000004325 0.036317740552033261 194.172526444787195032
106.823300000000003251 0.036090000000000004 199.578978007732899869
107.240459999999998786 0.036049999999999999 203.928086482271226032
107.696240000000003079 0.034349999999999999 197.471208170921528335
108.094700000000003115 0.034319999999999996 201.247950242214614036
108.483900000000005548 0.033260000000000005 199.270773870554677387
108.852673840399916116 0.032799733347516249 200.818150595000645353
109.296449999999992997 0.031900606185831841 201.315055489932547061
109.638469999999998095 0.031260000000000003 200.890953241211263958
110.028980000000004225 0.030300000000000004 199.620316142634720791
110.503519999999994639 0.029433249738334975 199.529987491736619631
110.956339999999997303 0.028420000000000004 199.795341807050760963
111.324190000000001532 0.027750040905044911 199.264596831243778752
111.766289999999997917 0.026560000000000004 198.804692320641095193
112.193529999999995539 0.026010000000000002 201.306432544235349269
112.599980000000002178 0.025120000000000003 200.666146921657002622
112.967550000000002797 0.024278540497578587 199.942595369560422114
113.405850000000000932 0.023560000000000001 200.212855692761735327
113.835160000000001901 0.022440306789403012 200.401013090642919678
114.219750000000004775 0.021421180395844255 200.046161834217116393
114.638279999999994629 0.020442073081227388 199.749148023891962112
115.063329999999993447 0.019702951110031789 199.884234343569460179
115.448459999999997194 0.018640000000000000 198.776421456118498554
115.777730000000005361 0.017934710031451532 199.456320997363633296
116.227509999999995216 0.016975594662534909 201.172382790852594781
116.701610000000002287 0.015846476323275915 199.784305571758807218
117.145089999999996166 0.014930000000000002 200.174856532775436335
117.572469999999995593 0.014050000000000003 200.533029638393145433
118.010009999999994079 0.013100000000000004 198.741911378184795467
118.358159999999998035 0.012280008906924756 198.920985075905718986
118.738352400450409618 0.011740881767541071 201.008347543826829451
119.088220000000006848 0.010931775198749143 200.981434531260873655
119.591901276408847821 0.009902645857148899 199.423138307506150113
120.042429999999995971 0.008933525320044194 199.614950064605892521
120.398371051505606033 0.008380000000000002 200.806634096661127842
120.819119999999998072 0.007370000000000005 199.185774239181768053
121.168080000000003338 0.006562356881595361 199.394776221183718690
121.602170000000000982 0.005990000000000006 199.962248710534424845
122.002120000000005007 0.005050000000000002 198.389425137414065148
122.462230000000005248 0.004277630782043598 201.117980807793259146
122.916370000000000573 0.003610000000000005 201.674670955044206266
123.327669999999997685 0.002760581682846218 199.685109301979252905
123.666160000000004970 0.002471455977553525 201.859894665246542900
124.141786650920153079 0.001619999999999999 200.223700749818078748
124.525019999999997822 0.001220000000000002 201.556052715734466574
124.924787697560930155 0.000564114266495042 200.215010556709700040
125.134090000000000487 0.000320000000000004 200.342639682671887158
125.201956375645636399 0.000205870244244132 200.534542948597476197
125.085800000000006094 -0.000010000000000000 198.917941720584394716
125.022672624861144186 -0.000010000000000000 198.347153630015981207
124.900049999999993133 -0.000010000000000000 198.176813806820604213
124.664249999999995566 0.000000000000000003 197.841656291083637598
124.287270000000006576 0.000529716199632043 200.797647639082271098
123.916219999999995593 0.000760000000000000 200.934127689969812991
123.413820000000001187 0.000760000000000000 199.785043805785505810
122.904049999999998022 0.000760000000000000 197.078166074330539459
122.518810035825353566 0.001076199098246546 199.781684475901272435
122.239620000000002165 0.001400000000000002 201.198871397106131553
121.817560000000000286 0.001400000000000002 200.506329914787670532
121.544489999999996144 0.001400000000000002 199.132110199224939606
121.128190000000003579 0.001545352014718736 198.578975932310186181
120.689149999999997931 0.001900000000000002 200.044134809207946546
120.337360000000003879 0.002350000000000001 201.838664949432711637
119.856369999999998299 0.002350000000000001 201.290475354126499496
119.493330000000000268 0.002350000000000001 199.326462375131171711
119.111599999999995703 0.002486536881474526 198.578928849713435056
118.666839999999993438 0.002780000000000001 199.306454847597080970
118.214299185899008648 0.003310000000000003 202.475705439776959338
117.858289999999996667 0.003310000000000003 200.706027314889752233
117.424514675428866894 0.003310000000000003 198.841785110951008164
117.033129999999999882 0.003720000000000004 201.215948528871592771
116.622308290457027624 0.003790000000000005 199.106684727757084374
116.172780000000003042 0.004270000000000006 201.255924626657161980
115.789079999999998449 0.004270000000000006 199.609487952284013090
115.342240000000003874 0.004270000000000006 198.007273760148535757
114.955799999999996430 0.004740000000000005 200.188114516689552147
114.558289999999999509 0.005260000000000004 202.992709923492839152
114.137889999999998736 0.005260000000000004 200.492664776125536719
113.723457608029235644 0.005260000000000004 197.774161533330413931
113.259230000000002292 0.005700000000000000 200.328597096898107566
112.842218945119029172 0.006260000000000005 202.726304104732491851
112.417249999999995680 0.006260000000000005 200.247536453399504808
112.062494581422612328 0.006260000000000005 197.928930561675343824
111.619929999999996539 0.006692401113916158 199.685489322073863150
111.267010955073899936 0.007130000000000001 200.910669992299034448
110.870540000000005421 0.007130000000000001 199.996967170971913674
110.442199999999999704 0.007600000000000006 200.082592561804659681
109.927920000000000300 0.008160000000000004 202.117110409901016510
109.527100000000004343 0.008160000000000004 199.030150073151105516
109.100051977955885718 0.008160000000000004 196.864259858878341447
108.703639999999992938 0.008826222144840513 201.500227228584236627
108.265785805677325015 0.008980000000000005 199.792067727321978055
107.884190000000003806 0.009434465288218789 200.972222343541233158
107.504887462518453844 0.009460000000000007 198.030411464591310278
107.064089999999993097 0.010020000000000005 201.236530103993715102
106.704793266388549000 0.010020000000000005 198.012249407857467531
106.296880000000001587 0.010533730818279779 200.970221547219409786
105.896159999999994739 0.011430000000000006 203.675569387658413234
105.542919999999995184 0.011430000000000006 201.994310494502997244
105.184870000000003643 0.011430000000000006 198.101793683585100325
104.800439999999994711 0.011430000000000006 196.279058605192375353
104.447810000000004038 0.012486529462521424 202.786443208055288778
104.110801464144088868 0.012570000000000001 200.631608367446176544
103.800420000000002574 0.012570000000000001 198.519509522165208182
103.488496139814941444 0.013157754441281155 201.911236192519453425
103.182789999999997121 0.013300000000000003 199.232067695462831125
102.890032051495623477 0.013752126220472897 202.039941051442553999
102.548410000000004061 0.013980000000000003 200.378503544968737060
102.278120167191502787 0.013990000000000006 198.944263607962056994
101.987340000000003215 0.014320000000000003 199.023891273772306931
101.719179999999994379 0.014890000000000004 200.783346980568524032
101.424459999999996285 0.014890000000000004 198.029326121697351937
101.140270000000001005 0.015266827344999675 198.765263025903607286
100.844070000000002096 0.015740000000000001 199.608902616979690947
100.517200000000002547 0.016115061053175273 200.725103647631271997
100.271289999999993370 0.016204190394775577 199.689087819414964997
99.963769999999996685 0.016810000000000002 200.628768797655425260
99.647210000000001173 0.017030000000000000 199.647004122832811390
99.355670000000003483 0.017491532296440685 200.402507618908913400
99.009934699993408458 0.017900000000000003 200.305832938688752165
98.681340000000005830 0.018119786619809449 198.603112622073325610
98.277400000000000091 0.018870000000000001 200.069945422163499416
97.956410000000005311 0.019040000000000005 198.294240791672251589
97.556460000000001287 0.019510000000000003 197.762362111716299751
97.162090000000006285 0.020070000000000001 197.963998839016369402
96.709919999999996776 0.020990000000000005 199.350433178262676392
96.249949999999998340 0.021560000000000006 198.678328926664534038
95.772580000000004929 0.022393616981189881 200.256448831306329339
95.235140000000001237 0.023950000000000003 203.886340496983024195
94.620480000000000587 0.024243670672335432 201.566581241481060260
93.999459999999999127 0.025532867080814960 202.175498278470456626
93.428669999999996776 0.026630255105615917 197.647697276523047094
92.760670000000004620 0.027640000000000005 197.579696522037068007
91.968050000000005184 0.029150000000000002 200.522537655944375956
91.251009999999993738 0.029967423109956128 202.111579257458430448
90.553749999999993747 0.031529999999999996 205.171610078038867186
89.808329999999997995 0.032469999999999999 203.156396269310391745
89.130740000000002965 0.033459999999999997 203.056755169051911025
88.594539999999994961 0.034310000000000000 201.604876530705695359
88.055499999999994998 0.034800000000000005 201.198483372063435581
87.478710000000006630 0.036249999999999998 206.141326043113878086
86.963459999999997763 0.037229999999999999 207.652069641874390982
86.489800000000002456 0.037530000000000001 203.782541741224349607
85.950509999999994193 0.038649999999999997 204.557085248320191795
85.548680000000004497 0.039189999999999996 202.338828857485964363
85.010069999999998913 0.040090000000000001 203.109212954566544340
84.451319999999995503 0.041020000000000001 202.678641885961383196
83.963870000000000005 0.041605983992882858 200.768926108478353854
83.614559999999997331 0.041909999999999996 198.789969897109102703
83.276290000000003033 0.042644213383810546 198.264012413955271086
82.832419999999999050 0.042963342060281989 193.492144053223029232
82.500169999999997117 0.043639999999999998 199.809377376458201070
82.203550000000007003 0.043900000000000002 200.828288572399287659
81.753200000000006753 0.044860000000000004 207.668661729883837097
81.373130262349050668 0.045269810122793290 204.215278321106211479
81.036129999999999995 0.045688938484361299 197.722563318968241219
80.724909999999994170 0.046248058321240341 194.928150317328572783
80.238969999999994798 0.046859999999999999 200.803749799242126528
79.893839999999997303 0.046890000000000001 202.271958045077923316
79.420940000000001646 0.047744593559183507 204.658154572544077610
79.205510000000003856 0.047809999999999998 195.642010374689107266
78.937839999999994234 0.048809999999999999 195.150736459325116812
78.560040000000000759 0.048809999999999999 196.853598891281251326
78.133899999999997021 0.049619999999999997 208.148006502928723194
77.797560000000004266 0.049669999999999999 201.556412248950096000
77.419430000000005521 0.050240132000264219 198.792792640135189686
77.158690000000007103 0.050670000000000000 195.077369645821875110
76.823882944770730319 0.051330000000000001 196.120099050475914737
76.347489999999993415 0.051560000000000002 199.841995026401519908
75.887730000000004793 0.052339999999999998 207.496322396569325974
75.612129999999993402 0.052380000000000003 201.429739492419912494
75.233119999999999550 0.053339618297534017 201.598952379087847930
74.748440000000002215 0.053490000000000003 195.611691691753321720
74.433179999999993015 0.054050000000000001 196.868794241123396205
74.023989999999997735 0.054339999999999999 198.901546871223985136
73.596789999999998599 0.054500000000000000 202.020416338991651628
73.231110000000001037 0.055160000000000001 206.345390063345575982
72.867099999999993543 0.055619535201885409 204.568095923693391569
72.473369014292075008 0.055870000000000003 200.616943824133841190
72.066559999999995512 0.056369999999999996 199.333533001283853991
71.687637036510736266 0.056886873323069694 197.538193272245763410
71.233279999999993493 0.057216002664669960 194.259364229779322386
70.831142568425931927 0.057590263039817215 194.969251106382699845
70.376699999999999591 0.057860000000000002 196.266683416661862793
69.919939999999996871 0.059200000000000003 206.869550897373073894
69.314250000000001251 0.059200000000000003 203.594377971551296014
68.683559999999999945 0.059209999999999999 200.463037185839766607
68.259690000000006194 0.061850000000000002 213.729774336336305396
67.931020000000003733 0.060659999999999999 191.784824974279672460
67.522577318651258338 0.060670000000000002 186.323122542258516887
67.050129999999995789 0.061598066838972627 203.053092160679341305
66.416567065282521298 0.061660000000000000 202.903971525817269139
66.198660000000003834 0.061859999999999998 198.164599497805227202
65.850114969145323585 0.062089999999999999 194.801756316545009895
65.597729999999998540 0.062230000000000001 200.159426740557819357
65.185759564958090095 0.062550000000000008 206.219003579671152693
64.845749999999995339 0.062680000000000000 201.728448029539123354
64.547039999999995530 0.062980000000000008 198.866415905362799776
64.307950000000005275 0.063050000000000009 194.732659693031990855
64.054060000000006880 0.063530000000000003 195.959812978091150626
63.777360000000001605 0.063539999999999999 195.989484798408227562
63.339900000000000091 0.063860000000000014 200.196187044662679000
62.963876298250475827 0.063970000000000013 199.570134109155787883
62.601689999999997838 0.064480000000000010 204.567953543730112642
62.254637823290778442 0.064490000000000006 199.826456112654199160
61.906059999999996535 0.064810000000000006 202.044817620515516410
61.535607776618149956 0.064950000000000008 200.966874517463025995
61.014760000000002549 0.065840000000000010 207.030249118829345889
60.315807687963221895 0.065840000000000010 202.814901227999939692
59.694450000000003342 0.065840000000000010 198.744193913841542098
58.778080000000002769 0.067669547082975998 215.451132895448182580
58.235979999999997858 0.067350419841791825 204.496103112281900849
57.934789999999999566 0.066920000000000007 198.052318613801247693
57.579940000000000566 0.067635583891058740 200.391350504147879974
57.304920000000002744 0.067730000000000012 195.493066034985588431
56.687890000000002999 0.067730000000000012 193.984525429868369883
56.286679999999996937 0.068060000000000009 201.244323727706444060
55.851320000000001187 0.068290000000000003 206.822553337459794420
55.401090000000003499 0.068300000000000013 202.680055352514500555
55.114389503196782982 0.068552517297558430 200.194425279287173680
54.794840000000000657 0.068680000000000005 195.082726624587024844
54.357688752628220641 0.068760000000000002 195.826822541901719887
53.891539999999999111 0.068940000000000001 201.669082191181416874
53.457850000000000534 0.069190000000000002 205.035701904612693625
53.199800000000003308 0.069190000000000002 200.744695155031024569
52.879759999999997433 0.069287229584155702 198.096639375995209775
52.479540000000000077 0.069640000000000007 197.031512401806480739
51.937710000000002708 0.069660000000000014 197.946051692027708668
51.590339999999997644 0.069750000000000006 203.231321437663865481
51.200969999999998095 0.070150000000000004 205.570133063032301379
50.723280000000002588 0.070180000000000006 200.525089236350510191
50.365699999999996805 0.070220000000000005 193.964378444231016374
49.836799999999996658 0.070610000000000006 200.073684430809919377
49.293959999999998445 0.070610000000000006 204.847160395697301283
49.080230000000000246 0.070610000000000006 201.009935895263225802
48.696269999999998390 0.070848387710485863 198.783189303592990882
48.323749999999996874 0.071100000000000010 198.334397542574663476
48.116740000000000066 0.071090000000000000 200.111286974225009772
47.398719999999997299 0.071100000000000010 202.386837702878125356
47.087269999999996628 0.071430000000000007 201.780857750709429865
46.865650000000002251 0.071430000000000007 196.497228224534865149
46.428750000000000853 0.071570000000000009 196.078885698545292371
45.866340000000000998 0.071650000000000005 201.599069810217287113
45.405459999999997933 0.071750000000000008 203.045098592189020792
45.179189999999998406 0.072000000000000008 201.378084875812049859
44.796994491999470256 0.072000000000000008 195.671602971896987810
44.458339999999999748 0.072000000000000008 196.325697946189933418
44.160420627681112649 0.072000000000000008 199.498775685637326660
43.594630000000002212 0.072340000000000002 204.907356572430188635
43.132939999999997838 0.072440000000000004 203.687729454543642760
42.574699999999999989 0.072440000000000004 200.143509054624928467
42.378360000000000696 0.072460000000000011 196.896397333135467989
42.129620000000002733 0.072600000000000012 195.878745754406054402
41.502429999999996824 0.072770000000000015 199.665730094473815370
41.160449999999997317 0.072930000000000009 205.173217425886093679
40.707410000000002981 0.072930000000000009 203.147617434014904347
40.273564630215723525 0.072930000000000009 200.048663490499222917
39.856130000000000280 0.073009027666818369 197.807016049459775786
39.643580000000000041 0.073140000000000011 196.723415233076138975
39.058309999999998752 0.073190000000000005 196.064718032172635276
38.553159999999998320 0.073340000000000002 202.341895077333845165
38.082259999999998001 0.073340000000000002 203.601592623532582138
37.618650000000002365 0.073490000000000014 202.839514282707568782
37.374690000000001078 0.073490000000000014 199.293268488891442303
36.936180000000000234 0.073510000000000006 195.988314769062611731
36.655850000000000932 0.073630000000000015 196.671440058134010087
36.252960000000001628 0.073690000000000005 199.550394586593256463
35.816760000000002151 0.073840000000000003 202.681212688745176820
35.345889999999997144 0.073840000000000003 204.095606039017013700
34.832746383551246083 0.073840000000000003 202.091804956500254775
34.300559999999997274 0.074029999999999999 202.244565335906656856
34.207329999999998904 0.074029999999999999 198.705959157201988319
33.892479999999999052 0.074029999999999999 196.452051848486178187
33.312719999999998777 0.074029999999999999 196.971823046731515205
32.855310000000002901 0.074029999999999999 198.619608916375767649
32.446800000000003195 0.074270000000000003 202.989565690910836793
31.975960000000000605 0.074290000000000009 204.992127053952970073
31.684789999999999566 0.074290000000000009 202.272483851049230452
31.165449999999999875 0.074290000000000009 199.362925852403321869
30.867560000000000997 0.074430000000000010 198.588766435677968047
30.539899612764383363 0.074450000000000002 197.202972821009552717
30.346460000000000434 0.074450000000000002 197.316368410808109957
30.342023445768326440 0.074440000000000006 200.866664085857166810
30.056000000000000938 0.074440000000000006 203.629279504645808174
29.827580333708819893 0.074440000000000006 200.870692519922755537
30.055279999999999774 0.074440000000000006 197.873567785612664238
30.154189999999999827 0.074430000000000010 204.132141744969345609
30.411480000000000956 0.074300000000000005 199.309771860601841809
30.591609999999999303 0.074190000000000006 200.378603450363300453
31.033509999999999707 0.074190000000000006 197.629786863990403845
31.279869999999998953 0.074190000000000006 202.521549999999990632
