30.165849999999998943 0.041255919769709354 51.276027054109945880
30.439711342685626505 0.041255919769709354 50.073530260520783486
30.789470000000001448 0.041251741108738041 52.415888156313208412
31.255079999999999529 0.041201680917783180 51.267624749498551751
31.777339999999998810 0.041063701365029251 45.421486012021901502
32.071959999999997137 0.041051165382115333 49.653420881763523198
32.786349999999998772 0.041051165382115333 50.526889258515524261
33.333750000000001990 0.041051165382115333 46.194293887775394580
33.668567294589095695 0.041055344043086632 48.419256873746554959
34.058740000000000236 0.041055344043086632 49.917181943887698026
34.645119999999998583 0.041051165382115333 50.002166452907275129
35.204619999999998470 0.041051165382115333 50.232288196391053248
35.792470000000001562 0.041040990886964751 51.881350641282182323
36.228679999999997108 0.040888490696687263 49.417469458916926328
36.698889999999998679 0.040812981706750857 47.072156513026065738
37.460689999999999600 0.040817160367722163 49.542078877755571398
37.711770000000001346 0.040817160367722163 49.897080941883743321
38.411938076152530641 0.040817160367722163 50.158828016031627328
38.977660000000000196 0.040817160367722163 50.379841442885684444
39.502420000000000755 0.040817160367722163 51.874395250500938914
39.944580000000001974 0.040817160367722163 52.225502905812092536
40.390709999999998558 0.040800906297691480 52.774913406813674044
40.886310000000001708 0.040591512675271613 47.492469478957936246
41.469490000000000407 0.040591512675271613 48.447210120240676190
42.141829719439051871 0.040591512675271613 49.978271402803791545
42.947229999999997574 0.040591512675271613 51.981463707414874875
43.763420000000003540 0.040529963260163185 51.712573026052403691
44.682560000000002276 0.040344971677964525 48.127544749499463705
45.562409999999999854 0.040303185068251458 48.390825731463216641
46.492349178356676020 0.040303185068251458 50.234431162324554521
47.410629999999997608 0.040303185068251458 52.048740220443669102
48.233980000000002519 0.040211924452489334 50.254759739478949143
49.159559999999999036 0.040106788002600056 48.678843527054240781
49.913299999999999557 0.040085894697743520 50.090099078158232260
50.728780000000000427 0.040085894697743520 51.243048817634210934
51.407859999999999445 0.040010678800260005 50.090897214428700579
52.071931062124292566 0.039860247005292969 47.400852845691176185
52.753610000000001889 0.039860247005292969 49.237924509017368280
53.432609999999996830 0.039860247005292969 50.447776733467080135
54.144829999999998904 0.039860247005292969 51.852358617234493465
54.843130000000002156 0.039846480034076863 52.807725290580940225
55.517789999999997974 0.039626241990899806 47.909425290580387014
56.290979999999997574 0.039617884668957187 50.504286252505600885
56.985829999999999984 0.039609527347014582 51.582580681364220254
57.808669999999999334 0.039417308942334479 48.455213426854122361
58.536639999999998452 0.039417308942334479 49.684902905811703988
59.219050000000002854 0.039417308942334479 51.651376953907913503
60.021689999999999543 0.039217738104121685 48.430594709416226351
60.720999999999996533 0.039187482588912616 49.990852244488579004
61.403060000000003527 0.039053765437830804 48.466776172344133045
62.169469999999996901 0.039041229454916893 50.337104669338977203
62.840240000000001430 0.039028693472002975 51.953128396793324839
63.585200000000000387 0.038819760423437648 48.631136713425860307
64.275379999999998404 0.038815581762466342 51.409010040080715953
65.016940000000005284 0.038619184696814926 48.654035871745286101
65.701229999999995357 0.038619184696814926 51.424344248497249055
66.407910000000001105 0.038414430309220912 48.854711162329110152
67.103380000000001360 0.038273570076358482 48.680163206414121646
67.767117274549107719 0.038259819853282570 52.021046993988122153
68.459699999999997999 0.038010356305516579 49.445984629257999643
69.172913547094381670 0.037846132417123222 49.298723326655093047
69.879620000000002733 0.037784750483416452 51.576558236472884289
70.589348416833885835 0.037386479710279502 47.798233787574389453
71.319130000000001246 0.037348871761537741 51.863274549094960264
71.961809999999999832 0.037022207661678623 48.972015551102892061
72.672420000000002460 0.036794491573917641 50.686302224449434561
73.318680000000000518 0.036458816974649456 49.950941923851253534
74.033699999999996066 0.036114835297859138 50.699158557114571977
74.781940000000005853 0.035756157128073583 51.744214488977959832
75.444379999999995334 0.035283365505269962 49.480768837675299210
76.155979999999999563 0.034845250906679164 50.449946533067503651
76.770849999999995816 0.034386544469754803 51.552257735470753630
77.556899999999998840 0.033729590297690751 49.614868116232912598
78.219049999999995748 0.033279324923409771 51.683301282566709745
78.945019999999999527 0.032433208882245851 48.634609719440220488
79.635900000000006571 0.031740112223704542 48.527496432865980580
80.333929999999995175 0.030887229933913643 49.368784749499361908
81.003069999999993911 0.029927377272885403 48.465065270537550646
81.709360000000003765 0.028964736046519640 50.104540881763298898
82.358360000000004675 0.027696181665959770 49.610997795590961346
82.960969398798127372 0.026008622314737852 54.123812364726674673
83.695560000000000400 0.022181982127501543 52.308865771540247636
84.355662945892078142 0.017201043371913735 49.409010981960520326
85.090999999999993975 0.012839475961859389 50.099450921845296136
85.776762845691223447 0.010282135447420118 49.068650360719367143
86.554550000000006094 0.009305300172263884 49.654635571136900296
87.243629999999996016 0.008582433694578345 48.703035951901377132
87.952590000000000714 0.008104265918781568 50.809621222445287003
88.595089999999999009 0.007546435614287336 50.032809438877329455
89.293139999999993961 0.007122322460874955 50.132630741482124392
89.903899999999993042 0.006643702485293719 47.548770581162479232
90.606473627254658254 0.006324240085705805 48.773300981964148093
91.341800000000006321 0.006025202043049768 50.574043446892453346
91.986050000000005866 0.005724765530689940 49.495213807615691337
92.743350000000006617 0.005440516095800097 48.615301482965861624
93.430689999999998463 0.005250407956780866 51.202783687374754606
94.124560000000002447 0.005043643792366978 50.104772144288403979
94.684470000000004575 0.004861834356799753 51.053597595187490299
95.376009999999993738 0.004625760947096168 49.808346172345999037
96.003129999999998745 0.004502511383617809 51.041053827656021724
96.690269999999998163 0.004262234190732659 49.699765470949081703
97.355230000000005930 0.004139009749464577 50.165782124250426932
98.059269999999997935 0.003953013278855974 49.542003286573383036
98.784210000000001628 0.003886154703315067 51.712050661322273015
99.522999999999996135 0.003702402483488675 50.655341503003526782
100.330960000000004584 0.003560219147553162 50.834167695388842390
101.022310000000004493 0.003447546034589395 50.515762324645407944
101.704509999999999081 0.003363822081901750 51.409522184369329523
102.381343406813741126 0.003138174389451198 47.779040641284602486
102.994659999999996103 0.003138174389451198 50.835867334668186857
103.731533847695459372 0.002996334390389091 49.646047975952036779
104.329599999999999227 0.002962670628656328 50.865557875752472228
105.015579999999999927 0.002757916241062306 47.138872765531203868
105.664699999999996294 0.002757916241062306 50.763015190380976094
106.315700000000006753 0.002708090524069777 50.909075090180358814
107.016480000000001382 0.002582412480267431 49.753796312625063081
107.748829999999998108 0.002553161853468284 50.981453086172862754
108.445560000000000400 0.002373479431702104 47.778790420841630748
109.102369999999993411 0.002373479431702104 50.607979038077480993
109.799156112224508774 0.002309133077186030 50.466826553106280073
110.487369999999998527 0.002197975670907234 49.677985430860772453
111.135221162324484112 0.002164546383136777 50.684707995990258667
111.836650000000005889 0.001943077351657530 47.920242765532741203
112.497439999999997440 0.001926362707772305 51.530931683367121821
113.188119999999997844 0.001801002878633111 49.161122384768859206
113.835170000000005075 0.001767573590862660 51.734516633264519214
114.570390000000003283 0.001571176525211254 47.289443386775047884
115.209559999999996194 0.001571176525211254 50.095699018035773520
115.937870000000003756 0.001571176525211254 53.012006913828983556
116.761600000000001387 0.001399851425387684 48.805736452905108536
117.434127454909827293 0.001349707493732007 50.419951242484984277
118.075370000000006598 0.001268897717433183 49.459654909819462887
118.643249999999994770 0.001174203732937132 48.634052324646688703
119.325000000000002842 0.001174203732937132 50.437789739478979811
120.045100000000005025 0.001136595784195376 50.888030661322851245
120.743340000000003442 0.001011235955056176 48.603352685373010900
121.364930000000001087 0.000998699972142256 49.846311322645192377
122.094078617234529816 0.000955623755636440 50.294470220440381070
122.886039999999994166 0.000874160801871148 48.109044749497542171
123.544228517034071047 0.000835732194261301 49.199341763527016269
124.191689999999994143 0.000835732194261301 50.613249418841149918
124.854420000000004620 0.000801097040398946 49.841042024047375492
125.521630000000001814 0.000735444330949948 49.902938176351533173
126.128640000000004306 0.000722908348036027 50.438012444892891040
126.799670000000006098 0.000614263162782059 48.520082805610890375
127.556830000000005043 0.000614263162782059 50.465390981965029482
128.282379999999989195 0.000585012535982913 50.523608717436772508
129.072450000000003456 0.000513975299470701 49.095988657313860415
129.780139999999988731 0.000498290666205648 51.104422665329956033
130.519170000000002574 0.000405330114216733 48.178303647294690393
131.109190000000012333 0.000405330114216733 49.351597374750276970
131.812597394789605687 0.000405330114216733 51.414300561121898170
132.477749999999986130 0.000368835916795990 50.919485631263064818
133.051670000000001437 0.000313399572847990 49.732763186372658026
133.723039999999997463 0.000297840550634189 51.311640260521279799
134.301610000000010814 0.000213111709536632 48.378290220440476332
135.005259999999992715 0.000213111709536632 49.599664629258356285
135.690599999999989222 0.000213111709536632 51.077745030060142994
136.405400300601058916 0.000137895812053114 48.770469519038421424
137.015909999999990987 0.000121181168167889 50.209989619239244973
137.658719999999988204 0.000104466524282663 50.299864849699012836
138.466170000000005302 0.000000000000000000 47.298653206411948702
139.250409999999988031 0.000000000000000000 49.419475190382151197
139.923660000000012360 0.000000000000000000 49.981131843685126626
140.346570000000014034 0.000000000000000000 50.442732284564357315
140.550567855711449283 0.000000000000000000 50.271807434872862075
140.544070000000004939 0.000000000000000000 50.219676012025374234
140.498230000000006612 0.000000000000000000 50.192002404808562233
140.442340000000001510 0.000000000000000000 49.852933386772292579
140.260060000000009950 0.000000000000000000 49.786802404807936284
140.076722905811692499 0.000000000000000000 49.267760561120702789
139.849909999999994170 0.000000000000000000 48.552741162324871027
139.677200380761433962 0.000004178660971305 48.451957935868350091
139.424560000000013815 0.000008357321942610 48.032270661322705507
139.211610000000007403 0.000016714643885225 48.200512605210015238
138.916580000000010386 0.000134211221216727 54.707579018036526008
138.600069999999988113 0.000142074473024419 54.404938336673254184
138.360592645290608971 0.000133717151081809 52.438018817635203561
138.039260000000012951 0.000029250626799146 46.751327755509059614
137.660640000000000782 0.000029250626799146 46.612715470942760021
137.322249999999996817 0.000041786609713061 47.124342204408733892
137.050919999999990750 0.000183861082737486 53.909512925849874421
136.702359999999998763 0.000183861082737486 52.565346432865958093
136.342410000000000991 0.000179682421766181 51.635289579161302242
136.111294609218333562 0.000171325099823565 51.176461402807007062
135.749179999999995516 0.000162967777880950 49.926803366732556810
135.353403106212397233 0.000158789116909644 49.583167154309464308
135.135510000000010677 0.000158789116909644 48.081229078157505796
134.858564168336641842 0.000162967777880950 47.898756753507406358
134.536319999999989250 0.000167146438852260 47.859323727454267328
134.223220921843505948 0.000188039743708790 48.502902204407540410
133.920819999999991978 0.000259076980221003 51.419058517034066824
133.647709999999989350 0.000263255641192308 50.844426713429292874
133.343220000000002301 0.000263255641192308 49.886123747498196224
132.905319999999989022 0.000263255641192308 48.879743927856537766
132.519117575150090715 0.000321832261421373 51.952881202406253180
132.137599999999991951 0.000342650199647130 51.999224448896889328
131.794939999999996871 0.000342650199647130 51.889328797595965170
131.424360000000007176 0.000342650199647130 50.372492144287861038
131.073579999999992651 0.000342650199647130 49.938196713427629447
130.772690000000011423 0.000342650199647130 49.277107434869790836
130.474079999999986512 0.000342650199647130 48.319713647294676662
130.174900000000008049 0.000342650199647130 47.737484168336393964
129.753100841683249200 0.000401151453245422 49.990416472945817361
129.397030000000000882 0.000409508775188038 49.454570681362753248
129.059520140280511669 0.000409508775188038 49.044960621242395860
128.748549999999994498 0.000432336490233701 49.716623466934180442
128.409960000000012315 0.000484724672671555 52.566190621240060921
128.047089999999997190 0.000484724672671555 51.148429899800106568
127.721469999999996503 0.000484724672671555 50.824981042084388605
127.418611242485098956 0.000484724672671555 49.951903086171782320
127.068500000000000227 0.000484724672671555 48.634737975951921385
126.760289999999997690 0.000484724672671555 48.643543707413122945
126.407460000000000377 0.000488903333642860 47.861406893786686112
126.058080000000003906 0.000614263162782059 53.455766753506281930
125.667276092184167169 0.000614263162782059 52.561914949899559701
125.333759999999998058 0.000610084501810749 52.519754008015318902
124.978359999999995011 0.000581219082235426 49.850937995989674789
124.629480000000000928 0.000576655214040297 49.194339819639431255
124.290229999999993993 0.000576655214040297 48.377383647293036972
123.998620000000002506 0.000576655214040297 47.704256693386817290
123.618300000000004957 0.000580833875011602 47.590829719437941492
123.300910000000001787 0.000618441823753364 48.330677555108628951
122.891924869739426640 0.000718729687064722 52.861980440882931020
122.561890000000005330 0.000718729687064722 51.083964148297468455
122.208160000000006562 0.000718729687064722 51.115476112224449423
121.848439999999996530 0.000718729687064722 50.326791783567486505
121.519900000000006912 0.000718729687064722 49.654925130261148070
121.182401382765505105 0.000718729687064722 48.229445571142264271
120.856539999999995416 0.000718729687064722 47.929120400801643598
120.557529999999999859 0.000770305584704564 49.678070841683421577
120.126140000000006580 0.000789766923576929 50.380321723446876092
119.826570000000003802 0.000789766923576929 49.122782364729751237
119.421486012023919443 0.000819017550376075 49.769238977951786751
119.111310000000003129 0.000869161482031757 51.653702124248809469
118.760289999999997690 0.000869161482031757 51.173943386774951136
118.393559999999993693 0.000869161482031757 49.797963326653018612
118.067890000000005557 0.000869161482031757 49.250561863726709078
117.682010000000005334 0.000873340143003062 48.395622424848944831
117.347750000000004889 0.000885876125916983 48.531521142284489656
116.979659999999995534 0.000990342650199646 52.983132825651679809
116.631680000000002906 0.000990342650199646 51.910478456913637046
116.250077795591039376 0.000986163989228335 51.337588096193307763
115.879360000000005471 0.000981985328257030 50.657115911823751730
115.578639999999992938 0.000977806667285725 50.573007915831581727
115.289190000000004943 0.000977806667285725 49.510104348702689947
114.984319999999996753 0.000977806667285725 49.357074869739591350
114.649850000000000705 0.000977806667285725 48.502257915831933133
114.316220000000001278 0.000981985328257030 47.283214969938654804
113.980189999999993233 0.000981985328257030 47.086312164328553820
113.662409999999994170 0.001083286454048409 51.217884248497561828
113.339370000000002392 0.001132417123224065 52.642872344691404862
113.096299999999999386 0.001132417123224065 51.090414809619403513
112.755945691382578389 0.001132417123224065 50.781089999998009432
112.476359999999999673 0.001132417123224065 50.616716292586396264
112.187179999999997904 0.001132417123224065 49.310729038074271102
111.858829999999997540 0.001132417123224065 49.523782665329129316
111.586619999999996367 0.001132417123224065 48.499331242486810822
111.301978877755431085 0.001132417123224065 48.619031022042726420
111.047539999999997917 0.001156224604469387 48.740255330660588129
110.777541503006091261 0.001186739715851052 49.593613286574075971
110.522199999999997999 0.001215990342650198 50.049198637276028023
110.255960000000001742 0.001215990342650198 50.138186953908707721
109.969700000000003115 0.001220169003621503 49.999944509017808514
109.708759999999998058 0.001370600798588537 55.219263827656121180
109.455276513026078078 0.001362243476645928 54.464748817636291278
109.190640000000001919 0.001186061416174341 46.599954108216167015
108.929604849699401825 0.001174203732937132 45.744687094188265064
108.687039999999996098 0.001186739715851052 46.089250581162346521
108.433256913827676726 0.001378958120531153 53.700629659318948939
108.161829999999994811 0.001378958120531153 53.408559879759430089
107.938190000000005853 0.001374779459559842 52.736427174348982305
107.671229999999994220 0.001341350171789392 50.686425991984080497
107.470190000000002328 0.001303742223047636 48.013192224450278900
107.184649298597264533 0.001303742223047636 47.727000080160387085
106.911379999999994084 0.001303742223047636 48.015622464928867430
106.672510000000002606 0.001307920884018941 47.087732164330041940
106.376180000000005066 0.001364780819880992 49.183459539076309852
106.146839999999997417 0.001387315442473763 49.585251903807929352
105.908422665330604673 0.001408208747330299 50.646952184369318672
105.652460000000004925 0.001412387408301604 49.875700761524534244
105.390096993987938845 0.001483424644813817 52.036146472944423635
105.102419999999995071 0.001479245983842506 51.036506673347140861
104.839770000000001460 0.001479245983842506 50.388256833668243928
104.539230000000003429 0.001479245983842506 50.317237615229707615
104.269909999999995875 0.001479245983842506 49.751388116228923764
104.019630000000006476 0.001479245983842506 48.739360420841876476
103.740409999999997126 0.001483424644813817 47.655656713426886029
103.410803547093976817 0.001571176525211254 51.151642725455353400
103.089889999999996917 0.001575355186182559 49.939380841683835399
102.754620000000002733 0.001575355186182559 50.142097675351443797
102.425010000000000332 0.001575355186182559 48.867390160317746961
102.131299999999995975 0.001596382476160403 49.483891482965887576
101.811086492985907626 0.001621320456866931 49.998904729458274687
101.495509999999995898 0.001713250998235674 52.570365110218794769
101.143429999999995061 0.001713250998235674 51.818850521041696311
100.772540000000006444 0.001713250998235674 50.119725010021596745
100.371780000000001110 0.001713250998235674 50.289937655312400011
99.998540000000005534 0.001713250998235674 47.899658316634948108
99.512940000000000396 0.001767548468652436 48.834048156312171329
98.981250000000002842 0.001821896183489642 50.549044288576517658
98.446789999999992915 0.001851146810288788 49.209407014027618743
97.936999999999997613 0.001918005385829695 50.765087875752833213
97.376019999999996912 0.001930541368743616 50.137328276550178430
96.784930000000002792 0.001980685300399292 48.210529298597123216
96.049139999999994188 0.002018293249141048 51.068254589177385583
95.537919999999999732 0.002177082366050698 53.791865731465911438
94.869470000000006848 0.002177082366050698 54.621752665330582488
94.435810000000003583 0.002172903705079393 50.055656753507939527
93.870000000000004547 0.002172903705079393 52.389964388775467796
93.430769999999995434 0.002172903705079393 45.962573086173506454
92.811989999999994438 0.002177082366050698 48.291682585170114805
92.360680000000002110 0.002210226935438358 45.154597194389545223
91.864130661322633387 0.002381836753644720 51.543014428857816256
91.349580000000003110 0.002381836753644720 52.062630801602288955
91.012940000000000396 0.002381836753644720 47.134909378751046916
90.514127234468929828 0.002381836753644720 49.032175290582401317
90.158969999999996503 0.002578233819296126 54.783708136268771227
89.871979999999993538 0.002578233819296126 50.436912324647664718
89.219890000000006580 0.002578233819296126 52.781192665327182567
88.820120000000002847 0.002578233819296126 47.854079318639932694
88.414330000000006748 0.002578233819296126 47.361001743485203974
87.994399999999998840 0.002615841768037881 51.152804969940348201
87.619519999999994297 0.002741201597177081 49.698786312620555350
87.239689999999995962 0.002741201597177081 48.781933607214163828
86.680120000000002278 0.002766273563004916 52.165773226454852818
86.395949999999999136 0.002816417494660598 48.119232625249011903
86.125559999999993011 0.002945955984771102 51.744283827656261110
85.602130000000002497 0.002945955984771102 54.739950440878267557
85.468025711422939139 0.002945955984771102 48.514033106210540325
85.143730000000005020 0.002945955984771102 48.627113787577570747
84.855885811623068093 0.002945955984771102 51.368658476958025005
84.643820000000005166 0.002950134645742408 43.726661242485029391
84.293750000000002842 0.003046243848082455 49.824410801603598031
83.938320000000004484 0.003133995728479893 52.973006052101609953
83.621650000000002478 0.003133995728479893 46.705943446894202964
83.241851042084178403 0.003138174389451198 49.362173807616414933
82.850359999999994898 0.003196675643049490 52.350431062123867321
82.663110000000003197 0.003262705185652204 48.119700460922871343
82.283410000000003492 0.003359643420930445 52.421165651303191169
81.968490000000002738 0.003359643420930445 53.317916893789650601
81.722380000000001132 0.003359643420930445 46.759141623245604080
81.425319999999999254 0.003359643420930445 49.019692965930261153
81.056920000000005189 0.003359643420930445 49.710545971943552956
80.947429999999997108 0.003438083335395834 46.537360060120178673
80.637705290581180861 0.003556040486581851 51.740977094188259855
80.351380000000006021 0.003556040486581851 51.777516052111579370
80.049415991984048446 0.003556040486581851 45.299691262523509749
79.656710000000003902 0.003572755130467077 49.610366192379871109
79.333674909819407617 0.003795254172566537 55.170832104211946501
79.099479999999999791 0.003798402822917634 48.311235430860556050
78.848129999999997608 0.003798402822917634 51.944748176344624824
78.515029999999995880 0.003798402822917634 50.931453206418183299
78.349580000000003110 0.003798402822917634 44.962324689377588527
78.014970380761553770 0.003944655956913358 52.749039258515857398
77.717259999999996012 0.003969727922741200 51.875731503001290434
77.533142845691330081 0.003973906583712505 44.339349759519194549
77.129199999999997317 0.004170303649363910 54.130573446887389366
76.860720000000000596 0.004170303649363910 51.250743527043610470
76.567390000000003170 0.004170303649363910 46.816378597195651423
76.214179999999998927 0.004170303649363910 49.759967234480015463
75.989999999999994884 0.004308199461417030 51.175592064134320935
75.757970000000000255 0.004370879375986628 48.673345631263195799
75.401192304609253370 0.004370879375986628 51.278889078165398985
75.094840000000004920 0.004577065729564878 49.371887975961492145
74.612530000000006680 0.004680100287863307 50.184050861723022763
74.140460000000004470 0.004763673507289439 52.967953987978972918
73.745369999999994093 0.004881329191952509 45.580736753513747317
73.329339959919863645 0.005042186704172588 51.166211863724754494
72.777090000000001169 0.005202432909276623 49.239455571138577739
72.253360000000000696 0.005574333735722904 48.981914769542903798
71.664349999999998886 0.005746228272312126 53.770250140280268170
71.148020000000002483 0.006183974411819219 50.134842484964003972
70.609549999999998704 0.006343207354443309 42.004359779561106336
69.802229999999994448 0.006802860061287023 56.363420040076356088
69.494730000000004111 0.006928219890426223 51.966764368734061463
69.274929999999997676 0.006932398551397528 44.004318837675562293
68.854140000000001010 0.007099544990249788 54.495868557110533459
68.466689999999999827 0.007458089174914023 49.510282585169868241
68.259789999999995302 0.007534125731265666 46.869037014025423105
67.788759999999996353 0.007793202711486675 57.270270741482939059
67.659620000000003870 0.007906026557711948 45.409294388778171481
67.378645250501008945 0.008205139966998717 51.373031883767318106
66.846590000000006171 0.008884469654323972 54.029177875752054661
66.644322645290614560 0.009212749949709047 40.391138476953770464
66.310760000000001924 0.009790602655771192 53.856624529058144901
65.977547975951736703 0.010165359040115748 48.532735591184987811
65.723039999999997463 0.010861981182161832 41.952713607219600078
65.299099999999995703 0.012174742278688687 61.554588496990703561
65.152569999999997208 0.012728779129435467 47.549080480975902674
65.059389999999993393 0.013146067415730333 47.009787855716325566
64.515950000000003683 0.014391911318225729 55.329404709435742404
64.379480000000000928 0.015156262939101382 37.140648997994986757
63.835892344689263211 0.016514612473158680 59.380213907819950236
63.513939999999998065 0.017237152362111194 49.497439659318821725
63.408299999999996999 0.017805542368979823 45.761107595184071783
62.953069999999996753 0.018956541553717510 58.317577394792799339
62.868899999999996453 0.019986661036810412 45.948736152308704561
62.519403186372834114 0.021275681644652666 44.599260140284471277
62.076560000000000628 0.023329313469542905 57.199867434867712745
61.828885631262458844 0.025121808292971896 43.701840981964622301
61.501489999999996883 0.026701643606648708 51.737586072146086735
61.195830000000000837 0.027096288407439818 54.204300300601204299
60.900829498998021450 0.027938326276473451 44.411321082164349150
60.465850000000003206 0.028260284148946047 47.735196733464029251
60.203167494990047715 0.029645748921931444 61.018531402806367225
59.990720000000003154 0.030391401244312374 44.733570460920446976
59.632480000000001041 0.030391401244312374 48.850282545072523988
59.261040000000001271 0.030729872782988204 52.827085330662320928
59.098999999999996646 0.030913281665941265 45.425338657315506907
58.568040000000003431 0.031293992014114591 53.773092925849773849
58.211930000000002394 0.031594319663563394 49.331293507019232436
58.153930000000002565 0.031690964806388708 46.472116753509773446
57.807850000000001955 0.031858111245240975 54.153134388774986974
57.438420000000000698 0.032311165184859471 50.677558456916187879
57.114849999999997010 0.032522166628735208 46.218139478959457733
56.458089999999998554 0.033057386944005937 57.717277334669020661
56.258049999999997226 0.033264352086101859 45.162357755511486346
55.839900000000000091 0.033575540904447948 49.455532725450517262
55.358539999999997860 0.033847153867582871 56.159941242489843205
55.131410000000002469 0.033914012443123781 46.172511743487682168
54.845730000000003201 0.034226934693977043 51.027163086172713236
54.318676212424435334 0.034563295966992057 56.227377675356208897
54.140320000000002665 0.034657294903671206 43.133749078155709356
53.815835851703376136 0.034778995264184230 49.313025230461633441
53.354559999999999320 0.035071501532175683 54.446812464928711961
53.199500000000000455 0.035098080830618432 43.269211543086576910
52.707720000000001903 0.035368186461138450 54.565805811623533828
52.310200000000001808 0.035522796917076792 52.488534909819634322
52.227989999999998361 0.035592544546796286 43.620818076148218267
51.693339999999999179 0.035777695236326491 53.485373386772906201
51.468420000000001835 0.035898189730747605 48.502279038077361406
51.225059999999999150 0.036210860759498413 49.952913306609666222
50.830419999999996605 0.036274955891911972 51.042333727457034342
50.324159999999999116 0.036572980672087994 50.288857354710920333
50.172350000000001558 0.036667750023214783 47.656784509015103879
49.780470000000001107 0.036671928684186089 52.266649679361513847
49.500880000000002212 0.036961998097783472 47.894206392786479398
49.114359999999997797 0.037068901476460213 50.158417394786916077
48.609879999999996869 0.037068901476460213 52.206294328657136816
48.466279999999997585 0.037115545046821283 45.558927094188540252
48.145319078156596504 0.037704057944098798 55.637024949892840198
47.820180000000000575 0.037699879283127492 56.332123767535271952
47.597271983968035158 0.037695700622156186 45.102972865731210561
46.954219999999999402 0.037695700622156186 47.306148777547271322
46.479610000000000980 0.037699879283127492 51.220009639276796065
46.511920000000003483 0.037699879283127492 41.902304308617068784
46.138069999999999027 0.037836753458630537 48.964898016032037731
45.594880000000003406 0.038101030736372922 53.650812484969492289
45.401449999999996976 0.038120860534328956 45.813643807614823800
45.216479999999997119 0.038167889311913825 50.640516513023726475
44.786079999999998336 0.038276534497167794 51.351952364730280465
44.467390000000001749 0.038477110223790509 47.188188336673370316
43.781329999999996971 0.038506360850589658 50.870786432864782967
43.573410000000002640 0.038640078001671463 52.183112785572809855
43.424069238476938892 0.038640078001671463 45.248841222443545007
43.097220000000000084 0.038652613984585388 50.575415290580096439
42.789687635270432509 0.038865725694122014 51.340421302605541598
42.520690000000001874 0.038865725694122014 46.408200240479530407
41.940030000000000143 0.038878261677035938 50.114021843687737601
41.553319999999999368 0.039078837403658646 50.847342985971884843
41.349220000000002528 0.039078837403658646 45.697657354705647492
41.014865010020301384 0.039099730708515183 50.130180200399777846
40.615130000000000621 0.040002321478317393 66.169900220440666772
40.517490340681447947 0.039392236976506637 41.015730761524523018
39.882550000000001944 0.039392236976506637 46.339624048094925968
39.631529999999997926 0.039417978867941093 45.462530200400514957
39.471069999999997435 0.040140217290370504 60.372854529056532158
39.025590000000001112 0.039716288366499840 50.768172985968497812
38.646210000000003504 0.039647135295756336 47.337891623246733275
38.386479999999998824 0.039761717696698937 45.811135350700340041
37.968600000000002126 0.039864425666264275 51.501379959921365526
37.589089999999998781 0.039868604327235581 50.153294148296076571
37.640019999999999811 0.039868604327235581 46.415301282570602837
37.088270000000001403 0.039868604327235581 49.766922645285312399
36.555259999999996978 0.040199681562028335 57.402757755510606330
36.342842404809772461 0.040215433187854026 50.200321442883627299
35.884830000000000894 0.040198718543968795 54.487190100201424059
35.739499999999999602 0.040081716036772214 47.651504749500489311
35.530880000000003349 0.040085894697743520 43.971973687373832718
34.816020000000001744 0.040090073358714833 49.012110841684048523
34.494192725450481873 0.040276379669916505 50.221028056113169669
34.264029999999998211 0.040286470424366234 46.089609478957946465
33.677379999999999427 0.040491224811960255 56.441715450901916995
33.296089999999999520 0.040491224811960255 52.865129298608387387
33.373289999999997235 0.040491224811960255 47.836923246496773743
33.113439999999997099 0.040491224811960255 51.653378216437104697
32.683289999999999509 0.040491224811960255 48.181902224445764205
32.313099999999998602 0.040491224811960255 44.051801743492106311
31.747109999999999275 0.040733587148296037 53.435458637274685145
31.471095230460715442 0.040758659114123873 52.614646012020735100
31.329110000000000014 0.040758659114123873 44.866477815631434112
30.736709999999998644 0.040758659114123873 49.912223146294465437
30.547319999999999141 0.040888197604234372 53.337412464933372291
30.636769999999998504 0.040888197604234372 47.795422805612055583
30.420590000000000686 0.040888197604234372 51.195517074147744552
30.342189999999998662 0.040888197604234372 49.493309018037884073
30.237580000000001235 0.040888197604234372 46.585803126252628203
30.054429999999999978 0.040888197604234372 50.853389999999997428
