Cal0.00  -39.38 
3600.00  -30.68 

3600.00  -44.88 
3600.00  -29.48 
3600.00  -33.68 
3600.00  -36.68 
3600.00  -40.08 
3600.00  -39.38 
3600.00  -30.68 
Calibrating
1000.00  15.40 
1000.00  16.80 
1000.00  18.90 
1000.00  16.10 
1000.00  7.90 
1000.00  16.80 
1000.00  18.20 
1000.00  15.40 
1000.00  8.50 
1000.00  14.70 
1000.00  13.30 
1000.00  16.10 
1000.00  16.10 
1000.00  14.00 
1000.00  11.20 
1000.00  12.60 
1000.00  10.60 
1000.00  14.00 
1000.00  11.20 
1000.00  11.20 
1000.00  11.90 
1000.00  14.00 
1000.00  9.80 
1000.00  15.40 
1000.00  13.30 
1000.00  7.40 
1000.00  10.60 
1000.00  23.10 
1000.00  15.40 
1000.00  13.30 
1100.00  6.10 
1100.00  18.20 
1100.00  23.70 
1100.00  21.70 
1100.00  20.30 
1100.00  14.00 
1100.00  23.10 
1100.00  15.40 
1100.00  23.70 
1100.00  17.50 
1100.00  17.50 
1100.00  24.30 
1100.00  32.60 
1100.00  24.30 
1100.00  19.60 
1100.00  23.70 
1100.00  23.10 
1100.00  22.40 
1100.00  23.10 
1100.00  25.50 
1100.00  21.00 
1100.00  25.50 
1100.00  22.90 
1100.00  18.90 
1100.00  14.70 
1100.00  25.50 
1100.00  11.20 
1100.00  25.50 
1100.00  26.70 
1100.00  16.10 
1200.00  27.30 
1200.00  18.90 
1200.00  18.20 
1200.00  23.10 
1200.00  23.10 
1200.00  24.90 
1200.00  25.50 
1200.00  24.90 
1200.00  24.30 
1200.00  26.70 
1200.00  28.00 
1200.00  23.10 
1200.00  18.90 
1200.00  18.90 
1200.00  21.00 
1200.00  23.10 
1200.00  21.00 
1200.00  35.30 
1200.00  26.70 
1200.00  28.50 
1200.00  24.90 
1200.00  26.70 
1200.00  27.30 
1200.00  18.20 
1200.00  24.30 
1200.00  26.70 
1200.00  16.80 
1200.00  23.10 
1200.00  20.30 
1200.00  19.60 
1300.00  21.70 
1300.00  18.20 
1300.00  22.40 
1300.00  27.30 
1300.00  34.70 
1300.00  32.60 
1300.00  28.00 
1300.00  33.30 
1300.00  26.70 
1300.00  24.20 
1300.00  26.70 
1300.00  35.20 
1300.00  29.20 
1300.00  29.30 
1300.00  29.80 
1300.00  34.70 
1300.00  29.10 
1300.00  36.70 
1300.00  24.30 
1300.00  24.90 
1300.00  29.10 
1300.00  28.70 
1300.00  26.70 
1300.00  27.90 
1300.00  25.50 
1300.00  27.30 
1300.00  27.30 
1300.00  28.50 
1300.00  31.90 
1300.00  31.90 
1400.00  30.50 
1400.00  29.80 
1400.00  30.50 
1400.00  34.00 
1400.00  36.10 
1400.00  34.70 
1400.00  37.30 
1400.00  29.90 
1400.00  33.30 
1400.00  28.50 
1400.00  37.90 
1400.00  26.10 
1400.00  36.10 
1400.00  27.30 
1400.00  37.30 
1400.00  36.70 
1400.00  27.30 
1400.00  24.30 
1400.00  33.30 
1400.00  24.30 
1400.00  30.00 
1400.00  34.70 
1400.00  29.20 
1400.00  36.10 
1400.00  31.20 
1400.00  31.90 
1400.00  31.90 
1400.00  28.50 
1400.00  31.90 
1400.00  29.90 
1500.00  27.30 
1500.00  36.10 
1500.00  29.10 
1500.00  29.10 
1500.00  39.10 
1500.00  29.80 
1500.00  33.30 
1500.00  42.20 
1500.00  37.90 
1500.00  38.50 
1500.00  39.10 
1500.00  40.90 
1500.00  40.30 
1500.00  36.10 
1500.00  44.90 
1500.00  34.00 
1500.00  41.50 
1500.00  42.20 
1500.00  42.90 
1500.00  36.60 
1500.00  38.50 
1500.00  33.30 
1500.00  42.90 
1500.00  40.30 
1500.00  39.10 
1500.00  34.70 
1500.00  40.90 
1500.00  40.90 
1500.00  34.70 
1500.00  42.90 
1600.00  39.70 
1600.00  47.00 
1600.00  54.00 
1600.00  55.40 
1600.00  51.20 
1600.00  58.50 
1600.00  51.90 
1600.00  54.00 
1600.00  56.10 
1600.00  59.70 
1600.00  59.70 
1600.00  50.50 
1600.00  56.10 
1600.00  54.00 
1600.00  57.90 
1600.00  56.10 
1600.00  51.20 
1600.00  54.00 
1600.00  60.30 
1600.00  60.30 
1600.00  59.10 
1600.00  57.30 
1600.00  46.30 
1600.00  59.10 
1600.00  57.90 
1600.00  55.40 
1600.00  57.30 
1600.00  62.20 
1600.00  57.30 
1600.00  52.60 
1700.00  57.90 
1700.00  59.70 
1700.00  54.00 
1700.00  64.90 
1700.00  67.60 
1700.00  59.10 
1700.00  69.00 
1700.00  60.90 
1700.00  73.30 
1700.00  62.90 
1700.00  72.10 
1700.00  68.10 
1700.00  68.40 
1700.00  68.40 
1700.00  72.10 
1700.00  67.00 
1700.00  69.10 
1700.00  71.50 
1700.00  70.90 
1700.00  70.90 
1700.00  73.30 
1700.00  61.50 
1700.00  73.90 
1700.00  67.70 
1700.00  72.70 
1700.00  74.50 
1700.00  75.80 
1700.00  70.30 
1700.00  65.60 
1700.00  73.90 
1800.00  75.10 
1800.00  70.90 
1800.00  65.60 
1800.00  76.50 
1800.00  84.90 
1800.00  86.30 
1800.00  89.10 
1800.00  87.70 
1800.00  89.10 
1800.00  78.60 
1800.00  90.30 
1800.00  85.60 
1800.00  79.30 
1800.00  85.60 
1800.00  85.60 
1800.00  89.70 
1800.00  97.20 
1800.00  81.40 
1800.00  88.40 
1800.00  87.00 
1800.00  88.40 
1800.00  90.90 
1800.00  93.90 
1800.00  85.60 
1800.00  87.70 
1800.00  87.70 
1800.00  84.90 
1800.00  87.00 
1800.00  95.80 
1800.00  93.90 
1900.00  90.90 
1900.00  92.10 
1900.00  89.00 
1900.00  105.10 
1900.00  120.00 
1900.00  119.30 
1900.00  123.10 
1900.00  125.70 
1900.00  129.50 
1900.00  123.90 
1900.00  132.30 
1900.00  131.00 
1900.00  124.40 
1900.00  130.90 
1900.00  128.80 
1900.00  123.90 
1900.00  132.30 
1900.00  132.30 
1900.00  136.90 
1900.00  135.00 
1900.00  125.10 
1900.00  139.30 
1900.00  133.70 
1900.00  135.70 
1900.00  135.70 
1900.00  122.70 
1900.00  137.50 
1900.00  139.90 
1900.00  134.40 
1900.00  135.10 
2000.00  132.90 
2000.00  138.70 
2000.00  146.70 
2000.00  130.20 
2000.00  138.10 
2000.00  145.30 
2000.00  139.90 
2000.00  134.40 
2000.00  137.50 
2000.00  141.20 
2000.00  141.80 
2000.00  146.00 
2000.00  143.90 
2000.00  141.80 
2000.00  146.00 
2000.00  138.10 
2000.00  146.00 
2000.00  149.50 
2000.00  13