Cal1000.00  6.54 
1000.00  5.94 
Calibrating
1000.00  3.56 
1000.00  8.26 
1000.00  2.16 
1000.00  0.86 
1000.00  7.46 
1000.00  -1.04 
1000.00  0.76 
1000.00  0.76 
1000.00  0.76 
1000.00  7.06 
1000.00  1.46 
1000.00  -0.54 
1000.00  4.26 
1000.00  -4.14 
1000.00  2.16 
1000.00  2.16 
1000.00  2.86 
1000.00  2.86 
1000.00  6.36 
1000.00  -2.94 
1000.00  7.06 
1000.00  9.36 
1000.00  0.76 
1000.00  7.66 
1000.00  -2.34 
1000.00  -0.54 
1000.00  -1.74 
1000.00  -2.34 
1000.00  2.16 
1000.00  0.76 
1100.00  -0.54 
1100.00  0.76 
1100.00  0.06 
1100.00  10.06 
1100.00  3.56 
1100.00  8.86 
1100.00  4.26 
1100.00  -1.74 
1100.00  3.56 
1100.00  1.46 
1100.00  2.86 
1100.00  -2.34 
1100.00  6.36 
1100.00  2.16 
1100.00  9.46 
1100.00  4.26 
1100.00  0.86 
1100.00  9.46 
1100.00  0.06 
1100.00  0.06 
1100.00  0.06 
1100.00  8.26 
1100.00  1.46 
1100.00  7.66 
1100.00  7.06 
1100.00  6.36 
1100.00  8.76 
1100.00  1.46 
1100.00  -1.14 
1100.00  4.96 
1200.00  2.86 
1200.00  9.46 
1200.00  0.06 
1200.00  8.86 
1200.00  2.86 
1200.00  -5.34 
1200.00  10.66 
1200.00  2.86 
1200.00  3.66 
1200.00  2.16 
1200.00  0.06 
1200.00  2.86 
1200.00  9.46 
1200.00  7.06 
1200.00  9.46 
1200.00  -0.54 
1200.00  6.36 
1200.00  3.56 
1200.00  3.56 
1200.00  6.36 
1200.00  5.66 
1200.00  10.06 
1200.00  3.56 
1200.00  8.16 
1200.00  13.06 
1200.00  5.56 
1200.00  10.06 
1200.00  0.96 
1200.00  1.46 
1200.00  2.16 
1300.00  1.46 
1300.00  -4.24 
1300.00  -2.34 
1300.00  -1.14 
1300.00  2.16 
1300.00  -1.14 
1300.00  10.06 
1300.00  14.26 
1300.00  10.06 
1300.00  3.56 
1300.00  3.56 
1300.00  5.66 
1300.00  4.26 
1300.00  1.46 
1300.00  6.96 
1300.00  -0.54 
1300.00  -1.74 
1300.00  5.66 
1300.00  7.46 
1300.00  5.66 
1300.00  -3.54 
1300.00  -5.54 
1300.00  5.66 
1300.00  2.16 
1300.00  0.06 
1300.00  1.66 
1300.00  2.86 
1300.00  14.26 
1300.00  21.86 
1300.00  16.06 
1400.00  23.26 
1400.00  22.56 
1400.00  21.16 
1400.00  26.06 
1400.00  24.66 
1400.00  26.06 
1400.00  32.16 
1400.00  30.86 
1400.00  33.46 
1400.00  30.26 
1400.00  36.96 
1400.00  33.56 
1400.00  29.66 
1400.00  35.56 
1400.00  29.06 
1400.00  28.46 
1400.00  27.26 
1400.00  22.56 
1400.00  25.96 
1400.00  30.86 
1400.00  30.86 
1400.00  23.96 
1400.00  28.46 
1400.00  28.46 
1400.00  19.06 
1400.00  21.16 
1400.00  20.46 
1400.00  28.46 
1400.00  27.86 
1400.00  19.76 
1500.00  24.66 
1500.00  16.06 
1500.00  19.06 
1500.00  19.06 
1500.00  21.16 
1500.00  30.26 
1500.00  25.36 
1500.00  21.86 
1500.00  26.06 
1500.00  23.96 
1500.00  24.66 
1500.00  24.66 
1500.00  23.96 
1500.00  24.66 
1500.00  25.96 
1500.00  36.86 
1500.00  28.46 
1500.00  36.26 
1500.00  32.06 
1500.00  32.86 
1500.00  27.26 
1500.00  34.86 
1500.00  36.96 
1500.00  26.66 
1500.00  33.46 
1500.00  38.36 
1500.00  34.16 
1500.00  38.96 
1500.00  30.26 
1500.00  32.06 
1600.00  26.06 
1600.00  36.26 
1600.00  36.26 
1600.00  36.96 
1600.00  7.06 
1600.00  11.26 
1600.00  7.66 
1600.00  7.06 
1600.00  13.06 
1600.00  10.66 
1600.00  9.46 
1600.00  8.86 
1600.00  4.26 
1600.00  6.86 
1600.00  3.56 
1600.00  -1.14 
1600.00  4.26 
1600.00  11.26 
1600.00  7.66 
1600.00  7.66 
1600.00  6.96 
1600.00  6.36 
1600.00  10.06 
1600.00  11.86 
1600.00  8.86 
1600.00  11.26 
1600.00  7.06 
1600.00  10.66 
1600.00  4.96 
1600.00  10.66 
1700.00  9.96 
1700.00  0.06 
1700.00  1.56 
1700.00  6.36 
1700.00  8.26 
1700.00  7.06 
1700.00  10.06 
1700.00  16.66 
1700.00  12.46 
1700.00  8.86 
1700.00  10.66 
1700.00  13.66 
1700.00  10.66 
1700.00  9.46 
1700.00  16.66 
1700.00  13.06 
1700.00  15.46 
1700.00  22.56 
1700.00  19.76 
1700.00  19.26 
1700.00  50.66 
1700.00  13.06 
1700.00  17.26 
1700.00  49.96 
1700.00  45.06 
1700.00  24.66 
1700.00  27.16 
1700.00  26.56 
1700.00  16.66 
1700.00  10.06 
1800.00  55.56 
1800.00  52.76 
1800.00  59.66 
1800.00  67.16 
1800.00  70.66 
1800.00  74.46 
1800.00  72.06 
1800.00  77.46 
1800.00  87.16 
1800.00  82.96 
1800.00  79.46 
1800.00  81.56 
1800.00  83.66 
1800.00  85.06 
1800.00  88.56 
1800.00  81.56 
1800.00  87.16 
1800.00  75.06 
1800.00  80.16 
1800.00  73.86 
1800.00  82.96 
1800.00  87.16 
1800.00  82.26 
1800.00  86.46 
1800.00  89.26 
1800.00  78.06 
1800.00  77.46 
1800.00  83.66 
1800.00  73.76 
1800.00  89.26 
1900.00  89.96 
1900.00  89.96 
1900.00  82.26 
1900.00  96.96 
1900.00  92.66 
1900.00  98.76 
1900.00  98.06 
1900.00  98.06 
1900.00  108.66 
1900.00  107.46 
1900.00  112.46 
1900.00  109.26 
1900.00  111.06 
1900.00  111.86 
1900.00  110.46 
1900.00  109.26 
1900.00  111.06 
1900.00  107.46 
1900.00  109.86 
1900.00  111.76 
1900.00  111.06 
1900.00  109.26 
1900.00  109.36 
1900.00  113.16 
1900.00  116.66 
1900.00  108.66 
1900.00  111.76 
1900.00  110.46 
1900.00  105.06 
1900.00  109.86 
2000.00  111.06 
2000.00  111.06 
2000.00  115.96 
2000.00  121.56 
2000.00  128.66 
2000.00  132.46 
2000.00  129.86 
2000.00  130.66 
2000.00  139.26 
2000.00  139.86 
2000.00  141.06 
2000.00  138.06 
2000.00  138.56 
2000.00  141.66 
2000.00  141.06 
2000.00  144.86 
2000.00  136.66 
2000.00  146.16 
2000.00  134.56 
2000.00  140.36 
2000.00  141.66 
2000.00  142.26 
2000.00  139.26 
2000.00  138.66 
2000.00  144.26 
2000.00  141.66 
2000.00  146.86 
2000.00  141.66 
2000.00  145.46 
2000.00  145.56 
2100.00  151.06 
2100.00  148.96 
2100.00  156.66 
2100.00  151.06 
2100.00  151.06 
2100.00  158.66 
2100.00  167.56 
2100.00  180.56 
2100.00  175.26 
2100.00  176.46 
2100.00  177.76 
2100.00  173.46 
2100.00  175.26 
2100.00  164.76 
2100.00  185.46 
2100.00  195.26 
2100.00  191.06 
2100.00  191.66 
2100.00  192.86 
2100.00  195.86 
2100.00  196.46 
2100.00  194.06 
2100.00  197.76 
2100.00  221.96 
2100.00  216.36 
2100.00  220.56 
2100.00  210.76 
2100.00  216.36 
2100.00  218.46 
2100.00  222.66 
2200.00  212.16 
2200.00  218.46 
2200.00  220.56 
2200.00  227.66 
2200.00  224.06 
2200.00  250.06 
2200.00  245.16 
2200.00  251.46 
2200.00  260.66 
2200.00  252.86 
2200.00  258.26 
2200.00  263.86 
2200.00  256.96 
2200.00  266.56 
2200.00  267.96 
2200.00  273.66 
2200.00  270.66 
2200.00  267.96 
2200.00  279.56 
2200.00  277.46 
2200.00  277.76 
2200.00  276.36 
2200.00  279.56 
2200.00  280.26 
2200.00  283.76 
2200.00  276.06 
2200.00  275.06 
2200.00  274.86 
2200.00  280.26 
2200.00  278.16 
2300.00  274.26 
2300.00  281.66 
2300.00  273.66 
2300.00  300.96 
2300.00  302.96 
2300.00  291.86 
2300.00  301.66 
2300.00  298.16 
2300.00  301.66 
2300.00  311.16 
2300.00  306.06 
2300.00  311.86 
2300.00  309.06 
2300.00  307.86 
2300.00  309.76 
2300.00  307.86 
2300.00  299.56 
2300.00  304.86 
2300.00  311.16 
2300.00  306.06 
2300.00  312.56 
2300.00  311.86 
2300.00  305.46 
2300.00  306.06 
2300.00  301.66 
2300.00  304.26 
2300.00  306.06 
2300.00  307.86 
2300.00  304.86 
2300.00  302.76 
2400.00  305.46 
2400.00  298.16 
2400.00  306.06 
2400.00  330.66 
2400.00  339.06 
2400.00  334.46 
2400.00  335.76 
2400.00  340.26 
2400.00  340.36 
2400.00  328.06 
2400.00  337.86 
2400.00  330.46 
2400.00  339.06 
2400.00  341.46 
2400.00  345.56 
2400.00  342.76 
2400.00  349.06 
2400.00  344.16 
2400.00  342.86 
2400.00  339.06 
2400.00  344.16 
2400.00  336.06 
2400.00  339.06 
2400.00  345.56 
2400.00  349.06 
2400.00  344.16 
2400.00  343.46 
2400.00  346.26 
2400.00  344.86 
2400.00  338.46 
2500.00  343.56 
2500.00  342.06 
2500.00  334.56 
2500.00  368.26 
2500.00  375.06 
2500.00  367.56 
2500.00  375.76 
2500.00  371.46 
2500.00  375.76 
2500.00  375.06 
2500.00  381.36 
2500.00  388.96 
2500.00  390.26 
2500.00  397.16 
2500.00  393.26 
2500.00  388.36 
2500.00  393.86 
2500.00  406.96 
2500.00  400.46 
2500.00  404.46 
2500.00  408.06 
2500.00  408.16 
2500.00  395.76 
2500.00  398.56 
2500.00  402.66 
2500.00  395.06 
2500.00  400.66 
2500.00  399.26 
2500.00  403.26 
2500.00  398.56 
2600.00  397.86 
2600.00  405.06 
2600.00  405.66 
2600.00  432.16 
2600.00  443.16 
2600.00  439.26 
2600.00  442.56 
2600.00  436.86 
2600.00  441.06 
2600.00  443.86 
2600.00  438.66 
2600.00  438.06 
2600.00  439.86 
2600.00  439.36 
2600.00  449.46 
2600.00  437.46 
2600.00  438.06 
2600.00  441.06 
2600.00  456.86 
2600.00  463.16 
2600.00  463.26 
2600.00  456.86 
2600.00  455.06 
2600.00  445.26 
2600.00  444.56 
2600.00  451.56 
2600.00  444.56 
2600.00  445.26 
2600.00  455.06 
2600.00  449.46 
2700.00  447.36 
2700.00  450.86 
2700.00  442.46 
2700.00  476.26 
2700.00  474.86 
2700.00  474.76 
2700.00  485.96 
2700.00  488.56 
2700.00  496.16 
2700.00  508.66 
2700.00  494.96 
2700.00  497.56 
2700.00  488.06 
2700.00  502.86 
2700.00  502.86 
2700.00  519.66 
2700.00  514.06 
2700.00  507.76 
2700.00  509.86 
2700.00  507.06 
2700.00  503.46 
2700.00  509.86 
2700.00  514.76 
2700.00  509.86 
2700.00  516.16 
2700.00  509.16 
2700.00  505.86 
2700.00  512.66 
2700.00  505.86 
2700.00  499.66 
2800.00  511.26 
2800.00  501.46 
2800.00  506.46 
2800.00  506.56 
2800.00  509.16 
2800.00  508.46 
2800.00  511.26 
2800.00  527.86 
2800.00  538.36 
2800.00  540.06 
2800.00  540.86 
2800.00  543.56 
2800.00  540.06 
2800.00  546.36 
2800.00  547.06 
2800.00  558.96 
2800.00  547.06 
2800.00  555.26 
2800.00  551.96 
2800.00  554.36 
2800.00  549.16 
2800.00  558.26 
2800.00  562.16 
2800.00  556.46 
2800.00  556.96 
2800.00  557.06 
2800.00  567.06 
2800.00  562.86 
2800.00  567.06 
2800.00  574.46 
2900.00  570.06 
2900.00  572.56 
2900.00  569.46 
2900.00  573.76 
2900.00  604.86 
2900.00  604.86 
2900.00  600.06 
2900.00  606.06 
2900.00  602.46 
2900.00  602.46 
2900.00  610.26 
2900.00  606.86 
2900.00  619.36 
2900.00  611.66 
2900.00  615.16 
2900.00  614.46 
2900.00  617.96 
2900.00  628.86 
2900.00  617.96 
2900.00  622.36 
2900.00  621.86 
2900.00  625.46 
2900.00  618.66 
2900.00  628.16 
2900.00  620.66 
2900.00  634.26 
2900.00  631.56 
2900.00  624.86 
2900.00  633.06 
2900.00  625.56 
3000.00  630.96 
3000.00  636.06 
3000.00  629.56 
3000.00  666.66 
3000.00  664.66 
3000.00  667.26 
3000.00  669.06 
3000.00  665.96 
3000.00  661.86 
3000.00  675.56 
3000.00  666.66 
3000.00  674.86 
3000.00  676.26 
3000.00  679.06 
3000.00  680.46 
3000.00  681.86 
3000.00  681.16 
3000.00  685.36 
3000.00  684.66 
3000.00  705.76 
3000.00  702.66 
3000.00  700.16 
3000.00  703.26 
3000.00  702.06 
3000.00  694.86 
3000.00  698.76 
3000.00  698.96 
3000.00  699.36 
3000.00  695.66 
3000.00  696.96 
3100.00  703.26 
3100.00  704.46 
3100.00  704.46 
3100.00  718.96 
3100.00  751.26 
3100.00  745.76 
3100.00  743.66 
3100.00  753.86 
3100.00  751.36 
3100.00  747.86 
3100.00  765.66 
3100.00  762.26 
3100.00  752.66 
3100.00  753.86 
3100.00  753.26 
3100.00  747.86 
3100.00  762.26 
3100.00  753.86 
3100.00  755.66 
3100.00  754.46 
3100.00  757.46 
3100.00  762.96 
3100.00  763.66 
3100.00  765.66 
3100.00  760.86 
3100.00  758.76 
3100.00  758.06 
3100.00  756.86 
3100.00  762.96 
3100.00  757.56 
3200.00  763.66 
3200.00  765.06 
3200.00  765.06 
3200.00  791.06 
3200.00  791.06 
3200.00  786.26 
3200.00  780.16 
3200.00  788.06 
3200.00  781.56 
3200.00  787.46 
3200.00  785.06 
3200.00  788.06 
3200.00  782.26 
3200.00  789.86 
3200.00  793.16 
3200.00  792.46 
3200.00  793.16 
3200.00  793.16 
3200.00  799.16 
3200.00  789.86 
3200.00  789.86 
3200.00  789.26 
3200.00  789.86 
3200.00  789.26 
3200.00  795.96 
3200.00  780.86 
3200.00  785.06 
3200.00  796.66 
3200.00  799.26 
3200.00  788.66 
3300.00  794.56 
3300.00  792.56 
3300.00  782.26 
3300.00  794.56 
3300.00  790.46 
3300.00  835.26 
3300.00  836.46 
3300.00  832.26 
3300.00  850.16 
3300.00  850.06 
3300.00  847.66 
3300.00  845.16 
3300.00  852.16 
3300.00  850.96 
3300.00  858.46 
3300.00  858.46 
3300.00  856.36 
3300.00  857.06 
3300.00  863.36 
3300.00  864.06 
3300.00  859.86 
3300.00  861.86 
3300.00  863.36 
3300.00  861.96 
3300.00  858.46 
3300.00  869.56 
3300.00  866.46 
3300.00  867.06 
3300.00  865.86 
3300.00  860.56 
3400.00  869.56 
3400.00  871.46 
3400.00  877.66 
3400.00  867.66 
3400.00  898.26 
3400.00  894.26 
3400.00  901.86 
3400.00  911.86 
3400.00  912.46 
3400.00  904.56 
3400.00  914.86 
3400.00  920.96 
3400.00  918.86 
3400.00  923.76 
3400.00  924.46 
3400.00  927.96 
3400.00  926.56 
3400.00  923.06 
3400.00  927.96 
3400.00  933.06 
3400.00  930.06 
3400.00  916.06 
3400.00  930.06 
3400.00  947.26 
3400.00  933.06 
3400.00  941.66 
3400.00  946.66 
3400.00  943.06 
3400.00  937.46 
3400.00  949.06 
3500.00  934.86 
3500.00  951.86 
3500.00  943.06 
3500.00  987.66 
3500.00  982.06 
3500.00  988.36 
3500.00  994.66 
3500.00  982.86 
3500.00  982.26 
3500.00  982.06 
3500.00  983.56 
3500.00  985.56 
3500.00  990.46 
3500.00  986.26 
3500.00  984.86 
3500.00  991.16 
3500.00  1000.86 
3500.00  995.26 
3500.00  1007.66 
3500.00  1003.46 
3500.00  999.66 
3500.00  1008.36 
3500.00  1012.66 
3500.00  1006.96 
3500.00  993.96 
3500.00  1002.06 
3500.00  996.66 
3500.00  999.66 
3500.00  1006.26 
3500.00  1000.86 
3600.00  1008.36 
3600.00  1013.86 
3600.00  1010.76 
3600.00  1020.66 
3600.00  1058.56 
3600.00  1049.46 
3600.00  1055.06 
3600.00  1054.36 
3600.00  1055.06 
3600.00  1058.56 
3600.00  1052.26 
3600.00  1038.56 
3600.00  1049.46 
3600.00  1048.06 
3600.00  1050.86 
3600.00  1052.26 
3600.00  1046.26 
3600.00  1051.56 
3600.00  1046.96 
3600.00  1041.86 
3600.00  1045.06 
3600.00  1048.16 
3600.00  1058.56 
3600.00  1052.26 
3600.00  1049.46 
3600.00  1042.66 
3600.00  1059.96 
3600.00  1062.56 
3600.00  1070.86 
3600.00  1066.26 
3700.00  1075.66 
3700.00  1079.86 
3700.00  1108.56 
3700.00  1118.26 
3700.00  1116.16 
3700.00  1114.26 
3700.00  1104.56 
3700.00  1111.66 
3700.00  1114.06 
3700.00  1120.36 
3700.00  1115.46 
3700.00  1131.66 
3700.00  1119.66 
3700.00  1112.26 
3700.00  1123.86 
3700.00  1136.86 
3700.00  1118.96 
3700.00  1131.66 
3700.00  1125.26 
3700.00  1154.76 
3700.00  1140.86 
3700.00  1147.16 
3700.00  1156.86 
3700.00  1151.26 
3700.00  1143.36 
3700.00  1139.66 
3700.00  1142.86 
3700.00  1150.56 
3700.00  1137.56 
3700.00  1139.66 
3800.00  1137.56 
3800.00  1141.06 
3800.00  1155.46 
3800.00  1157.56 
3800.00  1191.26 
3800.00  1197.06 
3800.00  1201.56 
3800.00  1203.56 
3800.00  1188.46 
3800.00  1189.86 
3800.00  1211.86 
3800.00  1210.06 
3800.00  1206.06 
3800.00  1209.46 
3800.00  1202.86 
3800.00  1223.56 
3800.00  1216.56 
3800.00  1221.46 
3800.00  1219.36 
3800.00  1225.66 
3800.00  1226.36 
3800.00  1219.36 
3800.00  1232.46 
3800.00  1216.56 
3800.00  1226.36 
3800.00  1225.66 
3800.00  1220.76 
3800.00  1231.26 
3800.00  1231.26 
3800.00  1226.36 
3900.00  1235.86 
3900.00  1240.06 
3900.00  1242.46 
3900.00  1283.26 
3900.00  1275.46 
3900.00  1274.86 
3900.00  1278.46 
3900.00  1272.76 
3900.00  1274.86 
3900.00  1255.86 
3900.00  1240.66 
3900.00  1276.66 
3900.00  1291.46 
3900.00  1287.46 
3900.00  1294.26 
3900.00  1300.46 
3900.00  1303.26 
3900.00  1305.36 
3900.00  1312.06 
3900.00  1316.26 
3900.00  1318.36 
3900.00  1312.36 
3900.00  1333.46 
3900.00  1338.36 
3900.00  1338.36 
3900.00  1345.76 
3900.00  1347.16 
3900.00  1341.46 
3900.00  1336.26 
3900.00  1339.06 
4000.00  1346.46 
4000.00  1338.76 
4000.00  1354.86 
4000.00  1347.86 
4000.00  1387.16 
4000.00  1389.26 
4000.00  1389.16 
4000.00  1389.26 
4000.00  1396.26 
4000.00  1401.56 
4000.00  1398.06 
4000.00  1405.06 
4000.00  1406.16 
4000.00  1418.06 
4000.00  1411.06 
4000.00  1421.56 
4000.00  1427.46 
4000.00  1433.26 
4000.00  1428.66 
4000.00  1436.66 
4000.00  1435.26 
4000.00  1439.86 
4000.00  1441.06 
4000.00  1438.66 
4000.00  1452.46 
4000.00  1442.46 
4000.00  1453.86 
4000.00  1450.36 
4000.00  1450.36 
4000.00  1454.56 
4100.00  1455.26 
4100.00  1454.56 
4100.00  1455.26 
4100.00  1452.46 
4100.00  1455.96 
4100.00  1494.86 
4100.00  1499.16 
4100.00  1501.26 
4100.00  1502.66 
4100.00  1503.36 
4100.00  1515.66 
4100.00  1509.56 
4100.00  1511.46 
4100.00  1518.46 
4100.00  1521.96 
4100.00  1528.26 
4100.00  1524.56 
4100.00  1527.66 
4100.00  1521.96 
4100.00  1528.26 
4100.00  1521.96 
4100.00  1525.86 
4100.00  1534.96 
4100.00  1524.06 
4100.00  1527.56 
4100.00  1532.16 
4100.00  1527.06 
4100.00  1539.46 
4100.00  1533.56 
4100.00  1532.86 
4200.00  1541.86 
4200.00  1539.96 
4200.00  1546.56 
4200.00  1576.16 
4200.00  1585.16 
4200.00  1591.86 
4200.00  1609.86 
4200.00  1620.96 
4200.00  1622.36 
4200.00  1627.86 
4200.00  1613.96 
4200.00  1624.86 
4200.00  1615.36 
4200.00  1613.96 
4200.00  1626.06 
4200.00  1620.26 
4200.00  1633.26 
4200.00  1624.16 
4200.00  1639.06 
4200.00  1651.86 
4200.00  1639.66 
4200.00  1652.56 
4200.00  1643.46 
4200.00  1637.76 
4200.00  1633.96 
4200.00  1640.86 
4200.00  1648.36 
4200.00  1646.26 
4200.00  1646.26 
4200.00  1646.26 
4300.00  1637.86 
4300.00  1639.76 
4300.00  1642.76 
4300.00  1657.16 
4300.00  1687.16 
4300.00  1702.66 
4300.00  1702.06 
4300.00  1715.06 
4300.00  1713.66 
4300.00  1700.66 
4300.00  1701.96 
4300.00  1705.06 
4300.00  1713.66 
4300.00  1705.66 
4300.00  1709.46 
4300.00  1705.06 
4300.00  1706.26 
4300.00  1706.86 
4300.00  1706.86 
4300.00  1706.26 
4300.00  1704.36 
4300.00  1711.56 
4300.00  1708.06 
4300.00  1722.46 
4300.00  1728.06 
4300.00  1725.96 
4300.00  1721.06 
4300.00  1733.66 
4300.00  1743.86 
4300.00  1734.36 
4400.00  1751.06 
4400.00  1742.46 
4400.00  1750.46 
4400.00  1803.46 
4400.00  1802.16 
4400.00  1820.76 
4400.00  1800.86 
4400.00  1805.26 
4400.00  1804.66 
4400.00  1813.76 
4400.00  1799.66 
4400.00  1804.06 
4400.00  1803.46 
4400.00  1835.26 
4400.00  1804.66 
4400.00  1829.86 
4400.00  1813.36 
4400.00  1804.66 
4400.00  1803.46 
4400.00  1801.66 
4400.00  1804.06 
4400.00  1796.86 
4400.00  1802.86 
4400.00  1812.66 
4400.00  1829.16 
4400.00  1803.46 
4400.00  1805.26 
4400.00  1810.56 
4400.00  1807.26 
4400.00  1815.86 
4500.00  1824.26 
4500.00  1821.46 
4500.00  1858.66 
4500.00  1821.46 
4500.00  1868.86 
4500.00  1900.06 
4500.00  1877.86 
4500.00  1879.76 
4500.00  1889.56 
4500.00  1903.66 
4500.00  1876.56 
4500.00  1882.46 
4500.00  1890.26 
4500.00  1897.96 
4500.00  1890.26 
4500.00  1919.26 
4500.00  1897.26 
4500.00  1893.06 
4500.00  1902.46 
4500.00  1918.66 
4500.00  1896.56 
4500.00  1904.36 
4500.00  1906.06 
4500.00  1909.56 
4500.00  1900.06 
4500.00  1893.76 
4500.00  1904.26 
4500.00  1901.06 
4500.00  1906.76 
4500.00  1904.86 
4600.00  1908.86 
4600.00  1904.26 
4600.00  1908.86 
4600.00  1969.06 
4600.00  1973.56 
4600.00  1972.06 
4600.00  1976.26 
4600.00  1979.56 
4600.00  2007.86 
4600.00  1986.66 
4600.00  2005.06 
4600.00  1988.56 
4600.00  1983.26 
4600.00  1986.46 
4600.00  1989.26 
4600.00  2032.06 
4600.00  1998.16 
4600.00  1993.46 
4600.00  1987.16 
4600.00  1987.86 
4600.00  1982.66 
4600.00  1995.56 
4600.00  1994.16 
4600.00  1998.36 
4600.00  2027.86 
4600.00  2002.06 
4600.00  2012.06 
4600.00  2011.36 
4600.00  2012.06 
4600.00  2011.26 
4700.00  2043.56 
4700.00  2015.06 
4700.00  2009.96 
4700.00  2011.26 
4700.00  2012.66 
4700.00  2048.06 
4700.00  2152.16 
4700.00  2134.66 
4700.00  2082.86 
4700.00  2069.86 
4700.00  2105.46 
4700.00  2102.26 
4700.00  2079.26 
4700.00  2118.46 
4700.00  2122.66 
4700.00  2095.26 
4700.00  2134.16 
4700.00  2128.96 
4700.00  2132.16 
4700.00  2133.46 
4700.00  2122.66 
4700.00  2096.66 
4700.00  2106.96 
4700.00  2107.56 
4700.00  2121.26 
4700.00  2131.66 
4700.00  2106.86 
4700.00  2115.26 
4700.00  2106.16 
4700.00  2109.66 
4800.00  2117.06 
4800.00  2121.96 
4800.00  2129.66 
4800.00  2199.46 
4800.00  2198.06 
4800.00  2205.16 
4800.00  2210.66 
4800.00  2199.36 
4800.00  2178.26 
4800.00  2192.86 
4800.00  2192.16 
4800.00  2200.06 
4800.00  2205.86 
4800.00  2206.56 
4800.00  2203.26 
4800.00  2205.16 
4800.00  2203.06 
4800.00  2209.16 
4800.00  2207.96 
4800.00  2213.66 
4800.00  2220.96 
4800.00  2240.86 
4800.00  2252.56 
4800.00  2239.56 
4800.00  2238.86 
4800.00  2237.66 
4800.00  2239.56 
4800.00  2216.76 
4800.00  2236.06 
4800.00  2237.46 
4900.00  2229.06 
4900.00  2229.96 
4900.00  2229.36 
4900.00  2312.66 
4900.00  2312.66 
4900.00  2306.96 
4900.00  2297.86 
4900.00  2274.56 
4900.00  2297.86 
4900.00  2307.66 
4900.00  2308.26 
4900.00  2315.06 
4900.00  2318.56 
4900.00  2322.76 
4900.00  2318.56 
4900.00  2294.66 
4900.00  2326.26 
4900.00  2326.96 
4900.00  2329.36 
4900.00  2336.46 
4900.00  2339.26 
4900.00  2343.86 
4900.00  2342.06 
4900.00  2349.46 
4900.00  2345.66 
4900.00  2338.56 
4900.00  2343.26 
4900.00  2347.66 
4900.00  2353.66 
4900.00  2359.06 
5000.00  2357.16 
5000.00  2346.26 
5000.00  2345.06 
5000.00  2400.56 
5000.00  2398.06 
5000.00  2409.76 
5000.00  2417.56 
5000.00  2417.56 
5000.00  2416.86 
5000.00  2424.56 
5000.00  2431.66 
5000.00  2432.86 
5000.00  2420.36 
5000.00  2444.06 
5000.00  2443.46 
5000.00  2429.16 
5000.00  2441.46 
5000.00  2448.56 
5000.00  2451.26 
5000.00  2436.86 
5000.00  2416.16 
5000.00  2418.96 
5000.00  2423.86 
5000.00  2418.96 
5000.00  2429.86 
5000.00  2427.36 
5000.00  2431.06 
5000.00  2436.86 
5000.00  2433.76 
5000.00  2452.66 
5100.00  2443.46 
5100.00  2441.66 
5100.00  2463.46 
5100.00  2450.56 
5100.00  2513.26 
5100.00  2509.46 
5100.00  2517.26 
5100.00  2500.06 
5100.00  2506.26 
5100.00  2507.66 
5100.00  2506.06 
5100.00  2504.26 
5100.00  2521.26 
5100.00  2536.56 
5100.00  2530.96 
5100.00  2520.66 
5100.00  2514.46 
5100.00  2513.76 
5100.00  2519.26 
5100.00  2523.06 
5100.00  2535.16 
5100.00  2530.26 
5100.00  2538.66 
5100.00  2550.26 
5100.00  2548.16 
5100.00  2550.96 
5100.00  2549.56 
5100.00  2554.86 
5100.00  2556.66 
5100.00  2561.16 
5200.00  2552.96 
5200.00  2566.06 
5200.00  2565.36 
5200.00  2592.86 
5200.00  2590.86 
5200.00  2608.46 
5200.00  2599.06 
5200.00  2599.76 
5200.00  2635.56 
5200.00  2636.96 
5200.00  2642.66 
5200.00  2642.66 
5200.00  2641.46 
5200.00  2658.76 
5200.00  2663.66 
5200.00  2643.26 
5200.00  2629.96 
5200.00  2640.16 
5200.00  2642.06 
5200.00  2641.46 
5200.00  2646.46 
5200.00  2643.26 
5200.00  2656.86 
5200.00  2663.66 
5200.00  2666.46 
5200.00  2674.46 
5200.00  2667.86 
5200.00  2676.26 
5200.00  2670.66 
5200.00  2665.76 
5300.00  2673.86 
5300.00  2675.66 
5300.00  2665.06 
5300.00  2665.76 
5300.00  2721.06 
5300.00  2707.46 
5300.00  2726.36 
5300.00  2719.66 
5300.00  2721.06 
5300.00  2719.86 
5300.00  2722.26 
5300.00  2721.66 
5300.00  2735.26 
5300.00  2741.06 
5300.00  2708.06 
5300.00  2726.86 
5300.00  2728.26 
5300.00  2742.26 
5300.00  2726.16 
5300.00  2732.46 
5300.00  2739.86 
5300.00  2741.66 
5300.00  2749.66 
5300.00  2752.66 
5300.00  2731.76 
5300.00  2734.56 
5300.00  2740.96 
5300.00  2744.86 
5300.00  2746.26 
5300.00  2760.56 
5400.00  2758.46 
5400.00  2755.86 
5400.00  2753.46 
5400.00  2823.76 
5400.00  2825.16 
5400.00  2819.46 
5400.00  2825.16 
5400.00  2791.46 
5400.00  2826.56 
5400.00  2816.86 
5400.00  2815.66 
5400.00  2810.86 
5400.00  2832.86 
5400.00  2827.96 
5400.00  2854.86 
5400.00  2846.56 
5400.00  2858.16 
5400.00  2838.06 
5400.00  2853.66 
5400.00  2861.66 
5400.00  2827.96 
5400.00  2806.46 
5400.00  2821.26 
5400.00  2851.26 
5400.00  2866.56 
5400.00  2876.86 
5400.00  2876.06 
5400.00  2889.86 
5400.00  2862.36 
5400.00  2868.66 
5500.00  2849.96 
5500.00  2868.56 
5500.00  2854.86 
5500.00  2923.46 
5500.00  2946.26 
5500.00  2942.96 
5500.00  2933.26 
5500.00  2948.26 
5500.00  2960.66 
5500.00  2938.46 
5500.00  2940.86 
5500.00  2950.26 
5500.00  2948.36 
5500.00  2938.36 
5500.00  2951.46 
5500.00  2956.46 
5500.00  2953.96 
5500.00  2962.76 
5500.00  2982.56 
5500.00  2987.76 
5500.00  2945.56 
5500.00  2944.26 
5500.00  2957.86 
5500.00  2977.16 
5500.00  2970.26 
5500.00  2983.26 
5500.00  2978.56 
5500.00  2985.66 
5500.00  2977.86 
5500.00  2950.76 
5500.00  2934.66 
5500.00  2932.46 
5500.00  2944.16 
5500.00  2961.36 
5500.00  2971.46 
5500.00  2968.86 
5500.00  2954.56 
5500.00  2961.36 
5500.00  2963.46 
5500.00  3055.46 
5500.00  3032.26 
5500.00  3021.76 
5500.00  2998.56 
5500.00  3026.66 
5500.00  3023.16 
5500.00  3023.36 
5500.00  3019.96 
5500.00  3038.06 
5500.00  3042.06 
5500.00  3049.26 
5500.00  3065.96 
5500.00  3074.16 
5500.00  3068.06 
5500.00  3061.06 
5500.00  3066.46 
5500.00  3059.66 
5500.00  3053.56 
5500.00  3067.16 
5500.00  3068.06 
5500.00  3052.26 
5500.00  3045.26 
5500.00  3045.26 
5500.00  3072.26 
5500.00  3057.56 
5500.00  3065.26 
5500.00  3066.66 
5500.00  3064.56 
5500.00  3081.06 
5500.00  3071.06 
5500.00  3068.66 
5500.00  3064.56 
5500.00  3064.56 
5500.00  3075.76 
5500.00  3070.46 
5500.00  3076.86 
5500.00  3091.96 
5500.00  3091.26 
5500.00  3094.76 
5500.00  3089.16 
5500.00  3100.16 
5500.00  3119.56 
5500.00  3097.56 
5500.00  3115.26 
5500.00  3119.46 
5500.00  3120.76 
5500.00  3204.26 
5500.00  3219.76 
5500.00  3236.16 
5500.00  3215.46 
5500.00  3188.16 
5500.00  3193.06 
5500.00  3131.26 
5500.00  3138.86 
5500.00  3137.06 
5500.00  3181.26 
5500.00  3137.66 
5500.00  3164.16 
5500.00  3160.06 
5500.00  3141.46 
5500.00  3157.26 
5500.00  3170.66 
5500.00  3173.06 
5500.00  3182.46 
5500.00  3185.46 
5500.00  3166.86 
5500.00  3165.46 
5500.00  3152.56 
5500.00  3150.66 
5500.00  3150.06 
5500.00  3161.46 
5500.00  3159.36 
5500.00  3156.66 
5500.00  3155.26 
5500.00  3145.56 
5500.00  85.06 
5500.00  87.16 
5500.00  83.66 
5500.00  87.76 
5500.00  75.66 
5500.00  67.16 
5500.00  75.66 
5500.00  