ing
1000.00  -4.02 
1000.00  3.48 
1000.00  8.88 
1000.00  359.48 
1000.00  368.18 
1000.00  378.08 
1000.00  381.88 
1000.00  395.28 
1000.00  389.68 
1000.00  394.58 
1000.00  391.78 
1000.00  391.08 
1000.00  399.48 
1000.00  395.28 
1000.00  386.18 
1000.00  388.98 
1000.00  391.78 
1000.00  390.38 
1000.00  399.78 
1000.00  391.08 
1000.00  395.28 
1000.00  391.78 
1000.00  386.38 
1000.00  399.78 
1000.00  391.78 
1000.00  393.18 
1000.00  397.98 
1000.00  400.68 
1000.00  392.48 
1000.00  391.08 
1100.00  393.88 
1100.00  395.98 
1100.00  389.68 
1100.00  406.18 
1100.00  399.48 
1100.00  406.18 
1100.00  449.08 
1100.00  462.68 
1100.00  473.68 
1100.00  469.08 
1100.00  470.88 
1100.00  472.88 
1100.00  462.68 
1100.00  460.58 
1100.00  469.08 
1100.00  459.88 
1100.00  469.08 
1100.00  457.78 
1100.00  465.48 
1100.00  466.68 
1100.00  468.48 
1100.00  464.08 
1100.00  469.08 
1100.00  466.68 
1100.00  467.88 
1100.00  472.98 
1100.00  461.98 
1100.00  471.58 
1100.00  476.38 
1100.00  466.08 
1200.00  470.28 
1200.00  466.68 
1200.00  480.78 
1200.00  518.18 
1200.00  519.58 
1200.00  523.78 
1200.00  527.28 
1200.00  534.48 
1200.00  526.58 
1200.00  533.28 
1200.00  529.38 
1200.00  537.48 
1200.00  543.78 
1200.00  541.68 
1200.00  540.98 
1200.00  536.88 
1200.00  539.58 
1200.00  544.48 
1200.00  535.08 
1200.00  537.48 
1200.00  538.88 
1200.00  535.08 
1200.00  533.88 
1200.00  544.38 
1200.00  536.38 
1200.00  536.88 
1200.00  538.18 
1200.00  533.88 
1200.00  545.48 
1200.00  544.48 
1300.00  546.28 
1300.00  548.08 
1300.00  541.68 
1300.00  584.18 
1300.00  583.68 
1300.00  594.68 
1300.00  591.18 
1300.00  590.48 
1300.00  601.08 
1300.00  597.38 
1300.00  600.48 
1300.00  607.68 
1300.00  602.88 
1300.00  601.08 
1300.00  612.88 
1300.00  612.18 
1300.00  609.78 
1300.00  611.58 
1300.00  614.68 
1300.00  618.58 
1300.00  616.48 
1300.00  612.88 
1300.00  609.78 
1300.00  618.58 
1300.00  614.68 
1300.00  615.28 
1300.00  616.48 
1300.00  616.48 
1300.00  625.58 
1300.00  615.88 
1400.00  622.08 
1400.00  624.18 
1400.00  616.58 
1400.00  660.68 
1400.00  671.58 
1400.00  680.08 
1400.00  682.48 
1400.00  681.38 
1400.00  687.38 
1400.00  693.68 
1400.00  693.68 
1400.00  696.48 
1400.00  697.58 
1400.00  700.08 
1400.00  688.08 
1400.00  696.88 
1400.00  692.98 
1400.00  695.08 
1400.00  698.88 
1400.00  697.68 
1400.00  691.58 
1400.00  691.58 
1400.00  695.78 
1400.00  692.88 
1400.00  700.08 
1400.00  696.08 
1400.00  703.48 
1400.00  698.28 
1400.00  700.08 
1400.00  702.68 
1500.00  700.78 
1500.00  695.08 
1500.00  785.68 
1500.00  763.08 
1500.00  768.48 
1500.00  770.58 
1500.00  767.28 
1500.00  763.68 
1500.00  767.48 
1500.00  766.68 
1500.00  768.48 
1500.00  765.48 
1500.00  769.98 
1500.00  772.68 
1500.00  765.48 
1500.00  765.48 
1500.00  758.98 
1500.00  760.38 
1500.00  752.68 
1500.00  763.08 
1500.00  761.78 
1500.00  761.08 
1500.00  765.48 
1500.00  763.68 
1500.00  762.38 
1500.00  760.38 
1500.00  767.88 
1500.00  764.88 
1500.00  754.78 
1500.00  766.68 
1600.00  756.88 
1600.00  754.78 
1600.00  761.08 
1600.00  758.28 
1600.00  769.38 
1600.00  767.28 
1600.00  755.48 
1600.00  800.88 
1600.00  796.58 
1600.00  784.28 
1600.00  804.28 
1600.00  803.58 
1600.00  800.28 
1600.00  800.88 
1600.00  811.48 
1600.00  807.08 
1600.00  817.28 
1600.00  815.98 
1600.00  810.28 
1600.00  814.58 
1600.00  809.68 
1600.00  810.88 
1600.00  809.68 
1600.00  818.68 
1600.00  819.38 
1600.00  817.98 
1600.00  822.08 
1600.00  823.88 
1600.00  818.68 
1600.00  816.58 
1700.00  820.78 
1700.00  820.08 
1700.00  866.78 
1700.00  874.48 
1700.00  871.68 
1700.00  877.48 
1700.00  883.28 
1700.00  883.98 
1700.00  874.28 
1700.00  885.38 
1700.00  880.48 
1700.00  878.08 
1700.00  887.98 
1700.00  881.88 
1700.00  879.28 
1700.00  882.58 
1700.00  887.98 
1700.00  886.08 
1700.00  890.48 
1700.00  894.18 
1700.00  888.08 
1700.00  883.98 
1700.00  882.58 
1700.00  889.88 
1700.00  885.98 
1700.00  892.88 
1700.00  897.68 
1700.00  890.48 
1700.00  888.68 
1700.00  891.68 
1800.00  891.68 
1800.00  887.48 
1800.00  894.18 
1800.00  889.88 
1800.00  883.98 
1800.00  891.08 
1800.00  882.58 
1800.00  885.98 
1800.00  884.68 
1800.00  892.88 
1800.00  889.88 
1800.00  889.28 
1800.00  895.58 
1800.00  888.68 
1800.00  896.28 
1800.00  906.68 
1800.00  941.08 
1800.00  951.38 
1800.00  938.98 
1800.00  940.28 
1800.00  947.18 
1800.00  947.88 
1800.00  950.68 
1800.00  956.48 
1800.00  958.38 
1800.00  949.98 
1800.00  953.48 
1800.00  952.08 
1800.00  962.28 
1800.00  963.68 
1900.00  966.48 
1900.00  960.18 
1900.00  961.58 
1900.00  984.98 
1900.00  1014.58 
1900.00  1024.88 
1900.00  1023.18 
1900.00  1023.08 
1900.00  1041.28 
1900.00  1028.28 
1900.00  1027.58 
1900.00  1035.28 
1900.00  1033.18 
1900.00  1026.88 
1900.00  1029.68 
1900.00  1023.68 
1900.00  1021.28 
1900.00  1028.28 
1900.00  1031.78 
1900.00  1034.58 
1900.00  1041.28 
1900.00  1035.28 
1900.00  1040.08 
1900.00  1033.88 
1900.00  1043.08 
1900.00  1028.28 
1900.00  1035.28 
1900.00  1031.08 
1900.00  1043.08 
1900.00  1032.48 
2000.00  1031.08 
2000.00  1040.58 
2000.00  1051.78 
2000.00  1033.88 
2000.00  1046.18 
2000.00  1061.98 
2000.00  1057.88 
2000.00  1059.18 
2000.00  1057.98 
2000.00  1056.08 
2000.00  1052.48 
2000.00  1057.28 
2000.00  1061.28 
2000.00  1058.58 
2000.00  1061.38 
2000.00  1059.88 
2000.00  1061.48 
2000.00  1060.58 
2000.00  1054.28 
2000.00  1043.08 
2000.00  1048.98 
2000.00  1043.08 
2000.00  1051.78 
2000.00  1041.88 
2000.00  1045.68 
2000.00  1038.08 
2000.00  1051.78 
2000.00  1052.48 
2000.00  1038.78 
2000.00  1044.28 
2100.00  1035.28 
2100.00  1044.88 
2100.00  1039.48 
2100.00  1094.28 
2100.00  1098.48 
2100.00  1105.38 
2100.00  1105.48 
2100.00  1114.98 
2100.00  1111.48 
2100.00  1107.28 
2100.00  1102.68 
2100.00  1111.48 
2100.00  1116.98 
2100.00  1117.08 
2100.00  1118.38 
2100.00  1119.08 
2100.00  1117.08 
2100.00  1107.28 
2100.00  1105.28 
2100.00  1092.28 
2100.00  1080.58 
2100.00  1089.08 
2100.00  1084.68 
2100.00  1068.28 
2100.00  1081.28 
2100.00  1066.88 
2100.00  1061.28 
2100.00  1077.28 
2100.00  1078.48 
2100.00  1072.38 
2200.00  1087.18 
2200.00  1088.48 
2200.00  1087.88 
2200.00  1153.28 
2200.00  1156.28 
2200.00  1157.08 
2200.00  1144.48 
2200.00  1138.48 
2200.00  1108.48 
2200.00  1112.88 
2200.00  1114.98 
2200.00  1103.38 
2200.00  1102.68 
2200.00  1108.48 
2200.00  1122.08 
2200.00  1123.38 
2200.00  1120.28 
2200.00  1140.18 
2200.00  1125.28 
2200.00  1128.68 
2200.00  1124.48 
2200.00  1124.58 
2200.00  1114.28 
2200.00  1113.68 
2200.00  1140.88 
2200.00  1125.18 
2200.00  1122.68 
2200.00  1128.68 
2200.00  1141.48 
2200.00  1142.08 
2300.00  1153.88 
2300.00  1144.48 
2300.00  1212.58 
2300.00  1218.58 
2300.00  1252.88 
2300.00  1265.58 
2300.00  1257.18 
2300.00  1264.88 
2300.00  1264.18 
2300.00  1259.98 
2300.00  1264.88 
2300.00  1257.88 
2300.00  1260.68 
2300.00  1260.68 
2300.00  1250.48 
2300.00  1253.48 
2300.00  1256.58 
2300.00  1259.98 
2300.00  1260.68 
2300.00  1256.48 
2300.00  1271.58 
2300.00  1262.08 
2300.00  1264.88 
2300.00  1256.58 
2300.00  1264.88 
2300.00  1256.48 
2300.00  1263.48 
2300.00  1261.38 
2300.00  1263.48 
2300.00  1262.78 
2400.00  1257.88 
2400.00  1256.48 
2400.00  1259.98 
2400.00  1315.78 
2400.00  1272.88 
2400.00  1326.68 
2400.00  1336.98 
2400.00  1334.38 
2400.00  1336.78 
2400.00  1332.28 
2400.00  1332.98 
2400.00  1326.68 
2400.00  1337.68 
2400.00  1336.28 
2400.00  1333.68 
2400.00  1329.48 
2400.00  1326.68 
2400.00  1330.88 
2400.00  1332.28 
2400.00  1327.38 
2400.00  1328.78 
2400.00  1330.18 
2400.00  1334.88 
2400.00  1338.28 
2400.00  1346.68 
2400.00  1351.28 
2400.00  1349.48 
2400.00  1349.48 
2400.00  1345.98 
2400.00  1353.08 
2500.00  1342.48 
2500.00  1333.68 
2500.00  1340.68 
2500.00  1337.68 
2500.00  1389.88 
2500.00  1385.48 
2500.00  1429.18 
2500.00  1406.08 
2500.00  1382.48 
2500.00  1386.68 
2500.00  1393.38 
2500.00  1394.78 
2500.00  1392.68 
2500.00  1394.78 
2500.00  1393.38 
2500.00  1384.28 
2500.00  1393.38 
2500.00  1391.28 
2500.00  1386.08 
2500.00  1390.58 
2500.00  1404.28 
2500.00  1397.58 
2500.00  1378.98 
2500.00  1382.48 
2500.00  1386.68 
2500.00  1388.48 
2500.00  1378.38 
2500.00  1388.68 
2500.00  1388.68 
2500.00  1384.88 
2600.00  1388.48 
2600.00  1389.18 
2600.00  1384.28 
2600.00  1392.68 
2600.00  1394.78 
2600.00  1441.48 
2600.00  1442.88 
2600.00  1462.88 
2600.00  1431.28 
2600.00  1435.48 
2600.00  1443.58 
2600.00  1435.48 
2600.00  1445.68 
2600.00  1446.38 
2600.00  1449.68 
2600.00  1454.08 
2600.00  1452.08 
2600.00  1458.68 
2600.00  1457.98 
2600.00  1459.38 
2600.00  1452.08 
2600.00  1464.98 
2600.00  1459.38 
2600.00  1462.88 
2600.00  1465.68 
2600.00  1471.48 
2600.00  1476.78 
2600.00  1472.08 
2600.00  1467.08 
2600.00  1462.18 
2700.00  1465.68 
2700.00  1468.28 
2700.00  1465.68 
2700.00  1520.48 
2700.00  1531.68 
2700.00  1528.88 
2700.00  1536.78 
2700.00  1540.78 
2700.00  1539.38 
2700.00  1536.88 
2700.00  1534.48 
2700.00  1530.28 
2700.00  1545.38 
2700.00  1553.08 
2700.00  1546.08 
2700.00  1550.48 
2700.00  1551.68 
2700.00  1553.58 
2700.00  1550.48 
2700.00  1548.68 
2700.00  1549.28 
2700.00  1551.68 
2700.00  1544.68 
2700.00  1560.48 
2700.00  1550.48 
2700.00  1557.68 
2700.00  1558.38 
2700.00  1556.98 
2700.00  1551.98 
2700.00  1549.88 
2800.00  1546.78 
2800.00  1557.68 
2800.00  1607.18 
2800.00  1623.68 
2800.00  1633.48 
2800.00  1635.28 
2800.00  1634.08 
2800.00  1623.08 
2800.00  1631.38 
2800.00  1626.48 
2800.00  1615.88 
2800.00  1618.98 
2800.00  1617.78 
2800.00  1615.88 
2800.00  1623.68 
2800.00  1625.08 
2800.00  1633.48 
2800.00  1634.58 
2800.00  1638.28 
2800.00  1634.08 
2800.00  1638.98 
2800.00  1636.48 
2800.00  1642.28 
2800.00  1642.98 
2800.00  1649.48 
2800.00  1650.68 
2800.00  1645.08 
2800.00  1640.18 
2800.00  1633.48 
2800.00  1634.68 
2900.00  1637.08 
2900.00  1645.48 
2900.00  1646.88 
2900.00  1717.98 
2900.00  1708.28 
2900.00  1713.08 
2900.00  1710.98 
2900.00  1712.98 
2900.00  1718.08 
2900.00  1703.38 
2900.00  1713.08 
2900.00  1712.98 
2900.00  1706.88 
2900.00  1718.78 
2900.00  1721.38 
2900.00  1713.68 
2900.00  1725.48 
2900.00  1720.58 
2900.00  1718.48 
2900.00  1718.48 
2900.00  1729.68 
2900.00  1706.18 
2900.00  1718.48 
2900.00  1725.48 
2900.00  1726.08 
2900.00  1718.08 
2900.00  1734.28 
2900.00  1725.28 
2900.00  1715.48 
2900.00  1717.88 
3000.00  1717.88 
3000.00  1705.48 
3000.00  1711.58 
3000.00  1764.48 
3000.00  1765.88 
3000.00  1767.28 
3000.00  1777.68 
3000.00  1780.18 
3000.00  1771.48 
3000.00  1776.98 
3000.00  1777.78 
3000.00  1774.98 
3000.00  1782.08 
3000.00  1782.08 
3000.00  1782.08 
3000.00  1777.78 
3000.00  1778.48 
3000.00  1778.18 
3000.00  1780.68 
3000.00  1781.48 
3000.00  1787.98 
3000.00  1778.48 
3000.00  1771.48 
3000.00  1780.88 
3000.00  1778.88 
3000.00  1764.48 
3000.00  1774.98 
3000.00  1777.78 
3000.00  1780.28 
3000.00  1782.08 
3100.00  1783.98 
3100.00  1787.28 
3100.00  1840.98 
3100.00  1852.58 
3100.00  1849.88 
3100.00  1853.98 
3100.00  1849.88 
3100.00  1860.48 
3100.00  1848.68 
3100.00  1853.28 
3100.00  1861.08 
3100.00  1852.58 
3100.00  1857.48 
3100.00  1853.28 
3100.00  1852.58 
3100.00  1858.48 
3100.00  1856.08 
3100.00  1862.28 
3100.00  1866.28 
3100.00  1869.08 
3100.00  1859.28 
3100.00  1860.48 
3100.00  1853.98 
3100.00  1850.18 
3100.00  1861.68 
3100.00  1857.48 
3100.00  1859.88 
3100.00  1862.88 
3100.00  1859.88 
3100.00  1862.88 
3200.00  1858.08 
3200.00  1869.08 
3200.00  1868.38 
3200.00  1876.08 
3200.00  1930.18 
3200.00  1927.68 
3200.00  1920.58 
3200.00  1918.58 
3200.00  1910.38 
3200.00  1913.48 
3200.00  1919.28 
3200.00  1923.48 
3200.00  1919.98 
3200.00  1920.68 
3200.00  1923.48 
3200.00  1913.48 
3200.00  1917.98 
3200.00  1915.28 
3200.00  1922.08 
3200.00  1927.68 
3200.00  1936.48 
3200.00  1918.58 
3200.00  1932.38 
3200.00  1932.98 
3200.00  1932.28 
3200.00  1941.38 
3200.00  1930.18 
3200.00  1939.28 
3200.00  1919.28 
3200.00  1935.78 
3300.00  1939.28 
3300.00  1948.88 
3300.00  1991.28 
3300.00  1994.88 
3300.00  1997.68 
3300.00  1997.58 
3300.00  1998.98 
3300.00  2002.48 
3300.00  2005.28 
3300.00  2007.98 
3300.00  1996.88 
3300.00  1994.38 
3300.00  1993.08 
3300.00  1988.78 
3300.00  1985.98 
3300.00  1987.38 
3300.00  1987.38 
3300.00  1983.18 
3300.00  1983.88 
3300.00  1996.18 
3300.00  1987.38 
3300.00  1986.68 
3300.00  1998.98 
3300.00  1990.68 
3300.00  1996.48 
3300.00  1994.38 
3300.00  1986.68 
3300.00  1991.28 
3300.00  2000.38 
3300.00  1991.88 
3400.00  1985.98 
3400.00  1986.68 
3400.00  1989.48 
3400.00  2055.18 
3400.00  2053.38 
3400.00  2055.48 
3400.00  2053.38 
3400.00  2056.48 
3400.00  2054.08 
3400.00  2050.58 
3400.00  2044.28 
3400.00  2040.38 
3400.00  2039.68 
3400.00  2050.58 
3400.00  2047.88 
3400.00  2052.68 
3400.00  2048.08 
3400.00  2049.18 
3400.00  2054.78 
3400.00  2057.28 
3400.00  2060.38 
3400.00  2055.48 
3400.00  2063.58 
3400.00  2055.48 
3400.00  2054.08 
3400.00  2059.08 
3400.00  2055.48 
3400.00  2063.58 
3400.00  2059.18 
3400.00  2062.18 
3500.00  2051.28 
3500.00  2055.48 
3500.00  2064.98 
3500.00  2061.48 
3500.00  2054.78 
3500.00  2088.48 
3500.00  2172.38 
3500.00  2127.48 
3500.00  2123.88 
3500.00  2119.38 
3500.00  2127.48 
3500.00  2122.68 
3500.00  2117.98 
3500.00  2120.68 
3500.00  2123.78 
3500.00  2118.58 
3500.00  2115.28 
3500.00  2112.68 
3500.00  2113.88 
3500.00  2123.28 
3500.00  2121.48 
3500.00  2124.48 
3500.00  2125.08 
3500.00  2123.88 
3500.00  2120.78 
3500.00  2127.88 
3500.00  2126.28 
3500.00  2130.28 
3500.00  2140.08 
3500.00  2133.08 
3600.00  2133.78 
3600.00  2142.68 
3600.00  2132.38 
3600.00  2125.68 
3600.00  2133.78 
3600.00  2128.48 
3600.00  2127.78 
3600.00  2126.88 
3600.00  2180.18 
3600.00  2188.48 
3600.00  2187.48 
3600.00  2191.08 
3600.00  2184.68 
3600.00  2192.28 
3600.00  2185.38 
3600.00  2187.48 
3600.00  2169.58 
3600.00  2183.98 
3600.00  2179.38 
3600.00  2174.48 
3600.00  2176.28 
3600.00  2191.68 
3600.00  2190.48 
3600.00  2191.68 
3600.00  2188.08 
3600.00  2180.58 
3600.00  2179.38 
3600.00  2181.98 
3600.00  2182.58 
3600.00  2181.18 
3700.00  2181.18 
3700.00  2174.98 
3700.00  2172.38 
3700.00  2181.38 
3700.00  2175.58 
3700.00  2227.88 
3700.00  2236.98 
3700.00  2242.88 
3700.00  2248.48 
3700.00  2254.68 
3700.00  2254.68 
3700.00  2250.68 
3700.00  2253.48 
3700.00  2262.98 
3700.00  2262.98 
3700.00  2261.58 
3700.00  2261.68 
3700.00  2268.58 
3700.00  2260.98 
3700.00  2252.78 
3700.00  2252.08 
3700.00  2256.48 
3700.00  2262.28 
3700.00  2262.98 
3700.00  2255.88 
3700.00  2264.38 
3700.00  2261.58 
3700.00  2251.98 
3700.00  2252.08 
3700.00  2247.18 
3800.00  2261.58 
3800.00  2261.78 
3800.00  2258.88 
3800.00  2307.98 
3800.00  2315.98 
3800.00  2316.68 
3800.00  2339.48 
3800.00  2343.08 
3800.00  2347.08 
3800.00  2346.18 
3800.00  2354.28 
3800.00  2341.88 
3800.00  2324.28 
3800.00  2340.08 
3800.00  2339.48 
3800.00  2335.98 
3800.00  2340.58 
3800.00  2329.68 
3800.00  2333.18 
3800.00  2331.78 
3800.00  2329.68 
3800.00  2342.48 
3800.00  2351.08 
3800.00  2352.88 
3800.00  2361.98 
3800.00  2358.68 
3800.00  2351.68 
3800.00  2348.28 
3800.00  2342.48 
3800.00  2336.68 
3900.00  2341.28 
3900.00  2337.38 
3900.00  2402.68 
3900.00  2407.88 
3900.00  2409.68 
3900.00  2407.88 
3900.00  2408.38 
3900.00  2401.98 
3900.00  2396.38 
3900.00  2394.98 
3900.00  2397.78 
3900.00  2393.68 
3900.00  2392.18 
3900.00  2389.08 
3900.00  2397.78 
3900.00  2386.68 
3900.00  2388.48 
3900.00  2379.98 
3900.00  2392.88 
3900.00  2386.08 
3900.00  2379.88 
3900.00  2376.68 
3900.00  2383.38 
3900.00  2378.48 
3900.00  2387.88 
3900.00  2389.08 
3900.00  2387.88 
3900.00  2381.28 
3900.00  2386.68 
3900.00  2391.48 
4000.00  2386.08 
4000.00  2393.58 
4000.00  2455.08 
4000.00  2451.48 
4000.00  2439.08 
4000.00  2450.08 
4000.00  2445.88 
4000.00  2443.28 
4000.00  2438.18 
4000.00  2442.08 
4000.00  2456.88 
4000.00  2461.68 
4000.00  2458.18 
4000.00  2455.68 
4000.00  2464.38 
4000.00  2459.08 
4000.00  2447.98 
4000.00  2445.98 
4000.00  2453.28 
4000.00  2443.88 
4000.00  2434.98 
4000.00  2453.28 
4000.00  2466.88 
4000.00  2456.98 
4000.00  2457.58 
4000.00  2461.68 
4000.00  2467.48 
4000.00  2456.88 
4000.00  2461.68 
4000.00  2456.38 
4100.00  2460.28 
4100.00  2471.18 
4100.00  2487.48 
4100.00  2528.38 
4100.00  2539.28 
4100.00  2520.48 
4100.00  2499.88 
4100.00  2494.68 
4100.00  2521.78 
4100.00  2524.98 
4100.00  2560.68 
4100.00  2545.58 
4100.00  2570.88 
4100.00  2556.58 
4100.00  2539.28 
4100.00  2521.68 
4100.00  2543.48 
4100.00  2548.98 
4100.00  2555.38 
4100.00  2557.38 
4100.00  2572.98 
4100.00  2569.48 
4100.00  2567.58 
4100.00  2557.18 
4100.00  2563.88 
4100.00  2567.08 
4100.00  2565.78 
4100.00  2565.28 
4100.00  2553.48 
4100.00  2551.08 
4200.00  2552.88 
4200.00  2552.28 
4200.00  2603.88 
4200.00  2597.08 
4200.00  2582.08 
4200.00  2585.88 
4200.00  2601.28 
4200.00  2600.08 
4200.00  2606.68 
4200.00  2598.88 
4200.00  2596.78 
4200.00  2605.98 
4200.00  2612.98 
4200.00  2601.58 
4200.00  2626.68 
4200.00  2630.68 
4200.00  2624.68 
4200.00  2625.98 
4200.00  2624.58 
4200.00  2613.68 
4200.00  2607.38 
4200.00  2636.88 
4200.00  2631.88 
4200.00  2630.68 
4200.00  2635.78 
4200.00  2628.08 
4200.00  2639.68 
4200.00  2625.28 
4200.00  2633.08 
4200.00  2636.18 
4300.00  2653.08 
4300.00  2656.88 
4300.00  2710.58 
4300.00  2711.98 
4300.00  2699.88 
4300.00  2712.68 
4300.00  2721.58 
4300.00  2694.78 
4300.00  2710.58 
4300.00  2715.48 
4300.00  2708.48 
4300.00  2701.58 
4300.00  2683.08 
4300.00  2691.98 
4300.00  2707.78 
4300.00  2708.48 
4300.00  2687.48 
4300.00  2617.58 
4300.00  2641.78 
4300.00  2657.58 
4300.00  2664.88 
4300.00  2650.68 
4300.00  2664.28 
4300.00  2664.28 
4300.00  2676.18 
4300.00  2681.08 
4300.00  2689.98 
4300.00  2698.48 
4300.00  2680.98 
4300.00  2690.58 
4400.00  2678.98 
4400.00  2702.18 
4400.00  2747.08 
4400.00  2734.08 
4400.00  2724.98 
4400.00  2732.68 
4400.00  2721.58 
4400.00  2748.48 
4400.00  2744.98 
4400.00  2749.68 
4400.00  2765.68 
4400.00  2772.38 
4400.00  2770.28 
4400.00  2752.68 
4400.00  2769.58 
4400.00  2757.28 
4400.00  2752.88 
4400.00  2754.58 
4400.00  2773.08 
4400.00  2821.98 
4400.00  2826.08 
4400.00  2817.48 
4400.00  2809.58 
4400.00  2801.98 
4400.00  2794.48 
4400.00  2803.98 
4400.00  2803.28 
4400.00  2790.28 
4400.00  2810.98 
4400.00  2827.18 
4500.00  2814.98 
4500.00  2818.08 
4500.00  2818.08 
4500.00  2825.88 
4500.00  2827.38 
4500.00  2834.88 
4500.00  2839.78 
4500.00  2821.38 
4500.00  2796.78 
4500.00  2890.68 
4500.00  2902.28 
4500.00  2894.08 
4500.00  2890.48 
4500.00  2861.08 
4500.00  2889.28 
4500.00  2903.68 
4500.00  2907.88 
4500.00  2919.68 
4500.00  2922.28 
4500.00  2942.98 
4500.00  2938.08 
4500.00  2944.38 
4500.00  2935.98 
4500.00  2918.88 
4500.00  2963.18 
4500.00  2956.68 
4500.00  2951.88 
4500.00  2938.78 
4500.00  2941.58 
4500.00  2933.88 
4600.00  2917.78 
4600.00  2921.68 
4600.00  3017.28 
4600.00  3009.68 
4600.00  3002.68 
4600.00  3027.88 
4600.00  3052.18 
4600.00  3016.08 
4600.00  3035.68 
4600.00  3040.58 
4600.00  3035.68 
4600.00  3041.98 
4600.00  3029.68 
4600.00  3030.88 
4600.00  3019.88 
4600.00  3021.98 
4600.00  3027.28 
4600.00  3050.98 
4600.00  3041.98 
4600.00  3044.58 
4600.00  3056.88 
4600.00  3078.38 
4600.00  3067.28 
4600.00  3099.58 
4600.00  3092.08 
4600.00  3104.48 
4600.00  3078.98 
4600.00  3072.18 
4600.00  3060.28 
4600.00  3037.08 
4700.00  3042.68 
4700.00  3047.18 
4700.00  3038.48 
4700.00  3037.78 
4700.00  3050.28 
4700.00  3049.68 
4700.00  3044.68 
4700.00  3059.08 
4700.00  3087.28 
4700.00  3075.68 
4700.00  3063.88 
4700.00  3046.68 
4700.00  3119.58 
4700.00  3117.08 
4700.00  3104.48 
4700.00  3129.88 
4700.00  3124.38 
4700.00  3142.18 
4700.00  3151.88 
4700.00  3144.98 
4700.00  3136.08 
4700.00  3136.08 
4700.00  3140.98 
4700.00  3143.78 
4700.00  3153.28 
4700.00  3140.28 
4700.00  3143.08 
4700.00  3111.28 
4700.00  3107.98 
4700.00  3117.48 
4800.00  3110.08 
4800.00  3120.98 
4800.00  3111.38 
4800.00  3099.08 
4800.00  3108.68 
4800.00  3102.38 
4800.00  3113.88 
4800.00  3113.88 
4800.00  3124.88 
4800.00  3179.28 
4800.00  3180.48 
4800.00  3189.08 
4800.00  3186.98 
4800.00  3203.48 
4800.00  3201.38 
4800.00  3199.98 
4800.00  3199.28 
4800.00  3202.78 
4800.00  3188.38 
4800.00  3205.58 
4800.00  3194.68 
4800.00  3213.48 
4800.00  3214.88 
4800.00  3205.58 
4800.00  3197.18 
4800.00  3200.68 
4800.00  3214.08 
4800.00  3223.18 
4800.00  3229.48 
4800.00  3219.28 
4900.00  3235.78 
4900.00  3245.28 
4900.00  3225.88 
4900.00  3236.48 
4900.00  3228.38 
4900.00  3247.08 
4900.00  3256.98 
4900.00  3302.38 
4900.00  3293.68 
4900.00  3332.68 
4900.00  3314.08 
4900.00  3289.98 
4900.00  3287.38 
4900.00  3253.08 
4900.00  3248.28 
4900.00  3260.08 
4900.00  3301.78 
4900.00  3299.68 
4900.00  3324.98 
4900.00  3307.88 
4900.00  3290.68 
4900.00  3262.68 
4900.00  3282.58 
4900.00  3291.28 
4900.00  3284.68 
4900.00  3297.58 
4900.00  3280.08 
4900.00  3282.08 
4900.00  3279.48 
4900.00  3286.68 
5000.00  3284.58 
5000.00  3299.68 
5000.00  3300.38 
5000.00  3281.28 
5000.00  3355.48 
5000.00  3355.48 
5000.00  3355.48 
5000.00  3355.48 
5000.00  3354.08 
5000.00  3355.48 
5000.00  3355.48 
5000.00  3355.48 
5000.00  3355.48 
5000.00  3355.48 
5000.00  3355.48 
5000.00  3355.48 
5000.00  3355.48 
5000.00  3355.48 
5000.00  3355.48 
5000.00  3355.48 
5000.00  3355.48 
5000.00  3355.48 
5000.00  3355.48 
5000.00  3355.48 
5000.00  3355.48 
5000.00  3355.48 
5000.00  3355.48 
5000.00  3355.48 
5000.00  3355.48 
5000.00  3345.88 
5100.00  3355.48 
5100.00  3355.48 
5100.00  3355.48 
5100.00  3355.48 
5100.00  3355.48 
5100.00  3355.48 
5100.00  3355.48 
5100.00  3355.48 
5100.00  3355.48 
5100.00  3355.48 
5100.00  3355.48 
5100.00  3355.48 
5100.00  3355.48 
5100.00  3355.48 
5100.00  3355.48 
5100.00  3355.48 
5100.00  3355.48 
5100.00  3355.48 
5100.00  3355.48 
5100.00  3355.48 
5100.00  3355.48 
5100.00  3355.48 
5100.00  3355.48 
5100.00  3355.48 
5100.00  3355.48 
5100.00  3355.48 
5100.00  3355.48 
5100.00  3355.48 
5100.00  3355.48 
5100.00  3355.48 
5200.00  3355.48 
5200.00  3355.48 
5200.00  3355.48 
5200.00  3355.48 
5200.00  3355.48 
5200.00  3355.48 
5200.00  3355.48 
5200.00  3355.48 
5200.00  3355.48 
5200.00  3355.48 
5200.00  3355.48 
5200.00  335