Calibrating
1000.00  6.83 
1000.00  -4.07 
1000.00  -0.97 
1000.00  7.53 
1000.00  6.83 
1000.00  8.23 
1000.00  0.23 
1000.00  290.83 
1000.00  304.53 
1000.00  296.03 
1000.00  297.23 
1000.00  296.63 
1000.00  292.93 
1000.00  288.73 
1000.00  299.33 
1000.00  292.83 
1000.00  294.23 
1000.00  294.23 
1000.00  291.53 
1000.00  290.13 
1000.00  294.83 
1000.00  285.93 
1000.00  288.03 
1000.00  297.93 
1000.00  293.63 
1000.00  296.63 
1000.00  298.43 
1000.00  299.03 
1000.00  299.03 
1000.00  290.83 
1100.00  290.83 
1100.00  292.23 
1100.00  325.93 
1100.00  328.43 
1100.00  333.33 
1100.00  335.43 
1100.00  334.73 
1100.00  342.03 
1100.00  337.53 
1100.00  343.23 
1100.00  337.53 
1100.00  332.63 
1100.00  340.03 
1100.00  345.63 
1100.00  338.63 
1100.00  343.83 
1100.00  345.13 
1100.00  338.73 
1100.00  347.93 
1100.00  347.83 
1100.00  350.53 
1100.00  356.13 
1100.00  352.63 
1100.00  346.33 
1100.00  340.63 
1100.00  348.43 
1100.00  349.13 
1100.00  339.63 
1100.00  348.43 
1100.00  343.23 
1200.00  340.83 
1200.00  339.63 
1200.00  333.33 
1200.00  339.63 
1200.00  344.43 
1200.00  374.43 
1200.00  385.63 
1200.00  385.63 
1200.00  389.13 
1200.00  394.43 
1200.00  404.23 
1200.00  401.43 
1200.00  404.23 
1200.00  408.63 
1200.00  395.63 
1200.00  396.93 
1200.00  402.83 
1200.00  398.73 
1200.00  395.63 
1200.00  396.83 
1200.00  396.23 
1200.00  408.03 
1200.00  400.03 
1200.00  404.23 
1200.00  395.63 
1200.00  406.23 
1200.00  404.93 
1200.00  398.03 
1200.00  419.33 
1200.00  404.93 
1300.00  403.53 
1300.00  410.43 
1300.00  402.13 
1300.00  408.63 
1300.00  407.43 
1300.00  404.23 
1300.00  400.03 
1300.00  407.43 
1300.00  411.13 
1300.00  398.63 
1300.00  409.83 
1300.00  402.13 
1300.00  396.83 
1300.00  396.23 
1300.00  404.23 
1300.00  407.43 
1300.00  442.23 
1300.00  449.53 
1300.00  457.93 
1300.00  456.53 
1300.00  462.23 
1300.00  456.43 
1300.00  457.93 
1300.00  448.83 
1300.00  458.63 
1300.00  467.43 
1300.00  470.73 
1300.00  465.43 
1300.00  472.83 
1300.00  473.43 
1400.00  470.13 
1400.00  470.23 
1400.00  477.03 
1400.00  475.23 
1400.00  474.03 
1400.00  475.23 
1400.00  483.93 
1400.00  473.23 
1400.00  474.03 
1400.00  474.63 
1400.00  517.63 
1400.00  532.83 
1400.00  512.73 
1400.00  509.43 
1400.00  516.93 
1400.00  521.13 
1400.00  517.63 
1400.00  521.13 
1400.00  527.03 
1400.00  527.03 
1400.00  524.63 
1400.00  523.23 
1400.00  526.43 
1400.00  524.53 
1400.00  537.63 
1400.00  520.43 
1400.00  527.63 
1400.00  521.13 
1400.00  535.53 
1400.00  537.63 
1500.00  528.83 
1500.00  529.43 
1500.00  560.63 
1500.00  587.13 
1500.00  582.23 
1500.00  573.63 
1500.00  581.53 
1500.00  579.43 
1500.00  583.63 
1500.00  589.23 
1500.00  586.43 
1500.00  592.43 
1500.00  591.83 
1500.00  591.83 
1500.00  582.93 
1500.00  578.73 
1500.00  584.33 
1500.00  585.73 
1500.00  593.03 
1500.00  582.93 
1500.00  584.33 
1500.00  594.83 
1500.00  589.13 
1500.00  594.23 
1500.00  598.03 
1500.00  602.23 
1500.00  609.03 
1500.00  602.23 
1500.00  602.13 
1500.00  606.63 
1600.00  603.63 
1600.00  606.63 
1600.00  594.83 
1600.00  644.03 
1600.00  661.43 
1600.00  665.43 
1600.00  676.33 
1600.00  691.43 
1600.00  679.13 
1600.00  686.13 
1600.00  681.93 
1600.00  682.63 
1600.00  686.13 
1600.00  686.83 
1600.00  684.73 
1600.00  695.03 
1600.00  694.53 
1600.00  687.93 
1600.00  694.53 
1600.00  695.03 
1600.00  684.03 
1600.00  689.63 
1600.00  698.53 
1600.00  688.93 
1600.00  695.03 
1600.00  692.03 
1600.00  691.43 
1600.00  687.53 
1600.00  690.63 
1600.00  699.13 
1700.00  700.53 
1700.00  695.03 
1700.00  693.23 
1700.00  737.43 
1700.00  742.33 
1700.00  749.33 
1700.00  748.63 
1700.00  748.63 
1700.00  744.43 
1700.00  748.63 
1700.00  749.33 
1700.00  752.83 
1700.00  756.03 
1700.00  749.33 
1700.00  758.03 
1700.00  747.93 
1700.00  750.03 
1700.00  761.03 
1700.00  759.23 
1700.00  763.73 
1700.00  761.63 
1700.00  767.23 
1700.00  752.83 
1700.00  757.43 
1700.00  751.43 
1700.00  743.03 
1700.00  754.93 
1700.00  748.63 
1700.00  758.03 
1700.00  754.23 
1800.00  754.93 
1800.00  759.83 
1800.00  811.83 
1800.00  812.53 
1800.00  818.83 
1800.00  818.23 
1800.00  826.93 
1800.00  824.13 
1800.00  829.03 
1800.00  826.93 
1800.00  833.13 
1800.00  831.13 
1800.00  826.93 
1800.00  826.23 
1800.00  832.53 
1800.00  835.13 
1800.00  827.63 
1800.00  829.03 
1800.00  837.03 
1800.00  844.13 
1800.00  840.93 
1800.00  836.43 
1800.00  841.33 
1800.00  838.23 
1800.00  831.83 
1800.00  824.83 
1800.00  832.53 
1800.00  836.43 
1800.00  840.03 
1800.00  838.83 
1900.00  829.73 
1900.00  837.63 
1900.00  832.53 
1900.00  885.43 
1900.00  888.73 
1900.00  902.43 
1900.00  900.63 
1900.00  899.93 
1900.00  891.53 
1900.00  888.03 
1900.00  899.23 
1900.00  897.13 
1900.00  895.73 
1900.00  903.63 
1900.00  905.43 
1900.00  912.93 
1900.00  911.53 
1900.00  908.73 
1900.00  916.03 
1900.00  910.83 
1900.00  908.73 
1900.00  910.83 
1900.00  906.03 
1900.00  908.03 
1900.00  909.43 
1900.00  915.33 
1900.00  906.13 
1900.00  893.63 
1900.00  895.73 
1900.00  895.73 
2000.00  912.73 
2000.00  915.43 
2000.00  899.93 
2000.00  893.63 
2000.00  901.83 
2000.00  903.03 
2000.00  900.63 
2000.00  947.23 
2000.00  956.13 
2000.00  952.63 
2000.00  949.63 
2000.00  943.13 
2000.00  953.33 
2000.00  954.13 
2000.00  952.23 
2000.00  959.63 
2000.00  959.63 
2000.00  949.63 
2000.00  954.03 
2000.00  952.03 
2000.00  959.63 
2000.00  958.23 
2000.00  965.23 
2000.00  961.73 
2000.00  954.73 
2000.00  958.23 
2000.00  965.23 
2000.00  967.23 
2000.00  974.73 
2000.00  961.73 
2100.00  960.33 
2100.00  964.43 
2100.00  1009.83 
2100.00  1015.63 
2100.00  1026.33 
2100.00  1028.43 
2100.00  1023.53 
2100.00  1025.63 
2100.00  1025.63 
2100.00  1034.43 
2100.00  1035.63 
2100.00  1035.03 
2100.00  1032.53 
2100.00  1024.93 
2100.00  1023.53 
2100.00  1035.63 
2100.00  1034.43 
2100.00  1042.23 
2100.00  1038.63 
2100.00  1040.73 
2100.00  1038.63 
2100.00  1041.43 
2100.00  1035.03 
2100.00  1014.43 
2100.00  1015.03 
2100.00  1024.23 
2100.00  1031.23 
2100.00  1025.63 
2100.00  1020.73 
2100.00  1022.83 
2200.00  1034.43 
2200.00  1029.83 
2200.00  1033.73 
2200.00  1029.83 
2200.00  1082.83 
2200.00  1075.83 
2200.00  1096.53 
2200.00  1097.93 
2200.00  1093.03 
2200.00  1094.43 
2200.00  1102.23 
2200.00  1102.83 
2200.00  1109.53 
2200.00  1108.13 
2200.00  1109.53 
2200.00  1108.83 
2200.00  1106.03 
2200.00  1111.63 
2200.00  1108.83 
2200.00  1101.63 
2200.00  1112.23 
2200.00  1120.43 
2200.00  1124.63 
2200.00  1144.63 
2200.00  1161.13 
2200.00  1174.63 
2200.00  1172.73 
2200.00  1169.63 
2200.00  1175.53 
2200.00  1173.53 
2300.00  1186.43 
2300.00  1195.53 
2300.00  1188.53 
2300.00  1247.23 
2300.00  1259.43 
2300.00  1252.43 
2300.00  1222.23 
2300.00  1236.93 
2300.00  1249.63 
2300.00  1251.73 
2300.00  1252.53 
2300.00  1260.83 
2300.00  1265.43 
2300.00  1275.13 
2300.00  1270.33 
2300.00  1279.63 
2300.00  1282.03 
2300.00  1286.83 
2300.00  1295.23 
2300.00  1297.83 
2300.00  1304.03 
2300.00  1305.63 
2300.00  1301.63 
2300.00  1300.83 
2300.00  1298.43 
2300.00  1293.13 
2300.00  1298.43 
2300.00  1295.23 
2300.00  1289.63 
2300.00  1298.43 
2400.00  1297.23 
2400.00  1300.83 
2400.00  1302.63 
2400.00  1304.73 
2400.00  1286.83 
2400.00  1262.23 
2400.00  1270.43 
2400.00  1280.93 
2400.00  1306.63 
2400.00  1332.63 
2400.00  1332.63 
2400.00  1334.63 
2400.00  1332.63 
2400.00  1332.03 
2400.00  1338.43 
2400.00  1344.43 
2400.00  1337.73 
2400.00  1338.43 
2400.00  1342.63 
2400.00  1346.83 
2400.00  1342.33 
2400.00  1343.73 
2400.00  1336.33 
2400.00  1335.03 
2400.00  1328.23 
2400.00  1320.53 
2400.00  1348.63 
2400.00  1350.73 
2400.00  1360.53 
2400.00  1360.53 
2500.00  1374.23 
2500.00  1371.43 
2500.00  1431.03 
2500.00  1451.13 
2500.00  1442.83 
2500.00  1424.43 
2500.00  1437.43 
2500.00  1418.83 
2500.00  1446.43 
2500.00  1453.93 
2500.00  1470.43 
2500.00  1462.13 
2500.00  1480.93 
2500.00  1488.33 
2500.00  1491.13 
2500.00  1489.03 
2500.00  1486.23 
2500.00  1492.53 
2500.00  1496.43 
2500.00  1493.23 
2500.00  1501.33 
2500.00  1502.13 
2500.00  1494.33 
2500.00  1500.63 
2500.00  1507.53 
2500.00  1507.63 
2500.00  1501.33 
2500.00  1498.23 
2500.00  1502.73 
2500.00  1497.63 
2600.00  1495.73 
2600.00  1492.53 
2600.00  1512.53 
2600.00  1550.83 
2600.00  1539.93 
2600.00  1535.73 
2600.00  1544.83 
2600.00  1552.23 
2600.00  1549.43 
2600.00  1547.43 
2600.00  1553.63 
2600.00  1547.33 
2600.00  1544.83 
2600.00  1548.73 
2600.00  1539.23 
2600.00  1540.63 
2600.00  1546.33 
2600.00  1539.83 
2600.00  1550.83 
2600.00  1554.33 
2600.00  1554.33 
2600.00  1557.83 
2600.00  1553.63 
2600.00  1555.73 
2600.00  1557.83 
2600.00  1560.43 
2600.00  1561.73 
2600.00  1563.63 
2600.00  1560.63 
2600.00  1535.13 
2700.00  1537.83 
2700.00  1544.23 
2700.00  1577.83 
2700.00  1613.33 
2700.00  1542.43 
2700.00  1578.43 
2700.00  1585.23 
2700.00  1607.83 
2700.00  1595.43 
2700.00  1603.23 
2700.00  1593.63 
2700.00  1589.43 
2700.00  1597.23 
2700.00  1612.03 
2700.00  1603.83 
2700.00  1606.63 
2700.00  1614.73 
2700.00  1616.83 
2700.00  1617.53 
2700.00  1616.83 
2700.00  1619.63 
2700.00  1613.33 
2700.00  1616.83 
2700.00  1630.23 
2700.00  1624.53 
2700.00  1640.23 
2700.00  1638.93 
2700.00  1641.43 
2700.00  1640.83 
2700.00  1634.03 
2800.00  1643.23 
2800.00  1627.23 
2800.00  1636.83 
2800.00  1649.83 
2800.00  1641.43 
2800.00  1629.83 
2800.00  1660.23 
2800.00  1653.13 
2800.00  1655.63 
2800.00  1660.03 
2800.00  1665.63 
2800.00  1673.73 
2800.00  1671.23 
2800.00  1673.83 
2800.00  1672.63 
2800.00  1671.23 
2800.00  1673.83 
2800.00  1671.23 
2800.00  1673.83 
2800.00  1683.53 
2800.00  1690.73 
2800.00  1683.43 
2800.00  1695.13 
2800.00  1691.83 
2800.00  1698.63 
2800.00  1695.13 
2800.00  1701.43 
2800.00  1697.93 
2800.00  1695.13 
2800.00  1686.83 
2900.00  1689.93 
2900.00  1699.33 
2900.00  1704.93 
2900.00  1704.93 
2900.00  1709.83 
2900.00  1769.53 
2900.00  1767.43 
2900.00  1773.23 
2900.00  1769.53 
2900.00  1768.13 
2900.00  1761.83 
2900.00  1752.23 
2900.00  1750.93 
2900.00  1761.83 
2900.00  1768.13 
2900.00  1767.43 
2900.00  1776.43 
2900.00  1777.83 
2900.00  1781.83 
2900.00  1773.93 
2900.00  1778.33 
2900.00  1780.43 
2900.00  1776.43 
2900.00  1777.63 
2900.00  1780.43 
2900.00  1785.13 
2900.00  1780.43 
2900.00  1781.83 
2900.00  1784.33 
2900.00  1779.13 
3000.00  1777.13 
3000.00  1781.83 
3000.00  1786.43 
3000.00  1779.73 
3000.00  1788.23 
3000.00  1781.13 
3000.00  1777.63 
3000.00  1787.03 
3000.00  1781.83 
3000.00  1785.23 
3000.00  1781.13 
3000.00  1841.23 
3000.00  1841.33 
3000.00  1796.93 
3000.00  1795.53 
3000.00  1792.03 
3000.00  1817.43 
3000.00  1810.73 
3000.00  1817.63 
3000.00  1814.13 
3000.00  1816.83 
3000.00  1837.93 
3000.00  1816.93 
3000.00  1827.83 
3000.00  1860.83 
3000.00  1866.43 
3000.00  1869.63 
3000.00  1858.73 
3000.00  1862.93 
3000.00  1867.13 
3100.00  1860.83 
3100.00  1865.03 
3100.00  1867.83 
3100.00  1921.43 
3100.00  1924.73 
3100.00  1925.43 
3100.00  1932.43 
3100.00  1924.73 
3100.00  1920.23 
3100.00  1913.13 
3100.00  1922.03 
3100.00  1917.83 
3100.00  1917.83 
3100.00  1915.73 
3100.00  1916.63 
3100.00  1931.73 
3100.00  1928.93 
3100.00  1920.23 
3100.00  1907.83 
3100.00  1926.13 
3100.00  1906.03 
3100.00  1907.83 
3100.00  1910.53 
3100.00  1906.63 
3100.00  1909.13 
3100.00  1900.83 
3100.00  1902.13 
3100.00  1887.23 
3100.00  1895.33 
3100.00  1895.23 
3200.00  1895.23 
3200.00  1894.53 
3200.00  1893.83 
3200.00  1955.63 
3200.00  1957.73 
3200.00  1963.33 
3200.00  1961.23 
3200.00  1966.83 
3200.00  1977.03 
3200.00  1963.33 
3200.00  1963.33 
3200.00  1963.33 
3200.00  1971.93 
3200.00  1975.03 
3200.00  1964.73 
3200.00  1964.73 
3200.00  1963.33 
3200.00  1959.13 
3200.00  1957.03 
3200.00  1960.53 
3200.00  1972.63 
3200.00  1969.53 
3200.00  1966.83 
3200.00  1971.33 
3200.00  1976.33 
3200.00  1978.43 
3200.00  1964.03 
3200.00  1968.23 
3200.00  1969.33 
3200.00  1970.83 
3300.00  1968.23 
3300.00  1971.43 
3300.00  2023.73 
3300.00  2030.73 
3300.00  2027.93 
3300.00  2016.03 
3300.00  2027.23 
3300.00  2012.83 
3300.00  2015.63 
3300.00  2037.43 
3300.00  2037.93 
3300.00  2038.63 
3300.00  2032.13 
3300.00  2034.93 
3300.00  2036.03 
3300.00  2033.53 
3300.00  2032.13 
3300.00  2037.33 
3300.00  2039.23 
3300.00  2041.63 
3300.00  2048.63 
3300.00  2044.43 
3300.00  2038.63 
3300.00  2035.63 
3300.00  2038.03 
3300.00  2038.03 
3300.00  2032.73 
3300.00  2043.03 
3300.00  2043.03 
3300.00  2053.43 
3400.00  2039.83 
3400.00  2040.43 
3400.00  2103.43 
3400.00  2102.03 
3400.00  2100.83 
3400.00  2104.03 
3400.00  2109.83 
3400.00  2113.23 
3400.00  2107.63 
3400.00  2118.23 
3400.00  2105.23 
3400.00  2100.03 
3400.00  2108.03 
3400.00  2118.23 
3400.00  2105.23 
3400.00  2104.63 
3400.00  2100.23 
3400.00  2099.53 
3400.00  2104.03 
3400.00  2107.83 
3400.00  2103.43 
3400.00  2105.83 
3400.00  2107.03 
3400.00  2107.13 
3400.00  2104.63 
3400.00  2114.43 
3400.00  2105.23 
3400.00  2105.43 
3400.00  2114.93 
3400.00  2109.73 
3500.00  2102.23 
3500.00  2110.43 
3500.00  2172.43 
3500.00  2183.63 
3500.00  2186.13 
3500.00  2183.63 
3500.00  2183.63 
3500.00  2182.43 
3500.00  2174.33 
3500.00  2179.93 
3500.00  2175.83 
3500.00  2189.43 
3500.00  2194.33 
3500.00  2197.83 
3500.00  2189.43 
3500.00  2206.63 
3500.00  2204.23 
3500.00  2203.63 
3500.00  2205.43 
3500.00  2200.63 
3500.00  2197.83 
3500.00  2207.33 
3500.00  2195.03 
3500.00  2202.43 
3500.00  2199.83 
3500.00  2199.93 
3500.00  2193.63 
3500.00  2199.63 
3500.00  2201.23 
3500.00  2198.53 
3600.00  2212.93 
3600.00  2207.33 
3600.00  2210.83 
3600.00  2243.83 
3600.00  2235.43 
3600.00  2249.63 
3600.00  2252.93 
3600.00  2241.03 
3600.00  2249.03 
3600.00  2250.83 
3600.00  2255.43 
3600.00  2259.63 
3600.00  2249.03 
3600.00  2243.13 
3600.00  2259.63 
3600.00  2270.83 
3600.00  2278.83 
3600.00  2283.23 
3600.00  2279.53 
3600.00  2273.33 
3600.00  2273.43 
3600.00  2270.83 
3600.00  2273.43 
3600.00  2277.43 
3600.00  2272.03 
3600.00  2267.13 
3600.00  2258.23 
3600.00  2268.43 
3600.00  2274.13 
3600.00  2280.23 
3700.00  2280.63 
3700.00  2284.43 
3700.00  2346.83 
3700.00  2354.43 
3700.00  2348.63 
3700.00  2346.83 
3700.00  2341.43 
3700.00  2342.83 
3700.00  2323.53 
3700.00  2329.13 
3700.00  2340.73 
3700.00  2343.53 
3700.00  2353.13 
3700.00  2342.13 
3700.00  2342.13 
3700.00  2347.43 
3700.00  2340.73 
3700.00  2371.63 
3700.00  2354.43 
3700.00  2366.83 
3700.00  2367.43 
3700.00  2355.83 
3700.00  2365.63 
3700.00  2364.93 
3700.00  2350.63 
3700.00  2360.03 
3700.00  2348.63 
3700.00  2358.63 
3700.00  2344.23 
3700.00  2338.03 
3800.00  2342.23 
3800.00  2346.83 
3800.00  2402.23 
3800.00  2400.43 
3800.00  2401.63 
3800.00  2407.43 
3800.00  2410.83 
3800.00  2406.73 
3800.00  2409.53 
3800.00  2413.43 
3800.00  2412.83 
3800.00  2405.33 
3800.00  2408.13 
3800.00  2401.63 
3800.00  2407.43 
3800.00  2423.93 
3800.00  2402.93 
3800.00  2409.53 
3800.00  2410.93 
3800.00  2418.43 
3800.00  2411.93 
3800.00  2414.03 
3800.00  2421.83 
3800.00  2430.23 
3800.00  2424.63 
3800.00  2415.33 
3800.00  2408.13 
3800.00  2414.63 
3800.00  2415.23 
3800.00  2436.43 
3900.00  2450.73 
3900.00  2443.93 
3900.00  2498.03 
3900.00  2498.23 
3900.00  2504.33 
3900.00  2513.63 
3900.00  2505.73 
3900.00  2508.53 
3900.00  2503.63 
3900.00  2507.13 
3900.00  2501.53 
3900.00  2507.13 
3900.00  2513.03 
3900.00  2513.03 
3900.00  2500.83 
3900.00  2507.83 
3900.00  2494.23 
3900.00  2496.63 
3900.00  2487.83 
3900.00  2498.93 
3900.00  2502.23 
3900.00  2508.43 
3900.00  2502.93 
3900.00  2502.93 
3900.00  2506.43 
3900.00  2500.83 
3900.00  2507.13 
3900.00  2514.83 
3900.00  2526.63 
3900.00  2516.73 
4000.00  2513.63 
4000.00  2526.03 
4000.00  2580.23 
4000.00  2572.43 
4000.00  2570.33 
4000.00  2569.63 
4000.00  2562.63 
4000.00  2573.83 
4000.00  2575.23 
4000.00  2582.03 
4000.00  2585.43 
4000.00  2589.83 
4000.00  2577.83 
4000.00  2571.73 
4000.00  2575.83 
4000.00  2580.23 
4000.00  2571.73 
4000.00  2572.43 
4000.00  2582.23 
4000.00  2575.23 
4000.00  2573.13 
4000.00  2564.13 
4000.00  2564.73 
4000.00  2582.63 
4000.00  2584.73 
4000.00  2579.03 
4000.00  2566.83 
4000.00  2597.73 
4000.00  2594.43 
4000.00  2594.53 
4100.00  2596.43 
4100.00  2593.23 
4100.00  2590.83 
4100.00  2597.03 
4100.00  2650.73 
4100.00  2628.23 
4100.00  2643.03 
4100.00  2645.63 
4100.00  2652.83 
4100.00  2646.23 
4100.00  2650.73 
4100.00  2651.43 
4100.00  2652.83 
4100.00  2662.33 
4100.00  2678.63 
4100.00  2653.43 
4100.00  2659.23 
4100.00  2652.13 
4100.00  2639.83 
4100.00  2660.53 
4100.00  2656.83 
4100.00  2673.53 
4100.00  2667.23 
4100.00  2661.03 
4100.00  2641.23 
4100.00  2646.83 
4100.00  2632.83 
4100.00  2646.23 
4100.00  2645.63 
4100.00  2637.73 
4200.00  2646.93 
4200.00  2648.83 
4200.00  2722.13 
4200.00  2703.03 
4200.00  2712.23 
4200.00  2709.73 
4200.00  2714.13 
4200.00  2700.23 
4200.00  2707.03 
4200.00  2705.13 
4200.00  2712.83 
4200.00  2714.23 
4200.00  2714.03 
4200.00  2714.33 
4200.00  2708.53 
4200.00  2726.03 
4200.00  2712.33 
4200.00  2717.43 
4200.00  2716.73 
4200.00  2717.43 
4200.00  2712.23 
4200.00  2724.03 
4200.00  2729.73 
4200.00  2716.03 
4200.00  2720.23 
4200.00  2727.73 
4200.00  2731.83 
4200.00  2735.33 
4200.00  2741.23 
4200.00  2735.33 
4300.00  2721.43 
4300.00  2712.93 
4300.00  2778.83 
4300.00  2784.83 
4300.00  2773.23 
4300.00  2774.63 
4300.00  2774.63 
4300.00  2769.73 
4300.00  2767.63 
4300.00  2771.13 
4300.00  2783.43 
4300.00  2790.03 
4300.00  2784.13 
4300.00  2790.53 
4300.00  2788.23 
4300.00  2784.13 
4300.00  2784.13 
4300.00  2793.83 
4300.00  2792.43 
4300.00  2784.13 
4300.00  2795.73 
4300.00  2794.43 
4300.00  2795.83 
4300.00  2784.83 
4300.00  2788.23 
4300.00  2793.03 
4300.00  2795.03 
4300.00  2788.83 
4300.00  2793.93 
4300.00  2789.43 
4400.00  2786.93 
4400.00  2785.53 
4400.00  2857.23 
4400.00  2848.03 
4400.00  2836.43 
4400.00  2854.83 
4400.00  2842.43 
4400.00  2844.23 
4400.00  2854.23 
4400.00  2841.13 
4400.00  2852.63 
4400.00  2848.13 
4400.00  2852.93 
4400.00  2861.03 
4400.00  2863.13 
4400.00  2859.63 
4400.00  2857.83 
4400.00  2872.93 
4400.00  2872.23 
4400.00  2863.13 
4400.00  2855.33 
4400.00  2859.73 
4400.00  2863.13 
4400.00  2865.93 
4400.00  2861.73 
4400.00  2860.43 
4400.00  2857.83 
4400.00  2868.03 
4400.00  2856.63 
4400.00  2837.13 
4500.00  2830.83 
4500.00  2837.13 
4500.00  2898.23 
4500.00  2897.53 
4500.00  2926.43 
4500.00  2911.43 
4500.00  2923.23 
4500.00  2914.03 
4500.00  2912.83 
4500.00  2929.83 
4500.00  2917.53 
4500.00  2915.43 
4500.00  2906.63 
4500.00  2919.33 
4500.00  2914.03 
4500.00  2906.53 
4500.00  2902.43 
4500.00  2906.33 
4500.00  2912.63 
4500.00  2910.83 
4500.00  2919.43 
4500.00  2922.03 
4500.00  2928.43 
4500.00  2922.03 
4500.00  2919.63 
4500.00  2922.03 
4500.00  2916.13 
4500.00  2916.13 
4500.00  2910.83 
4500.00  2929.13 
4600.00  2927.23 
4600.00  2927.73 
4600.00  2919.93 
4600.00  2922.63 
4600.00  2909.63 
4600.00  2973.83 
4600.00  2985.63 
4600.00  2974.43 
4600.00  2982.13 
4600.00  2994.53 
4600.00  2993.03 
4600.00  2992.53 
4600.00  2999.33 
4600.00  2994.53 
4600.00  2987.43 
4600.00  2984.23 
4600.00  2991.23 
4600.00  2989.23 
4600.00  2998.63 
4600.00  2949.83 
4600.00  2975.63 
4600.00  2974.43 
4600.00  2995.83 
4600.00  2995.83 
4600.00  3001.43 
4600.00  3002.83 
4600.00  2973.83 
4600.00  2965.63 
4600.00  2985.63 
4600.00  2969.13 
4700.00  2965.63 
4700.00  2973.83 
4700.00  3030.93 
4700.00  3017.93 
4700.00  3026.83 
4700.00  3029.53 
4700.00  3022.23 
4700.00  3019.13 
4700.00  3026.13 
4700.00  3021.63 
4700.00  3028.13 
4700.00  3033.03 
4700.00  3044.33 
4700.00  3036.53 
4700.00  3042.83 
4700.00  3050.23 
4700.00  3043.43 
4700.00  3041.63 
4700.00  3046.13 
4700.00  3051.53 
4700.00  3048.13 
4700.00  3046.13 
4700.00  3047.43 
4700.00  3042.33 
4700.00  3052.03 
4700.00  3052.23 
4700.00  3061.83 
4700.00  3069.53 
4700.00  3047.53 
4700.00  3047.43 
4800.00  3037.23 
4800.00  3035.13 
4800.00  3083.63 
4800.00  3078.53 
4800.00  3091.53 
4800.00  3092.73 
4800.00  3094.83 
4800.00  3081.13 
4800.00  3073.43 
4800.00  3032.33 
4800.00  3048.23 
4800.00  3065.33 
4800.00  3055.83 
4800.00  3075.93 
4800.00  3072.03 
4800.00  3079.93 
4800.00  3074.63 
4800.00  3080.43 
4800.00  3065.33 
4800.00  3072.83 
4800.00  3062.53 
4800.00  3076.43 
4800.00  3068.13 
4800.00  3061.13 
4800.00  3070.83 
4800.00  3077.03 
4800.00  3079.03 
4800.00  3072.83 
4800.00  3085.83 
4800.00  3050.73 
4900.00  3075.93 
4900.00  3069.53 
4900.00  3072.03 
4900.00  3105.63 
4900.00  3096.93 
4900.00  3113.43 
4900.00  3115.53 
4900.00  3122.03 
4900.00  3125.73 
4900.00  3123.13 
4900.00  3115.53 
4900.00  3105.23 
4900.00  3124.33 
4900.00  3123.63 
4900.00  3141.23 
4900.00  3136.63 
4900.00  3147.83 
4900.00  3147.13 
4900.00  3134.13 
4900.00  3120.03 
4900.00  3125.03 
4900.00  3107.03 
4900.00  3119.83 
4900.00  3127.83 
4900.00  3154.23 
4900.00  3130.63 
4900.00  3147.13 
4900.00  3140.63 
4900.00  3140.73 
4900.00  3145.03 
5000.00  3151.83 
5000.00  3159.63 
5000.00  3191.73 
5000.00  3175.43 
5000.00  3179.53 
5000.00  3184.83 
5000.00  3187.23 
5000.00  3170.63 
5000.00  3165.73 
5000.00  3156.83 
5000.00  3167.03 
5000.00  3164.33 
5000.00  3156.73 
5000.00  3160.13 
5000.00  3165.03 
5000.00  3151.83 
5000.00  3158.73 
5000.00  3161.53 
5000.00  3119.33 
5000.00  3152.43 
5000.00  3151.23 
5000.00  3145.73 
5000.00  3152.93 
5000.00  3145.03 
5000.00  3160.93 
5000.00  3140.63 
5000.00  3138.23 
5000.00  3141.23 
5000.00  3140.03 
5000.00  3151.83 
5100.00  3167.83 
5100.00  3168.43 
5100.00  3226.13 
5100.00  3222.23 
5100.00  3220.13 
5100.00  3219.63 
5100.00  3220.83 
5100.00  3213.83 
5100.00  3213.13 
5100.00  3220.83 
5100.00  3222.63 
5100.00  3218.43 
5100.00  3228.93 
5100.00  3220.83 
5100.00  3217.13 
5100.00  3210.33 
5100.00  3208.43 
5100.00  3206.63 
5100.00  3211.03 
5100.00  3210.33 
5100.00  3213.83 
5100.00  3195.93 
5100.00  3197.33 
5100.00  3178.73 
5100.00  3156.73 
5100.00  3176.83 
5100.00  3166.43 
5100.00  3174.23 
5100.00  3176.03 
5100.00  3180.83 
5200.00  3201.33 
5200.00  3167.73 
5200.00  3239.03 
5200.00  3232.43 
5200.00  3227.53 
5200.00  3218.43 
5200.00  3219.63 
5200.00  3224.03 
5200.00  3207.33 
5200.00  3208.43 
5200.00  3225.43 
5200.00  3219.03 
5200.00  3198.03 
5200.00  3188.43 
5200.00  3198.03 
5200.00  3200.13 
5200.00  3209.63 
5200.00  3209.83 
5200.00  3194.53 
5200.00  3209.93 
5200.00  3197.33 
5200.00  3182.93 
5200.00  3168.53 
5200.00  3136.83 
5200.00  87.93 
5200.00  74.63 
5200.00  68.83 
5200.00  57.03 
5200.00  54.23 
5200.00  42.53 
5300.00  