xs-	ys-	xs+	ys+	theta	
	 0.46278	 -0.68322	 0.90261	 0.79959	 -0.25912
	 0.58543	 -0.78029	 0.89039	 0.55185	 -0.25391
	 0.39840	 -0.87611	 0.83025	 0.32851	 0.00000
	 0.63172	 -0.02030	 0.79429	 0.53917	 0.00902
	 0.67855	 -0.75098	 0.87937	 0.71370	 -0.33165
	 0.73948	 -0.07772	 0.87467	 0.52330	 0.00000
	 0.44762	 -0.31972	 0.98597	 0.06523	 -0.17755
	 0.73018	 -0.74928	 0.94721	 0.64450	 -0.31251
	 0.42182	 -0.77657	 0.95591	 0.65702	 -0.13486
	 0.54954	 -0.81591	 0.83357	 0.36083	 -0.42179
	 0.74106	 -0.60196	 0.79472	 0.31282	 -0.15703
	 0.49770	 -0.09551	 0.97155	 0.85686	 0.00000
	 0.51199	 -0.76200	 0.81971	 0.86995	 0.00959
	 0.49298	 -0.06033	 0.88007	 0.10289	 0.00000
	 0.55183	 -0.85382	 0.95629	 0.59514	 -0.11930
	 0.54915	 -0.64279	 0.91396	 0.03347	 -0.19327
	 0.73847	 -0.72045	 0.83810	 0.58124	 -0.20018
	 0.47483	 -0.27290	 0.96340	 0.71580	 0.00000
	 0.51000	 -0.42897	 0.75943	 0.53530	 0.00968
	 0.58430	 -0.88657	 0.91703	 0.47739	 -0.16058
	 0.55425	 -0.88095	 0.78410	 0.45558	 0.00000
	 0.49718	 -0.51271	 0.86642	 0.08996	 -0.30229
	 0.69126	 -0.42253	 0.78511	 0.40285	 0.00000
	 0.39630	 -0.26627	 0.78405	 0.48225	 0.00994
	 0.67124	 -0.15821	 0.83016	 0.26920	 0.00000
	 0.49955	 -0.05657	 0.92183	 0.56061	 0.00000
	 0.66552	 -0.04909	 0.80243	 0.38409	 0.00964
	 0.40860	 -0.31492	 0.84571	 0.17689	 0.00000
	 0.48904	 -0.41778	 0.76054	 0.20539	 0.00939
	 0.72953	 -0.07545	 0.86217	 0.35898	 0.00000
	 0.56816	 -0.60062	 0.98797	 0.32414	 -0.15162
	 0.71954	 -0.80981	 0.93307	 0.66437	 -0.29640
	 0.40201	 -0.54258	 0.78833	 0.70075	 0.00927
	 0.59120	 -0.10768	 0.78056	 0.74216	 0.00943
	 0.67582	 -0.02664	 0.82871	 0.18190	 0.00000
	 0.56224	 -0.73459	 0.85298	 0.11849	 -0.31086
	 0.59827	 -0.79653	 0.77585	 0.30959	 0.00000
	 0.44524	 -0.50794	 0.76908	 0.07742	 0.00000
	 0.46386	 -0.08822	 0.80246	 0.14269	 0.00000
	 0.41600	 -0.23171	 0.91789	 0.10875	 0.00000
	 0.73018	 -0.74928	 0.94721	 0.64450	 -0.31251
	 0.41600	 -0.23171	 0.91789	 0.12363	 0.00000
	 0.71954	 -0.78218	 0.93307	 0.66437	 -0.30238
	 0.46386	 -0.08822	 0.80246	 0.15828	 0.00000
	 0.67855	 -0.75098	 0.87937	 0.71370	 -0.33165
	 0.71954	 -0.80981	 0.93307	 0.66437	 -0.29640
	 0.72953	 -0.06923	 0.86217	 0.35898	 0.00000
	 0.67855	 -0.75946	 0.87937	 0.71370	 -0.33011
	 0.54954	 -0.10877	 0.83357	 0.36083	 0.00000
	 0.59120	 -0.81412	 0.78056	 0.74216	 0.00981
	 0.59827	 -0.43956	 0.77585	 0.31456	 0.00000
	 0.49718	 -0.80186	 0.86543	 0.08500	 -0.24549
	 0.47483	 -0.27290	 0.96340	 0.71580	 0.00000
	 0.54915	 -0.64279	 0.91396	 0.03347	 -0.19327
	 0.67081	 -0.09399	 0.83016	 0.28232	 0.00000
	 0.45104	 -0.15973	 0.97155	 0.84077	 0.00000
	 0.66975	 -0.15821	 0.83016	 0.26920	 0.00000
	 0.55573	 -0.88095	 0.77063	 0.45558	 0.00911
	 0.73024	 -0.74928	 0.94721	 0.64450	 -0.31247
	 0.67582	 -0.02664	 0.82871	 0.18960	 0.00000
	 0.73575	 -0.84687	 0.95629	 0.29864	 -0.29319
	 0.54247	 -0.07949	 0.86217	 0.62606	 0.00889
	 0.54954	 -0.81591	 0.83357	 0.57778	 0.00000
	 0.73847	 -0.72045	 0.83810	 0.36429	 -0.19261
	 0.49718	 -0.51271	 0.86642	 0.10493	 -0.30647
	 0.73847	 -0.72045	 0.83037	 0.58124	 -0.19336
	 0.58368	 -0.60062	 0.98797	 0.32414	 -0.15355
	 0.56743	 -0.78136	 0.91195	 0.55185	 -0.20206
	 0.54021	 -0.71873	 0.85292	 0.11849	 -0.31303
	 0.49770	 -0.09551	 0.97155	 0.85686	 0.00000
	 0.46278	 -0.68322	 0.88913	 0.79959	 0.00000
	 0.55183	 -0.85382	 0.95629	 0.59514	 -0.11930
	 0.45935	 -0.68322	 0.88954	 0.79959	 0.00000
	 0.44762	 -0.31972	 0.98597	 0.13397	 -0.17610
	 0.74106	 -0.60196	 0.79472	 0.31282	 -0.15703
	 0.56224	 -0.73460	 0.83486	 0.11849	 -0.38883
	 0.56816	 -0.60062	 0.98797	 0.31507	 -0.15165
	 0.46386	 -0.08822	 0.78846	 0.14269	 0.00000
	 0.47483	 -0.27543	 0.95564	 0.71580	 0.00000
	 0.42182	 -0.77657	 0.95591	 0.65702	 -0.13486
	 0.49718	 -0.51271	 0.86642	 0.08996	 -0.30229
	 0.54722	 -0.81591	 0.83357	 0.36083	 -0.42277
	 0.73049	 -0.78558	 0.93317	 0.64413	 -0.29162
	 0.71923	 -0.74588	 0.94711	 0.66473	 -0.32143
	 0.56816	 -0.60062	 0.98797	 0.32414	 -0.15162
	 0.58640	 -0.70840	 0.83486	 0.11849	 -0.39833
	 0.73847	 -0.72206	 0.86121	 0.58724	 -0.22265
	 0.73024	 -0.74928	 0.94650	 0.64450	 -0.31183
	 0.73024	 -0.73455	 0.94721	 0.04678	 -0.31157
	 0.56224	 -0.74931	 0.86107	 0.72396	 0.00000
	 0.56224	 -0.73460	 0.82412	 0.11849	 -0.41019
	 0.42182	 -0.77657	 0.95591	 0.65702	 -0.13486
	 0.73847	 -0.72228	 0.82425	 0.56941	 -0.18755
	 0.56816	 -0.58146	 0.99286	 0.31507	 -0.15185
	 0.45995	 -0.31972	 0.97409	 0.13397	 -0.19184
	 0.72913	 -0.84687	 0.95629	 0.29864	 -0.29720
	 0.67855	 -0.75098	 0.87937	 0.71370	 -0.33165
	 0.49718	 -0.80186	 0.86543	 0.08500	 -0.24549
	 0.73095	 -0.74856	 0.94586	 0.66823	 -0.31103
	 0.67876	 -0.76018	 0.87937	 0.71370	 -0.32971
	 0.73575	 -0.84904	 0.95629	 0.29864	 -0.29271
	 0.67855	 -0.75098	 0.87937	 0.71370	 -0.33165
	 0.73745	 -0.71054	 0.83357	 0.36083	 -0.19200
	 0.54796	 -0.82582	 0.83810	 0.52345	 0.00000
	 0.73018	 -0.74928	 0.94721	 0.64450	 -0.31251
	 0.71954	 -0.78218	 0.93307	 0.66437	 -0.30238
	 0.68217	 -0.80186	 0.86543	 0.08500	 -0.28052
	 0.49354	 -0.75098	 0.87224	 0.71370	 0.00000
	 0.73489	 -0.69115	 0.90066	 0.86994	 -0.27988
	 0.45244	 -0.74134	 0.94917	 0.64450	 -0.15266
	 0.68766	 -0.78072	 0.87785	 0.55185	 -0.30594
	 0.57788	 -0.75054	 0.89191	 0.71370	 -0.27671
	 0.58543	 -0.78131	 0.89039	 0.71110	 -0.27075
	 0.67855	 -0.75845	 0.87937	 0.55444	 -0.32211
	 0.46278	 -0.68322	 0.90460	 0.67533	 -0.24357
	 0.71954	 -0.80981	 0.93109	 0.78863	 -0.29662
	 0.49718	 -0.51271	 0.86642	 0.10493	 -0.30647
	 0.54021	 -0.85535	 0.85292	 0.11849	 -0.27941
	 0.74106	 -0.59477	 0.79472	 0.31282	 -0.15796
	 0.54021	 -0.72591	 0.85292	 0.09716	 -0.30380
	 0.67876	 -0.76018	 0.87937	 0.71370	 -0.32971
	 0.54021	 -0.71873	 0.85292	 0.11849	 -0.31303
	 0.53936	 -0.70840	 0.95321	 0.28891	 -0.14700
	 0.73575	 -0.84804	 0.83793	 0.12238	 -0.17155
	 0.68855	 -0.75946	 0.87885	 0.80118	 -0.32094
	 0.49718	 -0.51271	 0.86694	 0.03208	 -0.29229
	 0.73018	 -0.82518	 0.94721	 0.64450	 -0.29551
	 0.73024	 -0.74928	 0.94721	 0.64450	 -0.31246
	 0.67855	 -0.75098	 0.87937	 0.71370	 -0.33165
	 0.73018	 -0.74928	 0.94721	 0.64450	 -0.31251
	 0.49718	 -0.51271	 0.87963	 0.08996	 -0.27073
	 0.67855	 -0.75098	 0.86615	 0.71370	 -0.33084
	 0.67855	 -0.75098	 0.87937	 0.71370	 -0.33165
	 0.67855	 -0.75098	 0.87937	 0.73254	 -0.33260
	 0.67855	 -0.81463	 0.83580	 0.69527	 -0.31597
	 0.54954	 -0.78554	 0.87713	 0.37926	 -0.26352
	 0.72735	 -0.81146	 0.95820	 0.64450	 -0.30995
	 0.68143	 -0.75119	 0.86766	 0.71370	 -0.32686
	 0.73024	 -0.77643	 0.94364	 0.64450	 -0.30318
	 0.71954	 -0.78218	 0.91178	 0.66437	 -0.28661
	 0.54021	 -0.72591	 0.84440	 0.09716	 -0.33621
	 0.56224	 -0.72419	 0.83486	 0.11849	 -0.39258
	 0.56316	 -0.71173	 0.83357	 0.33798	 -0.39972
	 0.54636	 -0.82291	 0.85292	 0.14134	 -0.29009
	 0.71923	 -0.74809	 0.94711	 0.66473	 -0.32093
	 0.54722	 -0.80088	 0.83357	 0.36083	 -0.42006
	 0.71519	 -0.73798	 0.94711	 0.66278	 -0.32600
	 0.73018	 -0.74639	 0.94721	 0.64450	 -0.31315
	 0.71954	 -0.78218	 0.93307	 0.66437	 -0.30238
	 0.54954	 -0.81591	 0.83357	 0.32850	 -0.42609
	 0.74348	 -0.74928	 0.95200	 0.71581	 -0.30627
	 0.71954	 -0.80981	 0.93307	 0.66437	 -0.29640
	 0.57028	 -0.70840	 0.84397	 0.18389	 -0.36982
	 0.74051	 -0.75287	 0.94315	 0.57924	 -0.29891
	 0.48877	 -0.46927	 0.87937	 0.71146	 0.00000
	 0.67626	 -0.79436	 0.86642	 0.09300	 -0.28963
	 0.71580	 -0.80981	 0.94347	 0.78863	 -0.29197
	 0.73098	 -0.74856	 0.94545	 0.66823	 -0.31064
	 0.67855	 -0.75946	 0.87937	 0.71370	 -0.33011
	 0.67855	 -0.75845	 0.87937	 0.55444	 -0.32211
	 0.54722	 -0.81591	 0.83357	 0.36083	 -0.42277
	 0.56224	 -0.73460	 0.82476	 0.11849	 -0.41114
	 0.68145	 -0.85375	 0.86832	 0.88920	 -0.31942
	 0.68475	 -0.85440	 0.87871	 0.71370	 -0.30435
	 0.56224	 -0.72419	 0.83486	 0.10607	 -0.38882
	 0.67855	 -0.75098	 0.87937	 0.71370	 -0.33165
	 0.67855	 -0.75098	 0.87937	 0.71370	 -0.33165
	 0.67855	 -0.75098	 0.87937	 0.73254	 -0.33260
	 0.54067	 -0.72591	 0.84440	 0.08234	 -0.33160
	 0.67855	 -0.75098	 0.87937	 0.65507	 -0.32866
	 0.57028	 -0.71620	 0.84397	 0.18389	 -0.36560
	 0.67855	 -0.74246	 0.87937	 0.62822	 -0.32885
	 0.67855	 -0.71075	 0.86615	 0.67747	 -0.33488
	 0.57028	 -0.74863	 0.84397	 0.17922	 -0.35847
	 0.54021	 -0.72591	 0.89526	 0.09716	 -0.20436
	 0.67855	 -0.76029	 0.85750	 0.71370	 -0.32873
	 0.71923	 -0.74588	 0.94711	 0.66978	 -0.32149
	 0.54954	 -0.79932	 0.82987	 0.32850	 -0.41284
	 0.58100	 -0.73460	 0.83490	 0.35037	 -0.39937
	 0.54898	 -0.80088	 0.83352	 0.12895	 -0.38007
	 0.53942	 -0.81536	 0.83392	 0.36083	 -0.42674
	 0.55034	 -0.71928	 0.85257	 0.11849	 -0.31420
	 0.56220	 -0.72419	 0.83486	 0.35206	 -0.40468
	 0.57214	 -0.71173	 0.83357	 0.10442	 -0.40170
	 0.67872	 -0.75847	 0.87937	 0.55444	 -0.32189
	 0.56299	 -0.71171	 0.83357	 0.33798	 -0.39976
	 0.68855	 -0.80330	 0.87885	 0.82105	 -0.31374
	 0.67876	 -0.70572	 0.87937	 0.71370	 -0.33939
	 0.67855	 -0.75098	 0.89012	 0.71370	 -0.33268
	 0.56224	 -0.81248	 0.83486	 0.11849	 -0.37011
	 0.54722	 -0.66977	 0.83357	 0.34184	 0.00000
	 0.69688	 -0.73798	 0.94711	 0.68177	 -0.27070
	 0.54722	 -0.80088	 0.83357	 0.36083	 -0.42006
	 0.69548	 -0.76018	 0.87937	 0.71370	 -0.30708
	 0.71923	 -0.74588	 0.83902	 0.66473	 -0.24953
	 0.54954	 -0.81591	 0.94167	 0.32850	 -0.13291
	 0.67855	 -0.75098	 0.86161	 0.75313	 -0.33248
	 0.68143	 -0.72009	 0.86766	 0.71370	 -0.33167
	 0.67855	 -0.75126	 0.86628	 0.70295	 -0.33022
	 0.55041	 -0.81563	 0.83344	 0.37158	 -0.41911
	 0.56995	 -0.71631	 0.84409	 0.14236	 -0.35856
	 0.56257	 -0.72408	 0.83474	 0.18389	 -0.41017
	 0.54954	 -0.81591	 0.80478	 0.33212	 0.00000
	 0.56951	 -0.74863	 0.79549	 0.17922	 0.00000
	 0.54783	 -0.71173	 0.83357	 0.36616	 0.00000
	 0.57152	 -0.80088	 0.83727	 0.05686	 -0.34634
	 0.55061	 -0.81591	 0.83488	 0.36083	 -0.42475
	 0.56117	 -0.72419	 0.83355	 0.10607	 -0.39606
	 0.56203	 -0.73508	 0.82483	 0.36083	 0.00000
	 0.53963	 -0.81487	 0.83385	 0.11849	 -0.37243
	 0.54973	 -0.80088	 0.83352	 0.12895	 -0.37963
	 0.57139	 -0.67176	 0.83357	 0.10442	 -0.41175
	 0.56493	 -0.81574	 0.83357	 0.33798	 -0.41621
	 0.56361	 -0.71188	 0.83357	 0.37934	 0.00000
	 0.55411	 -0.80088	 0.83357	 0.36083	 -0.41740
	 0.54722	 -0.81591	 0.80056	 0.36083	 0.00000
	 0.58100	 -0.67936	 0.83490	 0.35032	 -0.38799
	 0.54954	 -0.81591	 0.83357	 0.36088	 -0.42178
	 0.64983	 -0.75098	 0.87937	 0.76201	 -0.35028
	 0.56224	 -0.72419	 0.83486	 0.05234	 -0.37334
	 0.58049	 -0.81591	 0.83357	 0.32850	 -0.40584
	 0.54942	 -0.80088	 0.83357	 0.39499	 -0.41111
	 0.58640	 -0.81437	 0.83129	 0.37065	 -0.39529
	 0.54722	 -0.70994	 0.84137	 0.13173	 -0.36180
	 0.67855	 -0.75098	 0.87016	 0.76508	 -0.33381
	 0.68873	 -0.75098	 0.87937	 0.71370	 -0.31822
	 0.56224	 -0.73460	 0.82373	 0.11849	 -0.40957
	 0.56224	 -0.77173	 0.82412	 0.11849	 -0.41129
	 0.54237	 -0.70840	 0.83486	 0.11849	 -0.39023
	 0.57028	 -0.74863	 0.84397	 0.17922	 -0.35847
	 0.56423	 -0.82866	 0.83971	 0.18389	 -0.35554
	 0.53942	 -0.87235	 0.83392	 0.36083	 -0.42070
	 0.54016	 -0.70915	 0.86854	 0.32850	 -0.30084
	 0.67842	 -0.80092	 0.82748	 0.67747	 -0.30354
	 0.57208	 -0.72419	 0.83486	 0.35206	 -0.40124
	 0.62663	 -0.75098	 0.86161	 0.75313	 -0.39180
	 0.56220	 -0.72419	 0.83486	 0.35206	 -0.40468
	 0.54722	 -0.81591	 0.83357	 0.34193	 -0.42568
	 0.56299	 -0.71171	 0.83357	 0.33798	 -0.39976
	 0.54722	 -0.80088	 0.83357	 0.36083	 -0.42006
	 0.56224	 -0.73460	 0.83671	 0.11849	 -0.37832
	 0.56430	 -0.81563	 0.83344	 0.38536	 -0.41100
	 0.54355	 -0.80088	 0.83580	 0.36139	 -0.42331
	 0.56316	 -0.71173	 0.83744	 0.37244	 -0.40584
	 0.56299	 -0.73831	 0.83357	 0.36155	 -0.40055
	 0.54481	 -0.81591	 0.83297	 0.33731	 -0.42592
	 0.57214	 -0.71173	 0.81743	 0.10442	 -0.38850
	 0.54722	 -0.80088	 0.83357	 0.36083	 -0.42006
	 0.55394	 -0.80194	 0.83357	 0.30904	 -0.42406
	 0.54959	 -0.79103	 0.83357	 0.35979	 -0.41749
	 0.56265	 -0.87482	 0.82509	 0.11481	 -0.41001
	 0.55356	 -0.73460	 0.83324	 0.36452	 -0.39834
	 0.53942	 -0.87235	 0.84897	 0.29543	 -0.32501
	 0.56551	 -0.81591	 0.83357	 0.36083	 -0.41388
	 0.55041	 -0.81563	 0.83344	 0.37158	 -0.41911
	 0.56406	 -0.77128	 0.82412	 0.11849	 -0.40983
	 0.55061	 -0.81591	 0.83488	 0.39539	 -0.41920
	 0.54722	 -0.81591	 0.83357	 0.36083	 -0.42277
	 0.54722	 -0.84117	 0.83357	 0.34193	 -0.42415
	 0.54954	 -0.81591	 0.83357	 0.32850	 -0.42609
	 0.54722	 -0.81591	 0.82500	 0.34193	 -0.38905
	 0.57139	 -0.67176	 0.83357	 0.10442	 -0.41175
	 0.54954	 -0.82267	 0.83357	 0.36088	 -0.42281
	 0.56224	 -0.73460	 0.82373	 0.11849	 -0.40957
	 0.54954	 -0.81591	 0.83357	 0.32850	 -0.42609
	 0.54722	 -0.80088	 0.83357	 0.36083	 -0.42006
	 0.54954	 -0.79932	 0.85288	 0.32932	 -0.33492
	 0.54458	 -0.81591	 0.82276	 0.38058	 0.00000
	 0.53942	 -0.81536	 0.83392	 0.36083	 -0.42674
	 0.54722	 -0.80088	 0.83607	 0.36083	 -0.42263
	 0.54722	 -0.80026	 0.83357	 0.36083	 -0.41994
	 0.54722	 -0.81653	 0.84135	 0.36083	 -0.38740
	 0.56220	 -0.71311	 0.83486	 0.35206	 -0.40171
	 0.54887	 -0.81574	 0.83357	 0.43825	 0.00000
	 0.53942	 -0.87235	 0.83392	 0.36083	 -0.42070
	 0.56220	 -0.72419	 0.83486	 0.35206	 -0.40468
	 0.56220	 -0.72419	 0.83486	 0.35206	 -0.40468
	 0.59521	 -0.81591	 0.83357	 0.36083	 -0.39370
	 0.53229	 -0.73232	 0.82412	 0.04697	 -0.42663
	 0.53942	 -0.81536	 0.83392	 0.36083	 -0.42674
	 0.54954	 -0.81591	 0.83357	 0.32850	 -0.42609
	 0.54722	 -0.80088	 0.83607	 0.36083	 -0.42263
	 0.54722	 -0.84117	 0.83357	 0.34193	 -0.42415
	 0.53942	 -0.87235	 0.83392	 0.36083	 -0.42070
	 0.54712	 -0.81573	 0.83357	 0.33450	 -0.42667
	 0.54964	 -0.80105	 0.83357	 0.32850	 -0.42434
	 0.57354	 -0.80112	 0.84887	 0.36083	 -0.35811
	 0.54722	 -0.81511	 0.84478	 0.36083	 -0.37372
	 0.53842	 -0.87272	 0.83392	 0.36083	 -0.42119
	 0.55160	 -0.81555	 0.82211	 0.36083	 0.00000
	 0.54773	 -0.82252	 0.86409	 0.36145	 -0.29140
	 0.54974	 -0.81605	 0.83357	 0.33674	 -0.42509
	 0.54722	 -0.79797	 0.83357	 0.36083	 -0.41949
	 0.54355	 -0.78620	 0.83580	 0.36139	 -0.42566
	 0.54719	 -0.81591	 0.83410	 0.32850	 -0.42406
	 0.54762	 -0.72157	 0.83488	 0.36083	 0.00000
	 0.55095	 -0.86759	 0.83490	 0.39050	 -0.42281
	 0.53907	 -0.81592	 0.85330	 0.36083	 -0.33232
	 0.54109	 -0.81536	 0.83392	 0.36083	 -0.42613
	 0.56384	 -0.81591	 0.83357	 0.36083	 -0.41481
	 0.53204	 -0.80088	 0.83357	 0.34232	 -0.42918
	 0.54954	 -0.84424	 0.83357	 0.36088	 -0.42562
	 0.55394	 -0.80194	 0.83357	 0.29950	 -0.42478
	 0.54722	 -0.81591	 0.83357	 0.34193	 -0.42568
	 0.54710	 -0.68196	 0.83357	 0.36083	 0.00000
	 0.53383	 -0.75461	 0.83392	 0.36083	 0.00000
	 0.55021	 -0.87235	 0.83392	 0.36083	 -0.42009
	 0.54722	 -0.80088	 0.83357	 0.36083	 -0.42006
	 0.54722	 -0.81560	 0.83357	 0.40539	 -0.41250
	 0.53942	 -0.85220	 0.83392	 0.36083	 -0.42284
	 0.54722	 -0.81591	 0.84991	 0.36083	 -0.34590
	 0.53229	 -0.73232	 0.82412	 0.04697	 -0.42663
	 0.54722	 -0.81591	 0.83357	 0.36083	 -0.42277
	 0.54954	 -0.81591	 0.83357	 0.32850	 -0.42609
	 0.54954	 -0.81591	 0.84085	 0.36083	 -0.39047
	 0.54954	 -0.85138	 0.83357	 0.32850	 -0.42072
	 0.53229	 -0.73232	 0.82412	 0.35299	 0.00000
	 0.54722	 -0.76228	 0.83357	 0.05737	 -0.36833
	 0.55061	 -0.87416	 0.83485	 0.39239	 -0.41887
	 0.53942	 -0.81591	 0.83384	 0.36383	 -0.42597
	 0.53961	 -0.80088	 0.83359	 0.36373	 -0.42184
	 0.53185	 -0.81591	 0.83383	 0.34242	 -0.42780
	 0.52260	 -0.81525	 0.83356	 0.36083	 -0.42994
	 0.54675	 -0.81617	 0.83393	 0.33674	 -0.42748
	 0.54954	 -0.81591	 0.83357	 0.32850	 -0.42609
	 0.53942	 -0.81536	 0.83392	 0.36083	 -0.42674
	 0.54900	 -0.82283	 0.83392	 0.36083	 -0.42403
	 0.53996	 -0.79869	 0.83357	 0.20770	 -0.39897
	 0.55061	 -0.81591	 0.83488	 0.36083	 -0.42475
	 0.54954	 -0.81591	 0.83357	 0.36720	 -0.42071
	 0.53942	 -0.81536	 0.83385	 0.36084	 -0.42650
	 0.54355	 -0.80088	 0.83588	 0.36138	 -0.42353
	 0.54978	 -0.81591	 0.83357	 0.33561	 -0.42518
	 0.54951	 -0.81605	 0.83357	 0.33961	 -0.42486
	 0.54722	 -0.84117	 0.83357	 0.34193	 -0.42415
	 0.54722	 -0.81591	 0.82637	 0.34193	 -0.39718
	 0.53605	 -0.84117	 0.83824	 0.34193	 -0.39508
	 0.52350	 -0.81591	 0.83357	 0.34193	 -0.42961
	 0.53229	 -0.73232	 0.82412	 0.04697	 -0.42663
	 0.53204	 -0.84791	 0.83357	 0.34232	 -0.42205
	 0.54355	 -0.80088	 0.83580	 0.36139	 -0.42331
	 0.54954	 -0.87673	 0.83357	 0.32850	 -0.41396
	 0.53978	 -0.81591	 0.83410	 0.35228	 -0.42884
	 0.54722	 -0.81591	 0.83357	 0.34193	 -0.42568
	 0.53942	 -0.80310	 0.83539	 0.31475	 -0.41668
	 0.53229	 -0.78201	 0.82412	 0.04697	 -0.41566
	 0.54954	 -0.73981	 0.82406	 0.36088	 0.00000
	 0.53229	 -0.83676	 0.83363	 0.14359	 -0.37009
	 0.53942	 -0.84310	 0.83392	 0.36083	 -0.42642
	 0.54722	 -0.81343	 0.83357	 0.35036	 -0.42410
	 0.53919	 -0.81591	 0.83388	 0.36383	 -0.42619
	 0.55900	 -0.78620	 0.83576	 0.36139	 -0.41877
	 0.54712	 -0.73069	 0.80226	 0.34316	 0.00000
	 0.53229	 -0.81737	 0.83254	 0.03914	 -0.35337
	 0.54712	 -0.81573	 0.83357	 0.25275	 -0.40723
	 0.54549	 -0.81591	 0.83357	 0.36070	 -0.42348
	 0.54187	 -0.81536	 0.83353	 0.36121	 -0.42452
	 0.54876	 -0.81591	 0.83396	 0.21076	 -0.39590
	 0.55061	 -0.84661	 0.83488	 0.32932	 -0.41328
	 0.54954	 -0.83526	 0.83357	 0.36001	 -0.42465
	 0.53942	 -0.81536	 0.83895	 0.36083	 -0.39978
	 0.54954	 -0.84424	 0.85064	 0.36088	 -0.33871
	 0.53942	 -0.84310	 0.83253	 0.36083	 -0.42721
	 0.54355	 -0.78620	 0.83580	 0.36139	 -0.42566
	 0.52860	 -0.81591	 0.83357	 0.32850	 -0.42570
	 0.53919	 -0.81591	 0.83388	 0.36383	 -0.42619
	 0.53919	 -0.81591	 0.83388	 0.36383	 -0.42619
	 0.50891	 -0.68956	 0.82412	 0.04697	 -0.43445
	 0.54008	 -0.81536	 0.83392	 0.35123	 -0.42830
	 0.52193	 -0.81525	 0.83355	 0.22423	 -0.39634
	 0.53943	 -0.81536	 0.83007	 0.36060	 -0.41102
	 0.53976	 -0.81591	 0.83410	 0.35728	 -0.42795
	 0.54954	 -0.81591	 0.83651	 0.32850	 -0.40953
	 0.53942	 -0.81536	 0.83392	 0.36083	 -0.42674
	 0.54527	 -0.77208	 0.83357	 0.34232	 -0.41883
	 0.53399	 -0.78181	 0.83357	 0.34193	 -0.42444
	 0.54757	 -0.81617	 0.83299	 0.33674	 -0.42479
	 0.57483	 -0.73724	 0.83391	 0.34913	 -0.40020
	 0.53601	 -0.81536	 0.83392	 0.36083	 -0.42791
	 0.52260	 -0.81525	 0.83356	 0.36083	 -0.42994
	 0.54693	 -0.81591	 0.83357	 0.32850	 -0.42750
	 0.54973	 -0.81573	 0.83357	 0.33450	 -0.42532
	 0.52350	 -0.81591	 0.83357	 0.34193	 -0.42961
	 0.54954	 -0.81591	 0.82914	 0.32850	 -0.41347
	 0.53185	 -0.81591	 0.83383	 0.34242	 -0.42780
	 0.54954	 -0.78646	 0.83357	 0.45295	 0.00000
	 0.52074	 -0.81591	 0.83306	 0.33544	 -0.43009
	 0.53942	 -0.81536	 0.83392	 0.36215	 -0.42648
	 0.52350	 -0.81591	 0.83357	 0.34193	 -0.42961
	 0.53942	 -0.81536	 0.83392	 0.37725	 -0.42312
	 0.54954	 -0.81591	 0.83357	 0.32850	 -0.42609
	 0.54954	 -0.84424	 0.83357	 0.36088	 -0.42562
	 0.54552	 -0.81537	 0.83385	 0.36084	 -0.42421
	 0.53959	 -0.86301	 0.84267	 0.39157	 -0.37964
	 0.54954	 -0.81591	 0.83357	 0.32850	 -0.42609
	 0.54954	 -0.81591	 0.83357	 0.27441	 -0.41332
	 0.53204	 -0.80088	 0.83357	 0.34232	 -0.42918
	 0.54954	 -0.84679	 0.83357	 0.34551	 -0.42312
	 0.54614	 -0.81536	 0.83392	 0.36083	 -0.42415
	 0.53942	 -0.81536	 0.83392	 0.36083	 -0.42674
	 0.52350	 -0.81536	 0.83241	 0.31899	 -0.43083
	 0.53942	 -0.80670	 0.83392	 0.35924	 -0.42541
	 0.52350	 -0.81591	 0.80764	 0.34193	 0.00000
	 0.53942	 -0.80602	 0.83392	 0.36083	 -0.42492
	 0.53229	 -0.80864	 0.82412	 0.04697	 -0.40779
	 0.53942	 -0.77043	 0.83392	 0.36083	 -0.41621
	 0.54712	 -0.81573	 0.83202	 0.33450	 -0.42266
	 0.52350	 -0.81591	 0.83357	 0.34193	 -0.42961
	 0.53185	 -0.81591	 0.83383	 0.34352	 -0.42758
	 0.54693	 -0.81591	 0.83357	 0.32740	 -0.42762
	 0.55219	 -0.71142	 0.83392	 0.35123	 0.00000
	 0.51976	 -0.81536	 0.83392	 0.36083	 -0.43206
	 0.52074	 -0.81591	 0.83306	 0.33544	 -0.43009
	 0.54675	 -0.81617	 0.83393	 0.33674	 -0.42748
	 0.51108	 -0.81635	 0.82412	 0.04697	 -0.40624
	 0.52260	 -0.85495	 0.82470	 0.36083	 0.00000
	 0.52262	 -0.81525	 0.83356	 0.34182	 -0.42968
	 0.52348	 -0.81591	 0.85781	 0.36094	 -0.31564
	 0.52130	 -0.81536	 0.84628	 0.36083	 -0.36161
	 0.53942	 -0.84310	 0.83392	 0.34814	 -0.42347
	 0.50891	 -0.68956	 0.82412	 0.04697	 -0.43445
	 0.53978	 -0.81591	 0.83410	 0.35228	 -0.42884
	 0.52350	 -0.81591	 0.83357	 0.34193	 -0.42961
	 0.53919	 -0.81591	 0.83388	 0.36383	 -0.42619
	 0.53942	 -0.84310	 0.82998	 0.36083	 -0.41780
	 0.53942	 -0.81536	 0.82302	 0.36083	 0.00000
	 0.53185	 -0.81591	 0.83383	 0.34242	 -0.42780
	 0.53942	 -0.81536	 0.83392	 0.36083	 -0.42674
	 0.52350	 -0.88966	 0.83357	 0.34193	 -0.40997
	 0.55431	 -0.81536	 0.83392	 0.36083	 -0.42049
	 0.54721	 -0.81591	 0.83306	 0.33544	 -0.42530
	 0.52045	 -0.81591	 0.83357	 0.32850	 -0.42257
	 0.52256	 -0.81505	 0.83410	 0.36083	 -0.43220
	 0.53980	 -0.81611	 0.83355	 0.35728	 -0.42627
	 0.53229	 -0.70026	 0.81218	 0.04697	 -0.40286
	 0.53185	 -0.81591	 0.83383	 0.34242	 -0.42780
	 0.54163	 -0.81591	 0.83383	 0.34242	 -0.42889
	 0.53942	 -0.81536	 0.83392	 0.36083	 -0.42674
	 0.52329	 -0.81715	 0.82868	 0.35344	 0.00000
	 0.53872	 -0.84119	 0.83349	 0.36083	 -0.43009
	 0.52350	 -0.81591	 0.83357	 0.34182	 -0.42963
	 0.52262	 -0.81525	 0.83356	 0.34192	 -0.42965
	 0.52074	 -0.81591	 0.83322	 0.34455	 -0.43385
	 0.52260	 -0.81525	 0.83306	 0.36083	 -0.42769
	 0.51990	 -0.81591	 0.83492	 0.33544	 -0.42028
	 0.54060	 -0.81591	 0.83410	 0.35728	 -0.42762
	 0.53839	 -0.84119	 0.83349	 0.34259	 -0.42331
	 0.54196	 -0.81378	 0.83383	 0.35703	 -0.42595
	 0.52074	 -0.81591	 0.83306	 0.33544	 -0.43009
	 0.53978	 -0.81591	 0.83410	 0.32142	 -0.42392
	 0.54563	 -0.87380	 0.83241	 0.33657	 -0.42180
	 0.52462	 -0.81612	 0.83393	 0.31916	 -0.41929
	 0.52350	 -0.81591	 0.83357	 0.34193	 -0.42961
	 0.53872	 -0.84119	 0.83349	 0.36083	 -0.43009
	 0.50889	 -0.69590	 0.83323	 0.01500	 -0.36910
	 0.54695	 -0.80957	 0.82446	 0.36718	 0.00000
	 0.52256	 -0.81817	 0.83410	 0.36083	 -0.42732
	 0.51988	 -0.65984	 0.83392	 0.36083	 0.00000
	 0.52033	 -0.81558	 0.83418	 0.34501	 -0.42624
	 0.50891	 -0.75285	 0.82351	 0.04436	 -0.42302
	 0.50891	 -0.65335	 0.82412	 0.10521	 -0.43551
	 0.52350	 -0.81536	 0.83241	 0.31899	 -0.43083
	 0.53967	 -0.81591	 0.83815	 0.34193	 -0.40062
	 0.52350	 -0.81591	 0.83357	 0.34193	 -0.42961
	 0.52260	 -0.81525	 0.83356	 0.36083	 -0.42994
	 0.53978	 -0.81591	 0.83410	 0.37683	 -0.42389
	 0.52256	 -0.81505	 0.86606	 0.32581	 -0.27944
	 0.53976	 -0.81591	 0.81906	 0.34252	 0.00000
	 0.54370	 -0.81525	 0.83392	 0.36083	 -0.42512
	 0.52260	 -0.81536	 0.83356	 0.36083	 -0.42997
	 0.53530	 -0.81591	 0.83293	 0.33590	 -0.43010
	 0.52074	 -0.81591	 0.83423	 0.35182	 -0.42453
	 0.50891	 -0.68696	 0.82412	 0.38543	 0.00000
	 0.53204	 -0.80348	 0.83357	 0.01358	 -0.34539
	 0.50711	 -0.78791	 0.83357	 0.34193	 0.00000
	 0.51996	 -0.81591	 0.83392	 0.36083	 -0.43217
	 0.52042	 -0.81593	 0.83391	 0.35161	 -0.42908
	 0.54983	 -0.81615	 0.83359	 0.33706	 -0.42505
	 0.52291	 -0.81591	 0.83392	 0.34163	 -0.42557
	 0.53660	 -0.81536	 0.83357	 0.36112	 -0.42645
	 0.52074	 -0.81591	 0.83322	 0.34455	 -0.43385
	 0.52260	 -0.81525	 0.86114	 0.36083	 -0.30390
	 0.52260	 -0.81536	 0.83356	 0.35729	 -0.43104
	 0.52350	 -0.81536	 0.83241	 0.44375	 0.00000
	 0.52164	 -0.81539	 0.83356	 0.33544	 -0.42601
	 0.52261	 -0.81588	 0.83306	 0.36083	 -0.42789
	 0.52350	 -0.81591	 0.83357	 0.34193	 -0.42961
	 0.50891	 -0.68956	 0.81810	 0.04697	 -0.43482
	 0.52350	 -0.81528	 0.83241	 0.30382	 -0.42872
	 0.52350	 -0.81599	 0.83357	 0.34198	 -0.42961
	 0.50286	 -0.81591	 0.83288	 0.33590	 -0.43227
	 0.53929	 -0.82305	 0.83415	 0.36083	 -0.42887
	 0.52350	 -0.81591	 0.82059	 0.34193	 0.00000
	 0.50891	 -0.68956	 0.82412	 0.04697	 -0.43445
	 0.52074	 -0.81591	 0.83357	 0.32251	 -0.42401
	 0.51897	 -0.85604	 0.82797	 0.33528	 -0.42346
	 0.53616	 -0.81525	 0.83312	 0.01397	 -0.34858
	 0.50998	 -0.68956	 0.82456	 0.40419	 0.00000
	 0.50891	 -0.62958	 0.82412	 0.10521	 -0.43080
	 0.52074	 -0.81591	 0.85687	 0.33544	 -0.31099
	 0.52089	 -0.80737	 0.83312	 0.37744	 0.00000
	 0.52246	 -0.81586	 0.83350	 0.33566	 -0.42561
	 0.53872	 -0.75219	 0.82708	 0.36083	 0.00000
	 0.51996	 -0.81591	 0.83392	 0.36083	 -0.43217
	 0.53872	 -0.81425	 0.83349	 0.48516	 0.00000
	 0.51976	 -0.84231	 0.85961	 0.36083	 -0.29908
	 0.52069	 -0.81591	 0.83357	 0.33403	 -0.42678
	 0.57346	 -0.81591	 0.82682	 0.33879	 -0.39356
	 0.52256	 -0.81505	 0.83441	 0.36083	 -0.42782
	 0.50891	 -0.65335	 0.82381	 0.10521	 -0.43446
	 0.52068	 -0.69230	 0.81926	 0.03578	 -0.43305
	 0.50865	 -0.83240	 0.85789	 0.35161	 -0.30999
	 0.52107	 -0.81591	 0.83293	 0.33590	 -0.42934
	 0.53496	 -0.81591	 0.83306	 0.33544	 -0.43075
	 0.53272	 -0.81525	 0.83356	 0.48809	 0.00000
	 0.52261	 -0.81591	 0.83723	 0.34450	 -0.40830
	 0.52350	 -0.81591	 0.83357	 0.34193	 -0.42961
	 0.53926	 -0.81525	 0.83356	 0.34192	 -0.42917
	 0.52350	 -0.78115	 0.83357	 0.36356	 0.00000
	 0.48577	 -0.81591	 0.83357	 0.34193	 0.00000
	 0.52069	 -0.81522	 0.83356	 0.33498	 -0.42632
	 0.52264	 -0.81593	 0.83307	 0.36129	 -0.42777
	 0.50286	 -0.81591	 0.82196	 0.37032	 0.00000
	 0.52074	 -0.81591	 0.83322	 0.34372	 -0.43407
	 0.53438	 -0.68956	 0.82412	 0.06772	 -0.43061
	 0.52256	 -0.81505	 0.83410	 0.36083	 -0.43220
	 0.52409	 -0.81407	 0.83348	 0.03169	 -0.34829
	 0.50741	 -0.69084	 0.81818	 0.36083	 0.00000
	 0.52350	 -0.81591	 0.83357	 0.47180	 0.00000
	 0.52074	 -0.81591	 0.83322	 0.27427	 -0.41619
	 0.53496	 -0.81591	 0.83306	 0.33544	 -0.43075
	 0.52074	 -0.82513	 0.83306	 0.22215	 -0.39714
	 0.50891	 -0.65313	 0.82381	 0.11207	 -0.43251
	 0.52350	 -0.81558	 0.83241	 0.30535	 -0.42845
	 0.51017	 -0.81591	 0.82469	 0.33590	 0.00000
	 0.53588	 -0.68956	 0.83236	 0.04697	 -0.38887
	 0.52257	 -0.83295	 0.83391	 0.34192	 -0.42362
	 0.51982	 -0.81536	 0.83357	 0.36083	 -0.43049
	 0.50891	 -0.65335	 0.82412	 0.02542	 -0.43389
	 0.47998	 -0.81591	 0.83392	 0.36083	 0.00000
	 0.52420	 -0.67514	 0.82403	 0.34455	 0.00000
	 0.52086	 -0.81400	 0.83331	 0.04697	 -0.35374
	 0.52350	 -0.81536	 0.83241	 0.31899	 -0.43083
	 0.52350	 -0.81591	 0.83357	 0.30922	 -0.42055
	 0.52260	 -0.81525	 0.82351	 0.34155	 0.00000
	 0.50890	 -0.65335	 0.82433	 0.12450	 -0.43073
	 0.50891	 -0.62958	 0.82412	 0.10521	 -0.43080
	 0.50891	 -0.65335	 0.82381	 0.10521	 -0.43446
	 0.52074	 -0.81591	 0.83306	 0.22972	 -0.40052
	 0.53496	 -0.81591	 0.83306	 0.33544	 -0.43075
	 0.57474	 -0.68956	 0.81916	 0.04697	 -0.39377
	 0.50875	 -0.69230	 0.82422	 0.03578	 -0.43116
	 0.53530	 -0.81591	 0.84639	 0.33590	 -0.35624
	 0.51996	 -0.81591	 0.83392	 0.36083	 -0.43217
	 0.52256	 -0.81505	 0.83410	 0.28984	 -0.41513
	 0.52074	 -0.81591	 0.83322	 0.38023	 0.00000
	 0.48947	 -0.80218	 0.83288	 0.33590	 0.00000
	 0.50891	 -0.68956	 0.81810	 0.04697	 -0.43482
	 0.50891	 -0.68956	 0.82412	 0.04281	 -0.43494
	 0.51996	 -0.81591	 0.83392	 0.34759	 -0.43035
	 0.50862	 -0.69441	 0.81815	 0.04697	 -0.43573
	 0.52103	 -0.81106	 0.83317	 0.34455	 -0.43239
	 0.50891	 -0.65313	 0.82381	 0.10522	 -0.43442
	 0.50891	 -0.65335	 0.82381	 0.13573	 -0.42480
	 0.51996	 -0.81591	 0.83986	 0.33651	 -0.38972
	 0.50891	 -0.65335	 0.82412	 0.10521	 -0.43551
	 0.50028	 -0.82101	 0.83322	 0.36494	 0.00000
	 0.51207	 -0.68446	 0.81810	 0.04884	 -0.43209
	 0.52074	 -0.81591	 0.83322	 0.34455	 -0.43385
	 0.50891	 -0.68956	 0.80584	 0.04697	 -0.37399
	 0.50913	 -0.65826	 0.81928	 0.04726	 -0.43422
	 0.52046	 -0.69243	 0.82410	 0.03548	 -0.43346
	 0.50891	 -0.69960	 0.82412	 0.09398	 -0.44437
	 0.49142	 -0.65335	 0.82412	 0.02542	 -0.43235
	 0.50891	 -0.68956	 0.82412	 0.04281	 -0.43494
	 0.51976	 -0.81536	 0.83392	 0.36083	 -0.43206
	 0.51990	 -0.64816	 0.87287	 0.36083	 -0.29863
	 0.50877	 -0.82054	 0.82381	 0.10521	 -0.42771
	 0.50891	 -0.65335	 0.82412	 0.02542	 -0.43389
	 0.51759	 -0.68956	 0.83845	 0.04697	 -0.35370
	 0.58045	 -0.70870	 0.82433	 0.12450	 -0.39511
	 0.52068	 -0.69230	 0.81926	 0.03578	 -0.43305
	 0.52065	 -0.81592	 0.83356	 0.47507	 0.00000
	 0.51663	 -0.79393	 0.79658	 0.34470	 0.00000
	 0.50379	 -0.81505	 0.83410	 0.36083	 0.00000
	 0.50891	 -0.68956	 0.80828	 0.08565	 -0.36812
	 0.52256	 -0.81505	 0.83410	 0.36083	 -0.43220
	 0.51996	 -0.81530	 0.83392	 0.36083	 -0.43201
	 0.50891	 -0.65013	 0.82381	 0.04535	 -0.44552
	 0.50891	 -0.69256	 0.82412	 0.06231	 -0.43792
	 0.50891	 -0.60536	 0.82412	 0.10521	 -0.42511
	 0.50286	 -0.81762	 0.83288	 0.31406	 -0.42187
	 0.53496	 -0.81591	 0.83306	 0.33544	 -0.43075
	 0.52256	 -0.81505	 0.83410	 0.36083	 -0.43220
	 0.50891	 -0.65335	 0.82381	 0.10489	 -0.43454
	 0.51982	 -0.81536	 0.83357	 0.36083	 -0.43049
	 0.50286	 -0.86271	 0.83288	 0.33590	 -0.42024
	 0.50891	 -0.66345	 0.82381	 0.10521	 -0.43626
	 0.50891	 -0.68956	 0.83382	 0.37515	 0.00000
	 0.51996	 -0.82365	 0.82422	 0.03439	 -0.39768
	 0.50862	 -0.69441	 0.81815	 0.04697	 -0.43573
	 0.50891	 -0.65335	 0.82412	 0.02542	 -0.43389
	 0.50862	 -0.69441	 0.81815	 0.04697	 -0.43573
	 0.50891	 -0.65335	 0.82412	 0.02542	 -0.43389
	 0.50886	 -0.79351	 0.83322	 0.34455	 0.00000
	 0.52078	 -0.67090	 0.82381	 0.12894	 -0.42609
	 0.50891	 -0.65335	 0.82412	 0.10521	 -0.43551
	 0.50891	 -0.69256	 0.82412	 0.06231	 -0.43792
	 0.50891	 -0.69256	 0.82412	 0.07467	 -0.44136
	 0.50245	 -0.65335	 0.82381	 0.10521	 -0.43732
	 0.50891	 -0.65335	 0.82381	 0.10521	 -0.43446
	 0.50891	 -0.68956	 0.82412	 0.04281	 -0.43494
	 0.50891	 -0.70404	 0.82412	 0.04281	 -0.43102
	 0.51047	 -0.68956	 0.83762	 0.04697	 -0.36088
	 0.50891	 -0.63541	 0.82381	 0.04694	 -0.44384
	 0.50891	 -0.68956	 0.82412	 0.04538	 -0.43464
	 0.50891	 -0.65335	 0.82412	 0.10521	 -0.43551
	 0.50913	 -0.65826	 0.81928	 0.04726	 -0.43422
	 0.50891	 -0.65335	 0.82381	 0.10521	 -0.43446
	 0.50891	 -0.65335	 0.82412	 0.10521	 -0.43551
	 0.52228	 -0.66135	 0.82381	 0.10558	 -0.42923
	 0.50919	 -0.81714	 0.83728	 0.36047	 -0.40660
	 0.50915	 -0.81591	 0.84097	 0.34372	 -0.38796
	 0.52049	 -0.65335	 0.81391	 0.02542	 -0.41409
	 0.52119	 -0.81591	 0.83322	 0.34372	 -0.43396
	 0.50845	 -0.65335	 0.82412	 0.10521	 -0.43572
	 0.52103	 -0.75183	 0.83317	 0.08013	 -0.37880
	 0.50891	 -0.66345	 0.82381	 0.42302	 0.00000
	 0.52046	 -0.69243	 0.82410	 0.03548	 -0.43346
	 0.50041	 -0.68956	 0.81810	 0.04697	 -0.43934
	 0.50891	 -0.68956	 0.82412	 0.16043	 -0.42630
	 0.50891	 -0.68956	 0.80275	 0.01454	 -0.37036
	 0.54926	 -0.65013	 0.81093	 0.04535	 -0.38119
	 0.50891	 -0.76286	 0.82412	 0.04697	 -0.41957
	 0.49236	 -0.62805	 0.82412	 0.02542	 -0.44028
	 0.50798	 -0.65422	 0.82412	 0.04697	 -0.44193
	 0.50891	 -0.69960	 0.82412	 0.09398	 -0.44437
	 0.50891	 -0.68956	 0.82412	 0.04281	 -0.43494
	 0.50518	 -0.69879	 0.82659	 0.13568	 -0.43983
	 0.50913	 -0.65907	 0.81928	 0.09171	 -0.42219
	 0.50891	 -0.66345	 0.81333	 0.10521	 -0.38379
	 0.50891	 -0.68956	 0.82575	 0.04281	 -0.42281
	 0.50891	 -0.64991	 0.82413	 0.04538	 -0.44121
	 0.50891	 -0.65408	 0.79393	 0.04535	 0.00000
	 0.50859	 -0.73947	 0.82414	 0.10663	 -0.44184
	 0.50277	 -0.63132	 0.82378	 0.09256	 -0.43641
	 0.50891	 -0.64414	 0.82412	 0.10521	 -0.43378
	 0.50041	 -0.68956	 0.81971	 0.04697	 -0.44417
	 0.50862	 -0.77335	 0.81821	 0.02423	 -0.44471
	 0.50241	 -0.65422	 0.82412	 0.04697	 -0.43983
	 0.50245	 -0.65335	 0.82381	 0.10171	 -0.43831
	 0.50862	 -0.69441	 0.81815	 0.11441	 -0.41704
	 0.50760	 -0.69838	 0.82540	 0.10337	 -0.44146
	 0.51256	 -0.65499	 0.81837	 0.04881	 -0.42864
	 0.50891	 -0.69966	 0.81795	 0.09515	 -0.42383
	 0.50862	 -0.69435	 0.82432	 0.04579	 -0.43044
	 0.50891	 -0.65335	 0.80947	 0.10521	 0.00000
	 0.50862	 -0.66713	 0.81815	 0.04697	 -0.43217
	 0.50891	 -0.64660	 0.81803	 0.04923	 -0.42784
	 0.50891	 -0.70769	 0.82388	 0.10294	 -0.44327
	 0.51684	 -0.65335	 0.82412	 0.13388	 -0.42385
	 0.49341	 -0.69879	 0.82658	 0.10700	 -0.43413
	 0.50891	 -0.73076	 0.81810	 0.04697	 -0.43921
	 0.50862	 -0.69441	 0.81815	 0.04697	 -0.43573
	 0.49236	 -0.62805	 0.82412	 0.02542	 -0.44028
	 0.50891	 -0.69256	 0.82412	 0.06231	 -0.43792
	 0.50891	 -0.72371	 0.82412	 0.07467	 -0.43406
	 0.50891	 -0.69256	 0.82412	 0.06231	 -0.43792
	 0.50891	 -0.69256	 0.85129	 0.01849	 -0.29781
	 0.50719	 -0.69960	 0.82412	 0.09398	 -0.44532
	 0.50891	 -0.69950	 0.82412	 0.09488	 -0.44422
	 0.50891	 -0.69266	 0.82412	 0.06140	 -0.43804
	 0.50891	 -0.59515	 0.82381	 0.07667	 -0.43110
	 0.50891	 -0.65013	 0.82381	 0.10489	 -0.43394
	 0.48555	 -0.60665	 0.82381	 0.11518	 -0.42666
	 0.50891	 -0.65422	 0.82412	 0.03668	 -0.43767
	 0.50041	 -0.73958	 0.81810	 0.04697	 -0.44492
	 0.52018	 -0.70269	 0.82412	 0.10521	 -0.43668
	 0.50546	 -0.60327	 0.82657	 0.04694	 -0.43797
	 0.50518	 -0.63547	 0.82405	 0.09755	 -0.43567
	 0.50891	 -0.66344	 0.81871	 0.09398	 -0.41995
	 0.49109	 -0.69960	 0.82412	 0.07077	 -0.43563
	 0.51619	 -0.70769	 0.82388	 0.15870	 -0.42737
	 0.50634	 -0.69256	 0.82412	 0.07467	 -0.44280
	 0.50922	 -0.69256	 0.79848	 0.06231	 0.00000
	 0.49587	 -0.65335	 0.82381	 0.10521	 -0.44007
	 0.50041	 -0.68956	 0.81807	 0.02177	 -0.44392
	 0.50041	 -0.68956	 0.82869	 0.04697	 -0.40504
	 0.50891	 -0.69941	 0.82412	 0.05567	 -0.43425
	 0.50366	 -0.69275	 0.82412	 0.05134	 -0.43181
	 0.50245	 -0.67896	 0.82414	 0.10201	 -0.44363
	 0.50719	 -0.70080	 0.82379	 0.09368	 -0.44469
	 0.50891	 -0.70769	 0.82388	 0.10294	 -0.44327
	 0.49236	 -0.62805	 0.82412	 0.02542	 -0.44028
	 0.50862	 -0.77335	 0.81821	 0.02423	 -0.44471
	 0.50891	 -0.69960	 0.82465	 0.09398	 -0.44054
	 0.50245	 -0.65335	 0.82381	 0.10171	 -0.43831
	 0.50685	 -0.68390	 0.83632	 0.09398	 -0.37631
	 0.50891	 -0.69968	 0.82412	 0.02296	 -0.42250
	 0.50798	 -0.69093	 0.82412	 0.04697	 -0.43511
	 0.51347	 -0.65013	 0.82381	 0.04535	 -0.44278
	 0.50518	 -0.69879	 0.82659	 0.13568	 -0.43983
	 0.48941	 -0.64656	 0.82415	 0.10663	 -0.44193
	 0.50860	 -0.74282	 0.82413	 0.04538	 -0.42365
	 0.51015	 -0.61433	 0.82412	 0.09171	 -0.43112
	 0.45777	 -0.69341	 0.81810	 0.04697	 -0.45935
	 0.50938	 -0.64151	 0.81796	 0.04643	 -0.42726
	 0.49994	 -0.74821	 0.82395	 0.04535	 -0.42305
	 0.48225	 -0.68675	 0.81810	 0.04697	 -0.44782
	 0.50041	 -0.74239	 0.81971	 0.12498	 -0.43371
	 0.50891	 -0.70073	 0.82412	 0.06231	 -0.43866
	 0.50891	 -0.63541	 0.82381	 0.04694	 -0.44384
	 0.50891	 -0.65670	 0.82412	 0.07467	 -0.44254
	 0.50798	 -0.54712	 0.81493	 0.04697	 -0.38947
	 0.50980	 -0.68868	 0.82412	 0.02820	 -0.43087
	 0.49147	 -0.66552	 0.82412	 0.04325	 -0.43636
	 0.50891	 -0.61724	 0.82381	 0.04694	 -0.44174
	 0.50862	 -0.76554	 0.81821	 0.00362	 -0.44547
	 0.50891	 -0.69433	 0.82412	 0.06231	 -0.43808
	 0.50891	 -0.65246	 0.82412	 0.03668	 -0.43750
	 0.50563	 -0.66068	 0.82412	 0.02542	 -0.43119
	 0.50891	 -0.65670	 0.81287	 0.07467	 -0.39575
	 0.50891	 -0.70242	 0.82377	 0.04641	 -0.43485
	 0.50891	 -0.63249	 0.82416	 0.09541	 -0.43437
	 0.50719	 -0.70054	 0.82379	 0.13065	 -0.43709
	 0.52463	 -0.70794	 0.82265	 0.10374	 -0.43122
	 0.50719	 -0.69960	 0.78589	 0.09398	 0.00000
	 0.50041	 -0.68956	 0.81971	 0.07187	 -0.43902
	 0.52099	 -0.77335	 0.81821	 0.02423	 -0.43630
	 0.51486	 -0.69256	 0.82412	 0.07467	 -0.44278
	 0.50862	 -0.79702	 0.81821	 0.06648	 -0.44257
	 0.50723	 -0.77205	 0.81821	 0.00362	 -0.44227
	 0.50726	 -0.68394	 0.82657	 0.04694	 -0.41899
	 0.48390	 -0.66599	 0.80900	 0.04697	 -0.39466
	 0.50891	 -0.71046	 0.81804	 0.04237	 -0.43778
	 0.50041	 -0.73681	 0.80735	 0.12290	 0.00000
	 0.45725	 -0.69341	 0.82391	 0.07789	 -0.43924
	 0.50943	 -0.64434	 0.82130	 0.04694	 -0.43823
	 0.50891	 -0.69960	 0.82412	 0.09398	 -0.44437
	 0.50862	 -0.77335	 0.81430	 0.02423	 -0.43597
	 0.51180	 -0.69960	 0.82412	 0.09398	 -0.44275
	 0.50895	 -0.69950	 0.82412	 0.09488	 -0.44420
	 0.50719	 -0.70080	 0.82379	 0.09368	 -0.44469
	 0.50891	 -0.65013	 0.82381	 0.05187	 -0.44465
	 0.50891	 -0.75555	 0.82412	 0.09398	 -0.43454
	 0.56055	 -0.58798	 0.81807	 0.02177	 -0.39575
	 0.45777	 -0.69341	 0.83806	 0.04697	 -0.35419
	 0.48607	 -0.72237	 0.81810	 0.04697	 -0.45078
	 0.52762	 -0.76554	 0.81821	 0.00362	 -0.43194
	 0.50041	 -0.68956	 0.81971	 0.04697	 -0.44417
	 0.50891	 -0.69960	 0.82465	 0.09398	 -0.44054
	 0.48941	 -0.64656	 0.82415	 0.10663	 -0.44193
	 0.50191	 -0.73958	 0.81636	 0.09205	 -0.42828
	 0.50856	 -0.69960	 0.82465	 0.03343	 -0.42263
	 0.50891	 -0.69960	 0.82412	 0.09398	 -0.44437
	 0.50033	 -0.69256	 0.82412	 0.07467	 -0.44076
	 0.50760	 -0.69838	 0.82372	 0.10337	 -0.44231
	 0.50891	 -0.65013	 0.82549	 0.02572	 -0.42602
	 0.50891	 -0.73681	 0.82381	 0.12845	 -0.44225
	 0.53534	 -0.66360	 0.82414	 0.09541	 -0.42496
	 0.50891	 -0.64430	 0.85720	 0.04535	 -0.29859
	 0.50862	 -0.77917	 0.81823	 0.02047	 -0.44519
	 0.48607	 -0.72237	 0.81623	 0.04697	 -0.44448
	 0.50719	 -0.70080	 0.81797	 0.09368	 -0.42529
	 0.50041	 -0.85354	 0.81810	 0.04697	 -0.44267
	 0.50891	 -0.77274	 0.82381	 0.05187	 -0.41914
	 0.50041	 -0.73958	 0.81810	 0.03078	 -0.44707
	 0.50719	 -0.70080	 0.82379	 0.16029	 -0.42823
	 0.50711	 -0.70080	 0.83425	 0.09367	 -0.38578
	 0.50903	 -0.69949	 0.82413	 0.09490	 -0.44419
	 0.50798	 -0.65422	 0.82412	 0.04697	 -0.44193
	 0.50041	 -0.68956	 0.81971	 0.04697	 -0.44417
	 0.50891	 -0.70095	 0.83339	 0.09488	 -0.38876
	 0.48672	 -0.67751	 0.81403	 0.10201	 -0.39856
	 0.50891	 -0.69960	 0.82412	 0.09398	 -0.44437
	 0.50719	 -0.69960	 0.80677	 0.12349	 0.00000
	 0.50723	 -0.68853	 0.81823	 0.04927	 -0.43553
	 0.48225	 -0.77027	 0.83547	 0.00213	 -0.33784
	 0.50891	 -0.69960	 0.81825	 0.04179	 -0.43736
	 0.46399	 -0.69341	 0.82396	 0.09485	 -0.44500
	 0.50041	 -0.68956	 0.81807	 0.02177	 -0.44392
	 0.50891	 -0.69960	 0.82412	 0.09398	 -0.44437
	 0.48314	 -0.63541	 0.82381	 0.04694	 -0.44626
	 0.50863	 -0.77335	 0.81821	 0.02423	 -0.44470
	 0.50891	 -0.70769	 0.82388	 0.10294	 -0.44327
	 0.50643	 -0.69256	 0.82412	 0.09071	 -0.44546
	 0.50862	 -0.77335	 0.81821	 0.02423	 -0.44471
	 0.50891	 -0.65013	 0.82381	 0.04535	 -0.44552
	 0.48607	 -0.72237	 0.82371	 0.04378	 -0.42693
	 0.50719	 -0.70080	 0.81818	 0.11742	 -0.41803
	 0.50634	 -0.69256	 0.82412	 0.07467	 -0.44280
	 0.50891	 -0.54512	 0.86179	 0.10294	 -0.31548
	 0.53938	 -0.76554	 0.81578	 0.00509	 -0.41964
	 0.50916	 -0.65013	 0.82381	 0.04405	 -0.44554
	 0.48225	 -0.68675	 0.81810	 0.04697	 -0.44782
	 0.50891	 -0.69950	 0.82412	 0.09488	 -0.44422
	 0.45777	 -0.69341	 0.81585	 0.04697	 -0.44964
	 0.50862	 -0.76606	 0.81821	 0.02423	 -0.44438
	 0.50862	 -0.76554	 0.81821	 0.00362	 -0.44547
	 0.50245	 -0.67896	 0.82414	 0.10201	 -0.44363
	 0.50041	 -0.68956	 0.81971	 0.04697	 -0.44417
	 0.48607	 -0.72237	 0.81810	 0.04697	 -0.45078
	 0.51594	 -0.60401	 0.81821	 0.09145	 -0.40019
	 0.46399	 -0.77266	 0.82396	 0.02763	 -0.40827
	 0.45777	 -0.65017	 0.82360	 0.04697	 -0.43948
	 0.50279	 -0.69337	 0.81607	 0.04405	 -0.43236
	 0.45777	 -0.69341	 0.81810	 0.04697	 -0.45935
	 0.48607	 -0.72237	 0.81810	 0.04697	 -0.45078
	 0.50863	 -0.76098	 0.82412	 0.03056	 -0.41061
	 0.50890	 -0.70416	 0.81821	 0.09146	 -0.42682
	 0.50891	 -0.69562	 0.82413	 0.09396	 -0.44397
	 0.52716	 -0.65410	 0.85417	 0.04537	 -0.30739
	 0.50780	 -0.77738	 0.82832	 0.04697	 -0.38631
	 0.50124	 -0.73555	 0.81810	 0.02423	 -0.44702
	 0.50862	 -0.76554	 0.81420	 0.00362	 -0.43756
	 0.45777	 -0.69341	 0.81585	 0.03812	 -0.45293
	 0.50824	 -0.77516	 0.81499	 0.02399	 -0.43818
	 0.48264	 -0.68493	 0.81810	 0.04721	 -0.44730
	 0.50916	 -0.65013	 0.82381	 0.04405	 -0.44554
	 0.48225	 -0.68675	 0.81810	 0.04697	 -0.44782
	 0.48367	 -0.68644	 0.81810	 0.04697	 -0.44712
	 0.45636	 -0.69372	 0.81810	 0.04697	 -0.45997
	 0.50891	 -0.64698	 0.82381	 0.05187	 -0.44433
	 0.55743	 -0.69960	 0.85531	 0.09398	 -0.30367
	 0.50562	 -0.69682	 0.82417	 0.03503	 -0.42805
	 0.48192	 -0.63939	 0.82379	 0.10559	 -0.44176
	 0.50887	 -0.69962	 0.82410	 0.09394	 -0.44435
	 0.50723	 -0.70077	 0.80681	 0.09372	 -0.35447
	 0.50041	 -0.73958	 0.81810	 0.03078	 -0.44707
	 0.50891	 -0.69539	 0.82381	 0.04535	 -0.43447
	 0.50862	 -0.76606	 0.81825	 0.02423	 -0.44446
	 0.47223	 -0.65013	 0.82376	 0.04535	 -0.44143
	 0.49584	 -0.77335	 0.81821	 0.02368	 -0.44812
	 0.50653	 -0.69256	 0.82412	 0.09126	 -0.44532
	 0.50862	 -0.72721	 0.81809	 0.02047	 -0.44228
	 0.48225	 -0.70619	 0.81823	 0.01285	 -0.45746
	 0.50719	 -0.70080	 0.82379	 0.09368	 -0.44469
	 0.48607	 -0.72237	 0.81371	 0.04697	 -0.43426
	 0.50041	 -0.73958	 0.81810	 0.04697	 -0.44492
	 0.48607	 -0.72237	 0.81623	 0.04697	 -0.44448
	 0.45777	 -0.77905	 0.81821	 0.03812	 -0.45522
	 0.45777	 -0.69341	 0.81574	 0.04697	 -0.44913
	 0.50862	 -0.77335	 0.81821	 0.02423	 -0.44471
	 0.50719	 -0.69960	 0.82412	 0.09398	 -0.44532
	 0.50041	 -0.82628	 0.82632	 0.03094	 -0.38535
	 0.45777	 -0.68535	 0.80098	 0.04680	 0.00000
	 0.48614	 -0.72124	 0.81810	 0.08602	 -0.44071
	 0.45771	 -0.69453	 0.81810	 0.04697	 -0.45957
	 0.48607	 -0.72237	 0.81789	 0.00326	 -0.45702
	 0.48367	 -0.66058	 0.82129	 0.04697	 -0.45377
	 0.45777	 -0.69341	 0.81508	 0.03812	 -0.44937
	 0.50891	 -0.65013	 0.82459	 0.04535	 -0.43712
	 0.50862	 -0.76554	 0.81862	 0.00362	 -0.44180
	 0.45996	 -0.69372	 0.81810	 0.04697	 -0.45854
	 0.45555	 -0.68644	 0.81810	 0.04697	 -0.45899
	 0.48448	 -0.69372	 0.81810	 0.04697	 -0.44782
	 0.48297	 -0.71712	 0.81812	 0.04697	 -0.45175
	 0.50862	 -0.88819	 0.81819	 0.08531	 -0.44592
	 0.50041	 -0.82631	 0.81810	 0.03078	 -0.44250
	 0.49584	 -0.77335	 0.81821	 0.02368	 -0.44812
	 0.48229	 -0.68675	 0.81810	 0.03434	 -0.45089
	 0.48604	 -0.72237	 0.81810	 0.04697	 -0.45080
	 0.48225	 -0.68675	 0.81810	 0.04697	 -0.44782
	 0.50643	 -0.69256	 0.82412	 0.09685	 -0.44443
	 0.45777	 -0.69341	 0.81810	 0.04697	 -0.45935
	 0.49584	 -0.77335	 0.81821	 0.02368	 -0.44812
	 0.48515	 -0.63935	 0.82390	 0.04530	 -0.44060
	 0.49922	 -0.73161	 0.81801	 0.02586	 -0.44754
	 0.50800	 -0.70356	 0.82340	 0.00712	 -0.42348
	 0.48341	 -0.65799	 0.81864	 0.04405	 -0.44547
	 0.48607	 -0.72237	 0.80590	 0.04697	 -0.38773
	 0.50041	 -0.73958	 0.83926	 0.03078	 -0.33885
	 0.50950	 -0.69960	 0.82412	 0.09398	 -0.44405
	 0.50891	 -0.65013	 0.82381	 0.04535	 -0.44552
	 0.45777	 -0.69341	 0.81810	 0.04697	 -0.45935
	 0.48225	 -0.70619	 0.81823	 0.01285	 -0.45746
	 0.50653	 -0.69256	 0.82412	 0.09126	 -0.44532
	 0.50862	 -0.75907	 0.81821	 0.02423	 -0.44404
	 0.48264	 -0.68493	 0.83118	 0.04721	 -0.38707
	 0.50862	 -0.77335	 0.81821	 0.02423	 -0.44471
	 0.45771	 -0.69450	 0.81810	 0.04697	 -0.45957
	 0.45636	 -0.69375	 0.81810	 0.02720	 -0.46581
	 0.45777	 -0.71818	 0.81585	 0.01087	 -0.46463
	 0.48185	 -0.69341	 0.81585	 0.08841	 -0.42403
	 0.48604	 -0.69414	 0.82126	 0.04697	 -0.45109
	 0.46223	 -0.65984	 0.81588	 0.06325	 -0.43306
	 0.48604	 -0.78667	 0.81810	 0.12214	 -0.44145
	 0.48225	 -0.68675	 0.81810	 0.04697	 -0.44782
	 0.48225	 -0.70619	 0.81823	 0.01285	 -0.45746
	 0.48607	 -0.72237	 0.81810	 0.04697	 -0.45078
	 0.45777	 -0.77994	 0.81821	 0.03442	 -0.44990
	 0.48229	 -0.68586	 0.81483	 0.03804	 -0.43730
	 0.48604	 -0.72237	 0.81810	 0.04697	 -0.45080
	 0.48225	 -0.70619	 0.82956	 0.01285	 -0.38551
	 0.45555	 -0.68644	 0.81810	 0.04697	 -0.45899
	 0.45777	 -0.69341	 0.81832	 0.04697	 -0.46023
	 0.45777	 -0.77905	 0.81820	 0.03812	 -0.45520
	 0.45777	 -0.69341	 0.81284	 0.05241	 -0.43081
	 0.45996	 -0.69372	 0.81810	 0.04697	 -0.45854
	 0.45636	 -0.69372	 0.81810	 0.04697	 -0.45997
	 0.48607	 -0.72237	 0.81621	 0.00326	 -0.45289
	 0.48367	 -0.68644	 0.81810	 0.04697	 -0.44712
	 0.45777	 -0.69341	 0.81574	 0.04697	 -0.44913
	 0.45777	 -0.69341	 0.81810	 0.04697	 -0.45935
	 0.45777	 -0.69341	 0.81508	 0.03812	 -0.44937
	 0.48607	 -0.72237	 0.81810	 0.04697	 -0.45078
	 0.48314	 -0.69636	 0.82350	 0.04691	 -0.43597
	 0.45777	 -0.69113	 0.80721	 0.03814	 -0.39925
	 0.48098	 -0.73958	 0.81810	 0.03078	 -0.45810
	 0.45777	 -0.69341	 0.81810	 0.10346	 -0.43483
	 0.45777	 -0.69341	 0.81810	 0.07053	 -0.45088
	 0.45771	 -0.70257	 0.81810	 0.04697	 -0.46093
	 0.48225	 -0.72700	 0.81810	 0.04697	 -0.45325
	 0.45777	 -0.69341	 0.81585	 0.04697	 -0.44964
	 0.48296	 -0.70619	 0.81824	 0.01285	 -0.45709
	 0.48226	 -0.71712	 0.82404	 0.04697	 -0.42842
	 0.45777	 -0.69420	 0.81810	 0.04697	 -0.45949
	 0.45777	 -0.69341	 0.81810	 0.04697	 -0.45935
	 0.48607	 -0.72237	 0.81810	 0.04697	 -0.45078
	 0.48225	 -0.68675	 0.81810	 0.04697	 -0.44782
	 0.45777	 -0.68398	 0.81810	 0.04697	 -0.45770
	 0.48604	 -0.69414	 0.82126	 0.09240	 -0.44636
	 0.45785	 -0.69344	 0.81832	 0.04697	 -0.46020
	 0.48013	 -0.69372	 0.81810	 0.02720	 -0.45439
	 0.45771	 -0.69450	 0.81810	 0.04697	 -0.45957
	 0.45636	 -0.69372	 0.81810	 0.04697	 -0.45997
	 0.45777	 -0.69341	 0.81810	 0.04697	 -0.45935
	 0.45636	 -0.67583	 0.81810	 0.04697	 -0.45672
	 0.45636	 -0.61855	 0.81810	 0.04697	 -0.44387
	 0.45777	 -0.77905	 0.81820	 0.03812	 -0.45520
	 0.45636	 -0.69372	 0.81810	 0.04697	 -0.45997
	 0.48098	 -0.73958	 0.81810	 0.03078	 -0.45810
	 0.46017	 -0.69346	 0.81810	 0.01197	 -0.46147
	 0.48204	 -0.70645	 0.81773	 0.04785	 -0.44930
	 0.46142	 -0.77905	 0.81821	 0.03335	 -0.44843
	 0.48229	 -0.63665	 0.81810	 0.03434	 -0.44311
	 0.45996	 -0.70862	 0.81810	 0.04807	 -0.46065
	 0.48225	 -0.70619	 0.81823	 0.01175	 -0.45763
	 0.41540	 -0.71683	 0.81824	 0.04697	 -0.46488
	 0.48296	 -0.69395	 0.81810	 0.01285	 -0.45559
	 0.48225	 -0.59535	 0.81823	 0.01285	 -0.44291
	 0.45777	 -0.69341	 0.81810	 0.04697	 -0.45935
	 0.47281	 -0.70091	 0.81789	 0.00326	 -0.45714
	 0.45777	 -0.69341	 0.83229	 0.04697	 -0.37958
	 0.46548	 -0.69375	 0.81810	 0.02720	 -0.46154
	 0.45555	 -0.68644	 0.81810	 0.04697	 -0.45899
	 0.45771	 -0.71107	 0.81810	 0.08164	 -0.45026
	 0.45777	 -0.68915	 0.81810	 0.04697	 -0.45862
	 0.45777	 -0.69341	 0.81810	 0.04697	 -0.45935
	 0.45771	 -0.71540	 0.81832	 0.01095	 -0.45393
	 0.50458	 -0.70619	 0.81757	 0.01285	 -0.44292
	 0.43239	 -0.71818	 0.81585	 0.01087	 -0.46919
	 0.45771	 -0.71849	 0.81587	 0.04697	 -0.45445
	 0.42102	 -0.69422	 0.81808	 0.01087	 -0.45754
	 0.45996	 -0.69342	 0.81810	 0.04697	 -0.45848
	 0.45771	 -0.70288	 0.81810	 0.04697	 -0.46099
	 0.50019	 -0.71712	 0.81810	 0.04697	 -0.44277
	 0.45861	 -0.70638	 0.81812	 0.04697	 -0.46126
	 0.45777	 -0.69341	 0.81810	 0.04697	 -0.45935
	 0.44306	 -0.68644	 0.79746	 0.04697	 0.00000
	 0.45785	 -0.71983	 0.82208	 0.04697	 -0.43925
	 0.45771	 -0.70313	 0.81810	 0.06398	 -0.45542
	 0.43239	 -0.80236	 0.81585	 0.00290	 -0.45531
	 0.45996	 -0.47961	 0.81810	 0.04697	 0.00000
	 0.45771	 -0.70304	 0.81810	 0.04697	 -0.46101
	 0.41428	 -0.69434	 0.81810	 0.04697	 -0.46702
	 0.46252	 -0.71621	 0.82798	 0.00382	 -0.38498
	 0.46017	 -0.69346	 0.81958	 0.01197	 -0.44765
	 0.41850	 -0.69375	 0.82172	 0.02383	 -0.43219
	 0.46238	 -0.71683	 0.81810	 0.05881	 -0.45781
	 0.43579	 -0.69341	 0.81832	 0.04697	 -0.46857
	 0.45996	 -0.69372	 0.81810	 0.04697	 -0.45854
	 0.45634	 -0.71941	 0.81810	 0.04697	 -0.46422
	 0.43377	 -0.68357	 0.81810	 0.04697	 -0.46622
	 0.45770	 -0.70288	 0.81810	 0.04697	 -0.46099
	 0.45637	 -0.69372	 0.81810	 0.04697	 -0.45996
	 0.43480	 -0.70689	 0.81810	 0.02720	 -0.46350
	 0.45861	 -0.68855	 0.81812	 0.04697	 -0.45826
	 0.45555	 -0.68644	 0.81810	 0.04697	 -0.45899
	 0.45777	 -0.71818	 0.81585	 0.00688	 -0.46556
	 0.45777	 -0.71579	 0.83493	 0.04697	 -0.36294
	 0.45555	 -0.68644	 0.81810	 0.04697	 -0.45899
	 0.45785	 -0.75462	 0.81832	 0.04697	 -0.45674
	 0.45771	 -0.70257	 0.81810	 0.04697	 -0.46093
	 0.46018	 -0.70862	 0.81810	 0.01021	 -0.45758
	 0.45996	 -0.66589	 0.83054	 0.04985	 -0.39574
	 0.41540	 -0.71683	 0.81824	 0.04697	 -0.46488
	 0.45777	 -0.69341	 0.80747	 0.08009	 0.00000
	 0.45777	 -0.69419	 0.81169	 0.04697	 -0.42674
	 0.45777	 -0.69342	 0.81810	 0.04697	 -0.45936
	 0.45777	 -0.69341	 0.79290	 0.04697	 0.00000
	 0.45996	 -0.70862	 0.81810	 0.04807	 -0.46065
	 0.45777	 -0.69341	 0.81586	 0.01099	 -0.46132
	 0.45777	 -0.71818	 0.80336	 0.04685	 -0.36751
	 0.45777	 -0.69415	 0.81810	 0.04697	 -0.45948
	 0.46548	 -0.69380	 0.83606	 0.01284	 -0.35352
	 0.45636	 -0.69372	 0.81810	 0.04697	 -0.45997
	 0.43239	 -0.71818	 0.79669	 0.01087	 0.00000
	 0.45636	 -0.69372	 0.81810	 0.04697	 -0.45997
	 0.45636	 -0.69375	 0.81810	 0.02720	 -0.46581
	 0.45777	 -0.71818	 0.81585	 0.00688	 -0.46556
	 0.45861	 -0.70638	 0.81812	 0.00996	 -0.45816
	 0.43239	 -0.72100	 0.81585	 0.02590	 -0.47165
	 0.43480	 -0.70689	 0.81810	 0.02720	 -0.46350
	 0.45778	 -0.70280	 0.81587	 0.01087	 -0.46271
	 0.43542	 -0.71842	 0.81808	 0.04697	 -0.46542
	 0.41547	 -0.71596	 0.81824	 0.03392	 -0.46264
	 0.43579	 -0.66703	 0.81832	 0.04697	 -0.46297
	 0.43377	 -0.68357	 0.81810	 0.00997	 -0.45866
	 0.43579	 -0.69341	 0.81832	 0.04697	 -0.46857
	 0.45771	 -0.70257	 0.81810	 0.04697	 -0.46093
	 0.46017	 -0.69346	 0.81810	 0.01197	 -0.46147
	 0.47869	 -0.69375	 0.81359	 0.02720	 -0.43831
	 0.45636	 -0.69373	 0.81810	 0.04697	 -0.45997
	 0.45996	 -0.70957	 0.81810	 0.00038	 -0.45377
	 0.45771	 -0.67021	 0.81810	 0.07998	 -0.44085
	 0.42878	 -0.71818	 0.81585	 0.01087	 -0.47061
	 0.45771	 -0.70257	 0.81810	 0.04697	 -0.46093
	 0.45775	 -0.69345	 0.81810	 0.04621	 -0.45961
	 0.45645	 -0.69374	 0.81832	 0.02795	 -0.46634
	 0.41630	 -0.82286	 0.81824	 0.02580	 -0.43901
	 0.45546	 -0.69373	 0.79937	 0.04836	 0.00000
	 0.41432	 -0.71818	 0.81574	 0.00996	 -0.47579
	 0.45773	 -0.68266	 0.81821	 0.05467	 -0.45527
	 0.45636	 -0.70254	 0.81810	 0.02720	 -0.46069
	 0.45203	 -0.69378	 0.81810	 0.02652	 -0.46794
	 0.45771	 -0.70288	 0.81810	 0.04697	 -0.46099
	 0.45777	 -0.71818	 0.81910	 0.02923	 -0.45260
	 0.45777	 -0.69417	 0.81810	 0.04809	 -0.45913
	 0.45996	 -0.70866	 0.81955	 0.04695	 -0.45993
	 0.46551	 -0.69375	 0.81810	 0.04724	 -0.45619
	 0.45767	 -0.70288	 0.81810	 0.02693	 -0.46654
	 0.41540	 -0.68545	 0.81824	 0.04697	 -0.47286
	 0.44996	 -0.71941	 0.83098	 0.04697	 -0.38202
	 0.45636	 -0.69372	 0.85032	 0.04697	 -0.30025
	 0.45590	 -0.68357	 0.79401	 0.04697	 0.00000
	 0.45996	 -0.70862	 0.81810	 0.04807	 -0.46065
	 0.45770	 -0.70288	 0.81810	 0.04697	 -0.46099
	 0.41540	 -0.71683	 0.81824	 0.12766	 0.00000
	 0.45861	 -0.70638	 0.81812	 0.04697	 -0.46126
	 0.43578	 -0.71837	 0.82648	 0.04697	 -0.40623
	 0.43543	 -0.69151	 0.82274	 0.04697	 -0.43757
	 0.41428	 -0.69434	 0.81810	 0.04697	 -0.46702
	 0.45634	 -0.71941	 0.81810	 0.04697	 -0.46422
	 0.44379	 -0.70280	 0.81587	 0.02631	 -0.46412
	 0.45899	 -0.69375	 0.81810	 0.01175	 -0.46212
	 0.45777	 -0.72121	 0.81487	 0.00688	 -0.46245
	 0.43239	 -0.71796	 0.81585	 0.02590	 -0.47114
	 0.43239	 -0.72468	 0.81585	 0.07631	 -0.45036
	 0.46305	 -0.70304	 0.82527	 0.05229	 -0.42425
	 0.42337	 -0.67121	 0.81322	 0.04697	 -0.43750
	 0.41535	 -0.71818	 0.82504	 0.01087	 -0.40227
	 0.45770	 -0.70288	 0.81810	 0.03392	 -0.46474
	 0.41103	 -0.71818	 0.81585	 0.03815	 -0.47334
	 0.43479	 -0.76925	 0.81810	 0.05696	 -0.46422
	 0.43580	 -0.69336	 0.81832	 0.03828	 -0.46481
	 0.45793	 -0.67203	 0.81585	 0.00732	 -0.45915
	 0.43464	 -0.71950	 0.81810	 0.00297	 -0.45219
	 0.46017	 -0.75222	 0.81810	 0.01197	 -0.44994
	 0.45770	 -0.70288	 0.82431	 0.04697	 -0.42428
	 0.45393	 -0.69672	 0.81810	 0.03130	 -0.46622
	 0.41670	 -0.76910	 0.81810	 0.04697	 -0.45921
	 0.41511	 -0.71818	 0.83000	 0.00996	 -0.37515
	 0.43298	 -0.68357	 0.81573	 0.04697	 -0.45448
	 0.43377	 -0.69549	 0.81787	 0.04465	 -0.46859
	 0.45645	 -0.60182	 0.81809	 0.03027	 -0.44744
	 0.46867	 -0.61835	 0.81810	 0.02720	 -0.44779
	 0.43723	 -0.73343	 0.81585	 0.01087	 -0.46941
	 0.43579	 -0.60127	 0.80067	 0.07615	 0.00000
	 0.43239	 -0.71818	 0.81585	 0.01087	 -0.46919
	 0.41547	 -0.71596	 0.81934	 0.03392	 -0.45292
	 0.43579	 -0.69341	 0.81832	 0.04697	 -0.46857
	 0.41540	 -0.65144	 0.81824	 0.04697	 -0.46428
	 0.41432	 -0.71818	 0.81574	 0.00996	 -0.47579
	 0.45767	 -0.69303	 0.81810	 0.02690	 -0.46518
	 0.45636	 -0.70158	 0.81810	 0.02722	 -0.46690
	 0.41540	 -0.71683	 0.81824	 0.04697	 -0.46488
	 0.47021	 -0.70288	 0.81810	 0.16241	 0.00000
	 0.43480	 -0.70689	 0.81810	 0.02720	 -0.46350
	 0.51108	 -0.71842	 0.81808	 0.04697	 -0.43673
	 0.41428	 -0.70925	 0.81810	 0.04697	 -0.47036
	 0.42837	 -0.68110	 0.81832	 0.04697	 -0.46846
	 0.41540	 -0.71683	 0.81824	 0.04697	 -0.46488
	 0.43579	 -0.69341	 0.81832	 0.04697	 -0.46857
	 0.42292	 -0.69341	 0.81832	 0.07100	 -0.46115
	 0.43377	 -0.69549	 0.85801	 0.14521	 -0.29684
	 0.43247	 -0.73366	 0.81307	 0.02159	 -0.46238
	 0.43714	 -0.71772	 0.79300	 0.00928	 0.00000
	 0.43239	 -0.71818	 0.81585	 0.00744	 -0.47023
	 0.41103	 -0.70022	 0.81585	 0.03815	 -0.46935
	 0.45645	 -0.69374	 0.80963	 0.02795	 -0.42416
	 0.42878	 -0.71818	 0.81585	 0.01087	 -0.47061
	 0.42878	 -0.71818	 0.82576	 0.01087	 -0.40125
	 0.40797	 -0.74141	 0.81574	 0.11185	 0.00000
	 0.45318	 -0.73107	 0.81574	 0.00996	 -0.46821
	 0.41508	 -0.69717	 0.81810	 0.03130	 -0.46689
	 0.45767	 -0.70288	 0.81810	 0.02693	 -0.46654
	 0.43239	 -0.71796	 0.81585	 0.02590	 -0.47114
	 0.43239	 -0.69361	 0.82473	 0.01087	 -0.41451
	 0.43377	 -0.72006	 0.83297	 0.04465	 -0.37161
	 0.45777	 -0.71818	 0.81585	 0.00363	 -0.46628
	 0.45203	 -0.69450	 0.81810	 0.02652	 -0.46804
	 0.41103	 -0.71818	 0.81585	 0.03815	 -0.47334
	 0.42664	 -0.71818	 0.81585	 0.01087	 -0.47144
	 0.39744	 -0.71866	 0.81585	 0.03138	 -0.48033
	 0.45353	 -0.69624	 0.81698	 0.01079	 -0.46776
	 0.43579	 -0.69341	 0.81832	 0.04697	 -0.46857
	 0.43239	 -0.72100	 0.81585	 0.02590	 -0.47165
	 0.41428	 -0.69434	 0.81038	 0.19273	 0.00000
	 0.41540	 -0.68546	 0.81810	 0.16520	 0.00000
	 0.46990	 -0.70158	 0.81810	 0.08964	 -0.44099
	 0.41377	 -0.67293	 0.81574	 0.00996	 -0.47512
	 0.41432	 -0.71818	 0.81574	 0.00547	 -0.47018
	 0.43723	 -0.57138	 0.81585	 0.01790	 -0.43980
	 0.45203	 -0.69378	 0.81810	 0.02652	 -0.46794
	 0.43579	 -0.69341	 0.81832	 0.04697	 -0.46857
	 0.52137	 -0.72081	 0.81832	 0.02775	 -0.43347
	 0.43239	 -0.69882	 0.81585	 0.04382	 -0.46024
	 0.41428	 -0.69434	 0.84791	 0.04697	 -0.30975
	 0.41540	 -0.68545	 0.81131	 0.04697	 -0.42882
	 0.43239	 -0.71818	 0.81585	 0.01087	 -0.46919
	 0.41377	 -0.67293	 0.81574	 0.00996	 -0.47512
	 0.41428	 -0.69434	 0.81810	 0.04697	 -0.46702
	 0.43377	 -0.69549	 0.81787	 0.04465	 -0.46859
	 0.43239	 -0.72902	 0.81585	 0.02590	 -0.47295
	 0.43579	 -0.69341	 0.81832	 0.04697	 -0.46857
	 0.41433	 -0.72554	 0.81574	 0.02294	 -0.47947
	 0.41102	 -0.71818	 0.81541	 0.08162	 -0.44511
	 0.43239	 -0.71818	 0.81585	 0.00744	 -0.47023
	 0.40770	 -0.71866	 0.81585	 0.03138	 -0.47744
	 0.43579	 -0.69341	 0.81832	 0.04697	 -0.46857
	 0.42664	 -0.71818	 0.80172	 0.01087	 -0.38399
	 0.43357	 -0.73158	 0.81584	 0.04697	 -0.46530
	 0.41899	 -0.67020	 0.81833	 0.01087	 -0.46217
	 0.41432	 -0.67509	 0.81574	 0.00996	 -0.47536
	 0.42878	 -0.71818	 0.81585	 0.01087	 -0.47061
	 0.41428	 -0.79018	 0.81810	 0.04697	 -0.45631
	 0.41432	 -0.69622	 0.81440	 0.00996	 -0.47294
	 0.43123	 -0.75163	 0.81585	 0.03982	 -0.47243
	 0.41263	 -0.71818	 0.81585	 0.02423	 -0.47877
	 0.42664	 -0.71818	 0.81585	 0.01087	 -0.47144
	 0.41103	 -0.70022	 0.81212	 0.03815	 -0.44631
	 0.43228	 -0.71796	 0.82515	 0.02590	 -0.40849
	 0.42888	 -0.71818	 0.81304	 0.01087	 -0.46492
	 0.41103	 -0.71818	 0.81585	 0.03815	 -0.47334
	 0.45318	 -0.77348	 0.82046	 0.00996	 -0.42490
	 0.41500	 -0.71832	 0.81824	 0.03121	 -0.45692
	 0.39784	 -0.68579	 0.83158	 0.04713	 -0.38134
	 0.41454	 -0.74902	 0.81574	 0.00382	 -0.46824
	 0.42856	 -0.71818	 0.81585	 0.02414	 -0.47322
	 0.41428	 -0.71846	 0.81796	 0.04817	 -0.47112
	 0.43239	 -0.70897	 0.81599	 0.00093	 -0.47137
	 0.41540	 -0.68545	 0.81824	 0.03066	 -0.46530
	 0.42878	 -0.75349	 0.81585	 0.09105	 -0.45056
	 0.41130	 -0.67293	 0.81577	 0.00996	 -0.47607
	 0.43827	 -0.69341	 0.81829	 0.04697	 -0.46757
	 0.44295	 -0.72098	 0.81844	 0.04429	 -0.46547
	 0.41103	 -0.71820	 0.81585	 0.04166	 -0.47170
	 0.43712	 -0.73343	 0.81585	 0.04611	 -0.46485
	 0.48353	 -0.69341	 0.81832	 0.01173	 -0.45598
	 0.41103	 -0.71818	 0.81585	 0.03815	 -0.47334
	 0.41103	 -0.73434	 0.81585	 0.03815	 -0.47665
	 0.41428	 -0.71846	 0.83469	 0.05123	 -0.36433
	 0.39680	 -0.67293	 0.80757	 0.00699	 -0.42846
	 0.43123	 -0.75163	 0.81585	 0.03982	 -0.47243
	 0.41130	 -0.67293	 0.81577	 0.00996	 -0.47607
	 0.43239	 -0.66862	 0.81585	 0.01087	 -0.46789
	 0.42856	 -0.71818	 0.81585	 0.02414	 -0.47322
	 0.43480	 -0.71846	 0.81796	 0.04817	 -0.47163
	 0.42878	 -0.71818	 0.81585	 0.00281	 -0.46619
	 0.43419	 -0.70893	 0.81586	 0.00093	 -0.47009
	 0.39564	 -0.71870	 0.81599	 0.03138	 -0.48152
	 0.41433	 -0.72164	 0.81574	 0.02294	 -0.47879
	 0.41432	 -0.69622	 0.80926	 0.00996	 -0.44276
	 0.41432	 -0.69638	 0.81447	 0.00971	 -0.47343
	 0.42310	 -0.71845	 0.81567	 0.00996	 -0.47233
	 0.41674	 -0.71866	 0.80935	 0.03138	 -0.43496
	 0.39991	 -0.71818	 0.81345	 0.02423	 -0.46986
	 0.43337	 -0.67387	 0.81585	 0.00346	 -0.47105
	 0.41279	 -0.71702	 0.81575	 0.02590	 -0.47733
	 0.39643	 -0.71818	 0.81574	 0.00426	 -0.46891
	 0.40962	 -0.71866	 0.81585	 0.03351	 -0.47593
	 0.42438	 -0.71820	 0.81574	 0.00996	 -0.47212
	 0.41068	 -0.71818	 0.81585	 0.04166	 -0.47179
	 0.43235	 -0.71818	 0.81585	 0.02414	 -0.47179
	 0.42860	 -0.71796	 0.81585	 0.02590	 -0.47255
	 0.41377	 -0.71751	 0.81574	 0.08814	 0.00000
	 0.41103	 -0.58510	 0.81585	 0.00223	 -0.45996
	 0.41565	 -0.67293	 0.81574	 0.00996	 -0.47449
	 0.44533	 -0.67293	 0.81574	 0.00996	 -0.46340
	 0.43239	 -0.72100	 0.81585	 0.02590	 -0.47165
	 0.40770	 -0.67596	 0.79663	 0.03138	 0.00000
	 0.43239	 -0.72902	 0.81585	 0.04096	 -0.46762
	 0.43239	 -0.71796	 0.81585	 0.02590	 -0.47114
	 0.43239	 -0.72100	 0.81585	 0.02590	 -0.47165
	 0.46365	 -0.72554	 0.79254	 0.00814	 0.00000
	 0.38756	 -0.71818	 0.81716	 0.03815	 -0.47061
	 0.41432	 -0.71818	 0.81574	 0.00996	 -0.47579
	 0.41103	 -0.71818	 0.81585	 0.02542	 -0.47882
	 0.43239	 -0.71796	 0.81585	 0.03863	 -0.46644
	 0.40909	 -0.71866	 0.81585	 0.03815	 -0.47398
	 0.41121	 -0.71817	 0.81585	 0.03351	 -0.47536
	 0.38861	 -0.71870	 0.81589	 0.03051	 -0.47539
	 0.41540	 -0.64156	 0.81834	 0.04784	 -0.46154
	 0.41565	 -0.72699	 0.81499	 0.07756	 -0.44729
	 0.44489	 -0.66757	 0.81574	 0.02294	 -0.45790
	 0.41263	 -0.71818	 0.81585	 0.00443	 -0.47163
	 0.39744	 -0.78113	 0.81864	 0.02215	 -0.44060
	 0.41263	 -0.71818	 0.81585	 0.02423	 -0.47877
	 0.41279	 -0.71702	 0.81575	 0.02590	 -0.47733
	 0.42909	 -0.71796	 0.80365	 0.00918	 -0.40252
	 0.41383	 -0.71775	 0.81574	 0.02668	 -0.47678
	 0.40539	 -0.67199	 0.81573	 0.00584	 -0.47939
	 0.41103	 -0.87478	 0.81586	 0.02542	 -0.45218
	 0.41433	 -0.72164	 0.81574	 0.02294	 -0.47879
	 0.41130	 -0.67293	 0.81577	 0.00996	 -0.47607
	 0.40776	 -0.67248	 0.81585	 0.04166	 -0.46110
	 0.41377	 -0.71862	 0.81574	 0.00996	 -0.47606
	 0.41103	 -0.71818	 0.79845	 0.03815	 0.00000
	 0.42856	 -0.63603	 0.80498	 0.02414	 0.00000
	 0.41802	 -0.73434	 0.81585	 0.03815	 -0.47449
	 0.42438	 -0.65504	 0.81574	 0.00996	 -0.46798
	 0.41284	 -0.71702	 0.81575	 0.02590	 -0.47731
	 0.41098	 -0.71818	 0.80646	 0.03815	 -0.40544
	 0.42584	 -0.72950	 0.81585	 0.02590	 -0.47551
	 0.39783	 -0.71670	 0.81109	 0.03138	 -0.45020
	 0.41433	 -0.72554	 0.81597	 0.06563	 -0.46074
	 0.41432	 -0.67509	 0.81574	 0.03840	 -0.46156
	 0.41130	 -0.67293	 0.81577	 0.00996	 -0.47607
	 0.39911	 -0.71870	 0.81599	 0.03138	 -0.48058
	 0.40770	 -0.71821	 0.81585	 0.03195	 -0.47710
	 0.41103	 -0.71862	 0.81585	 0.02485	 -0.47913
	 0.41432	 -0.67539	 0.81447	 0.00970	 -0.46927
	 0.39574	 -0.69609	 0.81574	 0.00996	 -0.47779
	 0.40552	 -0.67293	 0.81577	 0.00996	 -0.47791
	 0.41103	 -0.73434	 0.81585	 0.03815	 -0.47665
	 0.42970	 -0.71818	 0.81574	 0.00996	 -0.47006
	 0.41103	 -0.71818	 0.81585	 0.03815	 -0.47334
	 0.41432	 -0.71472	 0.81574	 0.03823	 -0.47103
	 0.40962	 -0.71866	 0.81585	 0.03351	 -0.47593
	 0.40770	 -0.71866	 0.78841	 0.02908	 0.00000
	 0.41130	 -0.67293	 0.81577	 0.01226	 -0.47508
	 0.41279	 -0.69655	 0.81575	 0.02600	 -0.47324
	 0.39574	 -0.71655	 0.79511	 0.00986	 0.00000
	 0.41379	 -0.71818	 0.81573	 0.02423	 -0.47783
	 0.41262	 -0.71862	 0.81586	 0.00996	 -0.46974
	 0.40539	 -0.80130	 0.88568	 0.00584	 -0.18917
	 0.39911	 -0.72190	 0.81599	 0.03138	 -0.48124
	 0.40552	 -0.67377	 0.81585	 0.01571	 -0.47588
	 0.41103	 -0.71733	 0.81577	 0.02112	 -0.47998
	 0.41510	 -0.71870	 0.81599	 0.03138	 -0.47584
	 0.39487	 -0.72554	 0.81574	 0.02294	 -0.47809
	 0.39901	 -0.72554	 0.81600	 0.02294	 -0.47059
	 0.41443	 -0.65335	 0.81573	 0.02144	 -0.46522
	 0.41434	 -0.71702	 0.81575	 0.02590	 -0.47682
	 0.41282	 -0.71818	 0.81806	 0.02735	 -0.45819
	 0.40810	 -0.71775	 0.81574	 0.02668	 -0.47859
	 0.41343	 -0.71821	 0.81585	 0.11834	 0.00000
	 0.39244	 -0.71862	 0.81585	 0.02078	 -0.47892
	 0.41433	 -0.72164	 0.81574	 0.02294	 -0.47879
	 0.41433	 -0.67085	 0.81574	 0.02227	 -0.46894
	 0.40539	 -0.72278	 0.81519	 0.00651	 -0.47841
	 0.41263	 -0.71818	 0.81585	 0.02423	 -0.47877
	 0.40552	 -0.71568	 0.77333	 0.00964	 0.00000
	 0.41121	 -0.71817	 0.82373	 0.03351	 -0.42099
	 0.40979	 -0.65382	 0.81577	 0.00996	 -0.47260
	 0.41103	 -0.78890	 0.81585	 0.03813	 -0.47186
	 0.41263	 -0.71818	 0.81585	 0.02423	 -0.47877
	 0.40962	 -0.71866	 0.81585	 0.03351	 -0.47593
	 0.39564	 -0.71870	 0.81599	 0.03138	 -0.48152
	 0.41130	 -0.67293	 0.81577	 0.00996	 -0.47607
	 0.37880	 -0.71775	 0.81094	 0.02668	 -0.45520
	 0.39744	 -0.71866	 0.81585	 0.01348	 -0.47307
	 0.39959	 -0.71866	 0.81585	 0.03177	 -0.47956
	 0.41129	 -0.67356	 0.81585	 0.02542	 -0.46949
	 0.38328	 -0.71754	 0.82301	 0.06167	 -0.43394
	 0.40687	 -0.72164	 0.81670	 0.02294	 -0.47102
	 0.41428	 -0.71562	 0.81585	 0.02423	 -0.47776
	 0.41432	 -0.71818	 0.81574	 0.03709	 -0.47228
	 0.41130	 -0.67293	 0.81577	 0.00996	 -0.47607
	 0.41103	 -0.71805	 0.81599	 0.02542	 -0.47943
	 0.39911	 -0.72203	 0.81585	 0.02124	 -0.47752
	 0.41263	 -0.71818	 0.81585	 0.02421	 -0.47874
	 0.39487	 -0.72554	 0.81575	 0.02296	 -0.47812
	 0.40539	 -0.72278	 0.81518	 0.00651	 -0.47839
	 0.41956	 -0.69304	 0.81599	 0.02119	 -0.47364
	 0.39564	 -0.71870	 0.81599	 0.03138	 -0.48152
	 0.41428	 -0.71562	 0.81585	 0.11820	 0.00000
	 0.40545	 -0.71869	 0.83259	 0.02423	 -0.36675
	 0.41377	 -0.72503	 0.81574	 0.02294	 -0.47958
	 0.41103	 -0.78265	 0.81586	 0.02298	 -0.46149
	 0.41103	 -0.71818	 0.81576	 0.02542	 -0.47839
	 0.40738	 -0.72164	 0.81574	 0.02294	 -0.47370
	 0.41433	 -0.72164	 0.81574	 0.02294	 -0.47879
	 0.41433	 -0.72164	 0.81576	 0.02294	 -0.47891
	 0.40552	 -0.67293	 0.81574	 0.00996	 -0.47779
	 0.41103	 -0.71897	 0.81585	 0.03815	 -0.47351
	 0.40810	 -0.73312	 0.81574	 0.01770	 -0.47025
	 0.39744	 -0.71866	 0.81585	 0.03137	 -0.48033
	 0.38464	 -0.71866	 0.81748	 0.03177	 -0.46838
	 0.41096	 -0.71738	 0.81578	 0.02112	 -0.48003
	 0.39572	 -0.71864	 0.81599	 0.03138	 -0.48147
	 0.38712	 -0.69609	 0.82741	 0.00928	 -0.39070
	 0.41392	 -0.74227	 0.78666	 0.02362	 0.00000
	 0.41103	 -0.71862	 0.81585	 0.02485	 -0.47913
	 0.39244	 -0.71862	 0.81585	 0.02078	 -0.47892
	 0.40539	 -0.67199	 0.80867	 0.00584	 -0.43658
	 0.41467	 -0.72554	 0.81817	 0.02294	 -0.45384
	 0.41383	 -0.71775	 0.81574	 0.09945	 0.00000
	 0.39959	 -0.71866	 0.83249	 0.03177	 -0.36523
	 0.40553	 -0.71032	 0.83127	 0.02668	 -0.37530
	 0.41103	 -0.71862	 0.81883	 0.02485	 -0.45584
	 0.39744	 -0.71866	 0.81585	 0.03138	 -0.48033
	 0.44157	 -0.71818	 0.81585	 0.02423	 -0.46814
	 0.39510	 -0.71702	 0.81575	 0.02590	 -0.47494
	 0.41334	 -0.71939	 0.81599	 0.03138	 -0.47653
	 0.42928	 -0.71818	 0.81585	 0.02423	 -0.47292
	 0.39911	 -0.71870	 0.81599	 0.03138	 -0.48058
	 0.39911	 -0.72190	 0.81599	 0.03138	 -0.48124
	 0.39911	 -0.71870	 0.82150	 0.03138	 -0.43811
	 0.39564	 -0.71870	 0.81599	 0.01571	 -0.47331
	 0.39959	 -0.71866	 0.81585	 0.00145	 -0.46971
	 0.41104	 -0.71836	 0.81574	 0.02310	 -0.47922
	 0.39933	 -0.72146	 0.81577	 0.02526	 -0.47513
	 0.39744	 -0.69870	 0.81585	 0.03138	 -0.47592
	 0.41433	 -0.72164	 0.81576	 0.02233	 -0.47914
	 0.40984	 -0.67920	 0.81599	 0.03138	 -0.46891
	 0.39612	 -0.71870	 0.81599	 0.03138	 -0.48139
	 0.39564	 -0.71870	 0.81584	 0.03138	 -0.48075
	 0.40817	 -0.65862	 0.81600	 0.03138	 -0.46423
	 0.39310	 -0.71736	 0.81598	 0.02128	 -0.47116
	 0.41103	 -0.76423	 0.81578	 0.02526	 -0.47204
	 0.39564	 -0.71981	 0.81599	 0.03138	 -0.48175
	 0.39911	 -0.72190	 0.80352	 0.03138	 0.00000
	 0.41103	 -0.71862	 0.81585	 0.02485	 -0.47913
	 0.40113	 -0.72190	 0.78812	 0.03138	 0.00000
	 0.39911	 -0.71870	 0.81599	 0.03138	 -0.48058
	 0.41263	 -0.71818	 0.81585	 0.02423	 -0.47877
	 0.39244	 -0.71862	 0.81585	 0.00876	 -0.46879
	 0.39744	 -0.71866	 0.81585	 0.03138	 -0.48033
	 0.40539	 -0.67199	 0.81573	 0.05499	 -0.45198
	 0.40112	 -0.75678	 0.81585	 0.02423	 -0.46704
	 0.41398	 -0.72526	 0.81573	 0.02239	 -0.47246
	 0.39890	 -0.71846	 0.81600	 0.02199	 -0.47730
	 0.41270	 -0.71818	 0.81574	 0.02284	 -0.47878
	 0.41426	 -0.72164	 0.80832	 0.02433	 -0.43317
	 0.39572	 -0.71864	 0.81599	 0.03128	 -0.48152
	 0.41433	 -0.72164	 0.81801	 0.02304	 -0.45977
	 0.41167	 -0.77386	 0.81599	 0.02557	 -0.46692
	 0.45616	 -0.71807	 0.81599	 0.03123	 -0.46044
	 0.41103	 -0.62159	 0.81585	 0.02542	 -0.45611
	 0.39959	 -0.71866	 0.81206	 0.03177	 -0.45689
	 0.39911	 -0.72190	 0.81573	 0.02132	 -0.47683
	 0.40731	 -0.72503	 0.81600	 0.03300	 -0.47885
	 0.40539	 -0.67199	 0.81585	 0.00665	 -0.47962
	 0.39744	 -0.71866	 0.81573	 0.03058	 -0.48008
	 0.41089	 -0.71818	 0.81585	 0.02423	 -0.47934
	 0.39744	 -0.71866	 0.81585	 0.03137	 -0.48033
	 0.41433	 -0.75825	 0.81574	 0.02294	 -0.47059
	 0.39564	 -0.71870	 0.81599	 0.03138	 -0.48152
	 0.41104	 -0.71869	 0.81585	 0.00593	 -0.47173
	 0.42142	 -0.71862	 0.83990	 0.00807	 -0.32966
	 0.39744	 -0.71870	 0.81599	 0.03137	 -0.48105
	 0.39564	 -0.60980	 0.81585	 0.03138	 0.00000
	 0.39564	 -0.71870	 0.81584	 0.03138	 -0.48075
	 0.40139	 -0.71870	 0.81599	 0.03138	 -0.47995
	 0.39745	 -0.71865	 0.81599	 0.03128	 -0.48105
	 0.39571	 -0.71864	 0.81585	 0.03137	 -0.48079
	 0.38708	 -0.71866	 0.81585	 0.02334	 -0.47913
	 0.37743	 -0.78597	 0.81574	 0.03098	 -0.46709
	 0.39564	 -0.71981	 0.81599	 0.03138	 -0.48175
	 0.39911	 -0.72190	 0.81599	 0.03138	 -0.48124
	 0.38588	 -0.71981	 0.81585	 0.03137	 -0.47562
	 0.39744	 -0.71866	 0.81599	 0.03138	 -0.48103
	 0.39572	 -0.71864	 0.81599	 0.03138	 -0.48147
	 0.39103	 -0.71870	 0.81599	 0.06567	 -0.46252
	 0.37833	 -0.72503	 0.81600	 0.03300	 -0.47839
	 0.40808	 -0.71653	 0.82364	 0.03138	 -0.42178
	 0.39911	 -0.71873	 0.82666	 0.03138	 -0.39763
	 0.39854	 -0.71263	 0.81599	 0.03138	 -0.47946
	 0.41096	 -0.71738	 0.81579	 0.02112	 -0.47276
	 0.39564	 -0.71870	 0.81598	 0.03138	 -0.48146
	 0.42373	 -0.71870	 0.81584	 0.03206	 -0.47203
	 0.39472	 -0.72164	 0.81576	 0.02164	 -0.47806
	 0.39564	 -0.71870	 0.81599	 0.03138	 -0.48152
	 0.41103	 -0.70958	 0.81577	 0.02112	 -0.47856
	 0.41433	 -0.72554	 0.81574	 0.02277	 -0.47954
	 0.41419	 -0.71733	 0.81577	 0.00395	 -0.47075
	 0.39569	 -0.77205	 0.81572	 0.03137	 -0.46771
	 0.39747	 -0.71866	 0.81600	 0.03059	 -0.48144
	 0.40339	 -0.70683	 0.81599	 0.03138	 -0.47690
	 0.43119	 -0.71862	 0.81585	 0.02078	 -0.47343
	 0.39572	 -0.64804	 0.81599	 0.03128	 -0.46389
	 0.39911	 -0.74373	 0.81599	 0.03138	 -0.47042
	 0.39564	 -0.71284	 0.81599	 0.03138	 -0.48027
	 0.39564	 -0.71870	 0.81599	 0.03138	 -0.48152
	 0.39564	 -0.71870	 0.81599	 0.03138	 -0.48152
	 0.39911	 -0.72190	 0.81599	 0.03138	 -0.48124
	 0.39906	 -0.71687	 0.83295	 0.03138	 -0.36667
	 0.39338	 -0.71866	 0.81586	 0.03138	 -0.48141
	 0.39564	 -0.71870	 0.83064	 0.01784	 -0.37148
	 0.39564	 -0.71870	 0.81599	 0.03138	 -0.48152
	 0.39747	 -0.72134	 0.81599	 0.03058	 -0.47431
	 0.39911	 -0.71922	 0.81600	 0.03139	 -0.48074
	 0.39552	 -0.71937	 0.81599	 0.05185	 -0.47093
	 0.39924	 -0.72122	 0.81599	 0.03138	 -0.48107
	 0.39564	 -0.71870	 0.81584	 0.01235	 -0.47402
	 0.39564	 -0.71870	 0.81599	 0.03138	 -0.48152
	 0.39564	 -0.71870	 0.81599	 0.06800	 -0.46036
	 0.39911	 -0.72181	 0.81599	 0.03138	 -0.48122
	 0.39572	 -0.70976	 0.81599	 0.02102	 -0.47681
	 0.40954	 -0.71871	 0.80676	 0.03138	 -0.41447
	 0.39572	 -0.71864	 0.81599	 0.03128	 -0.48152
	 0.39612	 -0.71870	 0.81599	 0.03138	 -0.48139
	 0.39564	 -0.69972	 0.81599	 0.03138	 -0.47734
	 0.39564	 -0.76138	 0.82415	 0.03138	 -0.41185
	 0.39564	 -0.71870	 0.81599	 0.01448	 -0.47384
	 0.39911	 -0.71870	 0.81599	 0.03138	 -0.48058
	 0.39572	 -0.67115	 0.81599	 0.03731	 -0.46664
	 0.39564	 -0.71865	 0.81599	 0.03138	 -0.48151
	 0.39745	 -0.71865	 0.81599	 0.03138	 -0.48102
	 0.39925	 -0.79991	 0.81599	 0.03128	 -0.46546
	 0.39564	 -0.71870	 0.81599	 0.03138	 -0.48152
	 0.40161	 -0.71870	 0.82174	 0.03138	 -0.43082
	 0.39741	 -0.71866	 0.79797	 0.03138	 0.00000
	 0.39567	 -0.71981	 0.81601	 0.03138	 -0.47415
	 0.39564	 -0.71870	 0.80274	 0.03138	 0.00000
	 0.39692	 -0.71870	 0.81599	 0.03521	 -0.47935
	 0.39183	 -0.78208	 0.81584	 0.03138	 -0.47122
	 0.39564	 -0.71981	 0.82553	 0.03138	 -0.40971
	 0.39744	 -0.71866	 0.81599	 0.03138	 -0.48103
	 0.40237	 -0.71866	 0.81573	 0.03058	 -0.47873
	 0.39911	 -0.72646	 0.81599	 0.08328	 0.00000
	 0.39572	 -0.71864	 0.81599	 0.03138	 -0.48149
	 0.39911	 -0.64994	 0.81599	 0.03138	 -0.46374
	 0.39338	 -0.71882	 0.81586	 0.04211	 -0.47594
	 0.40868	 -0.71870	 0.81599	 0.03138	 -0.47783
	 0.40477	 -0.71870	 0.81599	 0.03138	 -0.47898
	 0.39564	 -0.71870	 0.81599	 0.03138	 -0.48152
	 0.39911	 -0.71870	 0.80668	 0.03138	 -0.41428
	 0.39745	 -0.54700	 0.81599	 0.03127	 0.00000
	 0.39564	 -0.71870	 0.81258	 0.03138	 -0.46132
	 0.39550	 -0.71840	 0.82610	 0.00629	 -0.39694
	 0.39933	 -0.72214	 0.83358	 0.02439	 -0.36405
	 0.39541	 -0.71981	 0.81599	 0.03138	 -0.47412
	 0.39935	 -0.72190	 0.81599	 0.03138	 -0.48117
	 0.39564	 -0.71870	 0.81599	 0.03138	 -0.48152
	 0.39564	 -0.71870	 0.81599	 0.03138	 -0.48152
	 0.40191	 -0.71866	 0.81586	 0.05769	 -0.46526
	 0.39564	 -0.76636	 0.81599	 0.03138	 -0.46803
	 0.39558	 -0.79956	 0.81599	 0.11477	 0.00000
	 0.39917	 -0.71880	 0.81599	 0.03138	 -0.48058
	 0.40731	 -0.71870	 0.81599	 0.03138	 -0.47823
	 0.39564	 -0.71870	 0.81599	 0.03925	 -0.47765
	 0.38299	 -0.75367	 0.81599	 0.03128	 -0.46851
	 0.39572	 -0.71864	 0.81599	 0.03128	 -0.48152
	 0.39572	 -0.79293	 0.81599	 0.03128	 -0.46521
	 0.39564	 -0.71870	 0.81599	 0.01996	 -0.47143
	 0.39572	 -0.71864	 0.81599	 0.03726	 -0.47861
	 0.39564	 -0.71981	 0.81599	 0.03138	 -0.48175
	 0.40265	 -0.71865	 0.81599	 0.01474	 -0.47167
	 0.40409	 -0.71870	 0.81598	 0.10093	 0.00000
	 0.39936	 -0.71879	 0.81599	 0.03138	 -0.48053
	 0.38761	 -0.72180	 0.81599	 0.06754	 -0.46251
	 0.39747	 -0.71866	 0.81600	 0.03059	 -0.48144
	 0.39612	 -0.71870	 0.81360	 0.03138	 -0.46782
	 0.39564	 -0.71865	 0.81599	 0.03138	 -0.48151
	 0.39564	 -0.71870	 0.81599	 0.03138	 -0.48152
	 0.39572	 -0.71864	 0.81599	 0.03128	 -0.48152
	 0.39564	 -0.71870	 0.81599	 0.03138	 -0.48152
	 0.39928	 -0.72174	 0.81599	 0.03138	 -0.48117
	 0.39554	 -0.66877	 0.81585	 0.03137	 -0.46888
	 0.42707	 -0.72122	 0.81599	 0.03138	 -0.47229
	 0.39211	 -0.71870	 0.81599	 0.03138	 -0.47468
	 0.39012	 -0.71870	 0.81599	 0.03138	 -0.47515
	 0.40032	 -0.71870	 0.81551	 0.03138	 -0.47778
	 0.39911	 -0.72229	 0.80015	 0.03138	 0.00000
	 0.39564	 -0.71942	 0.81599	 0.03138	 -0.48167
	 0.38179	 -0.71864	 0.81599	 0.03138	 -0.47699
	 0.39564	 -0.71981	 0.81599	 0.03138	 -0.48175
	 0.39564	 -0.71865	 0.81599	 0.03138	 -0.48151
	 0.39564	 -0.71981	 0.81599	 0.03138	 -0.48175
	 0.39564	 -0.71870	 0.81599	 0.03028	 -0.47435
	 0.39564	 -0.71870	 0.81599	 0.03138	 -0.48152
	 0.39564	 -0.71870	 0.81999	 0.03138	 -0.44736
	 0.39564	 -0.71981	 0.81599	 0.03138	 -0.48175
	 0.39564	 -0.71870	 0.81902	 0.03138	 -0.45044
	 0.39564	 -0.71981	 0.81599	 0.03138	 -0.48175
	 0.39564	 -0.64862	 0.81599	 0.03138	 -0.46403
	 0.39564	 -0.71870	 0.79308	 0.08911	 0.00000
	 0.39564	 -0.68359	 0.81599	 0.03138	 -0.47348
	 0.39338	 -0.71866	 0.81586	 0.03138	 -0.48141
	 0.39564	 -0.76864	 0.81598	 0.00747	 -0.46243
	 0.39564	 -0.71870	 0.81599	 0.03138	 -0.48152
	 0.39345	 -0.71870	 0.81599	 0.03138	 -0.47436
	 0.39564	 -0.71870	 0.81599	 0.03138	 -0.48152
	 0.39564	 -0.68240	 0.81599	 0.03138	 -0.47319
	 0.39564	 -0.71865	 0.81599	 0.03138	 -0.48151
	 0.39564	 -0.72156	 0.81599	 0.03138	 -0.47444
	 0.38866	 -0.71870	 0.82494	 0.03138	 -0.40818
	 0.39564	 -0.71981	 0.81599	 0.03138	 -0.48175
	 0.39564	 -0.71870	 0.83069	 0.03138	 -0.37507
	 0.39572	 -0.71864	 0.81189	 0.03128	 -0.45674
	 0.39564	 -0.74857	 0.81186	 0.03138	 -0.46392
	 0.39572	 -0.72577	 0.81599	 0.03138	 -0.47530
	 0.39564	 -0.78923	 0.82271	 0.03138	 -0.41849
	 0.39572	 -0.71864	 0.81599	 0.03138	 -0.48147
	 0.39413	 -0.71870	 0.81599	 0.03138	 -0.48192
	 0.39564	 -0.71870	 0.80900	 0.02273	 -0.44146
	 0.39564	 -0.73905	 0.81599	 0.03138	 -0.47807
	 0.40594	 -0.67475	 0.82856	 0.03138	 -0.39492
	 0.39564	 -0.71870	 0.81599	 0.04406	 -0.47512
	 0.39565	 -0.71864	 0.81599	 0.01565	 -0.47331
	 0.39571	 -0.71942	 0.81599	 0.03138	 -0.48165
	 0.39564	 -0.71981	 0.81599	 0.03138	 -0.48175
	 0.39564	 -0.71981	 0.81599	 0.03138	 -0.48175
	 0.39564	 -0.73448	 0.82446	 0.03138	 -0.41595
	 0.39104	 -0.71870	 0.81232	 0.03138	 -0.46036
	 0.39564	 -0.71870	 0.77657	 0.03138	 0.00000
	 0.39564	 -0.71942	 0.81599	 0.03138	 -0.48167
	 0.39564	 -0.71981	 0.81599	 0.03138	 -0.48175
	 0.39564	 -0.71981	 0.81611	 0.03138	 -0.47471
	 0.39419	 -0.61147	 0.81599	 0.03138	 0.00000
	 0.39559	 -0.71871	 0.81599	 0.03138	 -0.48154
	 0.39564	 -0.71870	 0.81599	 0.02121	 -0.47086
	 0.39564	 -0.71870	 0.81599	 0.03138	 -0.48152
	 0.39564	 -0.76954	 0.80182	 0.03138	 0.00000
	 0.39564	 -0.71870	 0.81599	 0.03138	 -0.48152
	 0.39564	 -0.71981	 0.82133	 0.03138	 -0.43833
	 0.40804	 -0.71981	 0.81599	 0.10210	 0.00000
	 0.39564	 -0.75401	 0.81599	 0.03138	 -0.47337
	 0.39564	 -0.71870	 0.81599	 0.03138	 -0.48152
	 0.39571	 -0.71946	 0.81599	 0.03138	 -0.48166
	 0.39564	 -0.71977	 0.81179	 0.03138	 -0.45626
	 0.40855	 -0.62359	 0.81599	 0.03138	 -0.45418
	 0.39564	 -0.69269	 0.81599	 0.03138	 -0.47569
	 0.39564	 -0.71870	 0.81599	 0.01724	 -0.47264
	 0.39413	 -0.71870	 0.81599	 0.03138	 -0.48192
	 0.39564	 -0.71981	 0.81599	 0.03138	 -0.48175
	 0.39564	 -0.71981	 0.81599	 0.01337	 -0.47453
	 0.39564	 -0.84230	 0.81599	 0.03138	 -0.45814
	 0.39564	 -0.66814	 0.85526	 0.03138	 -0.28406
	 0.39572	 -0.71869	 0.81599	 0.03138	 -0.48148
	 0.39564	 -0.71865	 0.81599	 0.03127	 -0.48156
	 0.39564	 -0.71981	 0.81599	 0.03138	 -0.48175
	 0.38315	 -0.69046	 0.81599	 0.03138	 -0.47790
	 0.39564	 -0.71870	 0.79344	 0.03138	 0.00000
	 0.39564	 -0.65319	 0.81599	 0.02249	 -0.47082
	 0.39564	 -0.71982	 0.81599	 0.03138	 -0.48175
	 0.39497	 -0.67821	 0.82454	 0.03138	 -0.42036
	 0.39564	 -0.71981	 0.81599	 0.03138	 -0.48175
	 0.39564	 -0.71870	 0.81599	 0.03138	 -0.48152
	 0.39564	 -0.71870	 0.81599	 0.03138	 -0.48152
	 0.39003	 -0.72201	 0.81599	 0.03138	 -0.47591
	 0.39564	 -0.71870	 0.81644	 0.03138	 -0.47622
	 0.39564	 -0.74153	 0.81599	 0.03138	 -0.47087
	 0.39498	 -0.61370	 0.81599	 0.03138	 0.00000
	 0.39564	 -0.71868	 0.81599	 0.03138	 -0.48151
	 0.39564	 -0.71944	 0.81599	 0.03138	 -0.48167
	 0.39849	 -0.89584	 0.79248	 0.04492	 0.00000
	 0.39571	 -0.71942	 0.82231	 0.03138	 -0.42699
	 0.39564	 -0.78837	 0.81599	 0.03127	 -0.46443
	 0.39564	 -0.71981	 0.81599	 0.03138	 -0.48175
	 0.39564	 -0.71981	 0.81599	 0.10874	 0.00000
	 0.39564	 -0.71870	 0.80800	 0.03138	 -0.42634
	 0.39564	 -0.71870	 0.81599	 0.03138	 -0.48152
	 0.39540	 -0.71942	 0.81599	 0.03138	 -0.48174
	 0.39559	 -0.75354	 0.81599	 0.03138	 -0.47330
	 0.39564	 -0.71981	 0.81599	 0.03138	 -0.48175
	 0.39564	 -0.58401	 0.81599	 0.03138	 0.00000
	 0.40364	 -0.71981	 0.81617	 0.03138	 -0.47289
	 0.40221	 -0.71981	 0.82068	 0.03122	 -0.44166
	 0.39146	 -0.71981	 0.81599	 0.03138	 -0.47508
	 0.39564	 -0.71981	 0.81599	 0.03138	 -0.48175
	 0.39564	 -0.71982	 0.80778	 0.06100	 0.00000
	 0.39564	 -0.71870	 0.81599	 0.01749	 -0.47253
	 0.39557	 -0.71870	 0.85760	 0.03138	 -0.26805
	 0.39415	 -0.73342	 0.81599	 0.03138	 -0.47733
	 0.39564	 -0.71870	 0.81945	 0.01665	 -0.44325
	 0.39564	 -0.71981	 0.81599	 0.00253	 -0.46364
	 0.39564	 -0.71981	 0.81599	 0.03138	 -0.48175
	 0.39564	 -0.71982	 0.81599	 0.03138	 -0.48175
	 0.39564	 -0.71946	 0.82197	 0.03138	 -0.43332
	 0.38877	 -0.72753	 0.81599	 0.03138	 -0.47742
	 0.39564	 -0.71981	 0.81599	 0.03138	 -0.48175
	 0.39571	 -0.71946	 0.81599	 0.03138	 -0.48166
	 0.39564	 -0.68608	 0.81599	 0.03138	 -0.47410
	 0.39564	 -0.71871	 0.81446	 0.03138	 -0.47310
	 0.39415	 -0.83697	 0.81599	 0.03138	 -0.45770
	 0.39416	 -0.71870	 0.81599	 0.03138	 -0.48191
	 0.39406	 -0.71870	 0.81599	 0.03138	 -0.48194
	 0.39572	 -0.74823	 0.81599	 0.03138	 -0.47221
	 0.39564	 -0.71981	 0.81599	 0.03138	 -0.48175
	 0.38081	 -0.71981	 0.81599	 0.03138	 -0.47747
	 0.39564	 -0.67593	 0.81599	 0.03138	 -0.47155
	 0.38974	 -0.71981	 0.81599	 0.03138	 -0.47549
	 0.39564	 -0.63464	 0.81599	 0.09951	 0.00000
	 0.39564	 -0.71981	 0.81599	 0.03138	 -0.48175
	 0.39564	 -0.71981	 0.81261	 0.03138	 -0.46182
	 0.39413	 -0.71870	 0.81599	 0.03138	 -0.48191
	 0.39662	 -0.76774	 0.81599	 0.09455	 -0.45705
	 0.39406	 -0.70019	 0.81599	 0.00540	 -0.47466
	 0.39564	 -0.72319	 0.81043	 0.03138	 -0.44747
	 0.39564	 -0.71942	 0.80948	 0.03138	 -0.43903
	 0.39365	 -0.71981	 0.81599	 0.03138	 -0.47455
	 0.39564	 -0.71944	 0.81599	 0.03138	 -0.48167
	 0.39564	 -0.71981	 0.81599	 0.03138	 -0.48175
	 0.39564	 -0.71981	 0.81599	 0.03138	 -0.48175
	 0.39413	 -0.71870	 0.81599	 0.03138	 -0.48191
	 0.39564	 -0.71981	 0.81599	 0.03138	 -0.48175
	 0.39564	 -0.71981	 0.81599	 0.03138	 -0.48175
	 0.39564	 -0.71981	 0.81177	 0.03138	 -0.45616
	 0.39413	 -0.71870	 0.81599	 0.03138	 -0.48192
	 0.39416	 -0.71870	 0.82726	 0.03138	 -0.40101
	 0.39413	 -0.71870	 0.81599	 0.03138	 -0.48192
	 0.40877	 -0.68184	 0.81599	 0.03138	 -0.46982
	 0.39571	 -0.71942	 0.81599	 0.00458	 -0.47042
	 0.39564	 -0.71981	 0.81599	 0.03138	 -0.48175
	 0.39416	 -0.71869	 0.77627	 0.03138	 0.00000
	 0.39561	 -0.71983	 0.84167	 0.03138	 -0.32646
	 0.39540	 -0.71942	 0.81398	 0.03138	 -0.47047
	 0.39564	 -0.71981	 0.81599	 0.03138	 -0.48175
	 0.39564	 -0.66267	 0.81599	 0.03564	 -0.46534
	 0.39564	 -0.71981	 0.81790	 0.02916	 -0.46160
	 0.39319	 -0.71981	 0.81622	 0.03138	 -0.47591
	 0.39564	 -0.71981	 0.81083	 0.03138	 -0.44949
	 0.39413	 -0.71870	 0.81599	 0.00122	 -0.46441
	 0.39977	 -0.71982	 0.81599	 0.03138	 -0.48063
	 0.39234	 -0.71981	 0.81599	 0.03138	 -0.47487
	 0.39564	 -0.71942	 0.81599	 0.03138	 -0.48167
	 0.39564	 -0.71981	 0.81599	 0.03138	 -0.48175
	 0.39564	 -0.67593	 0.81599	 0.03138	 -0.47155
	 0.39411	 -0.71877	 0.81599	 0.08201	 0.00000
	 0.39566	 -0.71974	 0.81599	 0.03138	 -0.48174
	 0.42346	 -0.71981	 0.81837	 0.03138	 -0.45524
	 0.39564	 -0.71981	 0.81599	 0.03138	 -0.48175
	 0.39564	 -0.71981	 0.81599	 0.02199	 -0.47073
	 0.37985	 -0.71981	 0.81599	 0.03138	 -0.47767
	 0.39564	 -0.72270	 0.81599	 0.02286	 -0.47092
	 0.39406	 -0.71870	 0.81599	 0.03138	 -0.48194
	 0.39564	 -0.71981	 0.81599	 0.05520	 -0.46904
	 0.39406	 -0.71870	 0.81599	 0.03138	 -0.48193
	 0.39413	 -0.81073	 0.81599	 0.03138	 -0.46098
	 0.39413	 -0.71870	 0.81551	 0.02636	 -0.48179
	 0.37779	 -0.71981	 0.81599	 0.03138	 -0.47809
	 0.39564	 -0.71981	 0.80812	 0.00233	 -0.44896
	 0.39564	 -0.71982	 0.81599	 0.03138	 -0.48175
	 0.39564	 -0.71981	 0.81599	 0.03138	 -0.48175
	 0.39564	 -0.71981	 0.81518	 0.03138	 -0.47743
	 0.39564	 -0.71981	 0.81599	 0.03138	 -0.48175
	 0.39564	 -0.71981	 0.81599	 0.03138	 -0.48175
	 0.40634	 -0.71981	 0.80319	 0.03138	 0.00000
	 0.38449	 -0.71981	 0.81425	 0.03138	 -0.47454
	 0.39564	 -0.71981	 0.81599	 0.03138	 -0.48175
	 0.39413	 -0.71870	 0.81599	 0.03138	 -0.48192
	 0.39413	 -0.73319	 0.81599	 0.03138	 -0.47728
	 0.39413	 -0.71870	 0.81599	 0.03138	 -0.48192
	 0.39416	 -0.51588	 0.81599	 0.03138	 0.00000
	 0.39564	 -0.71974	 0.81599	 0.03138	 -0.48174
	 0.39406	 -0.71877	 0.81404	 0.03138	 -0.47100
	 0.39413	 -0.67946	 0.81599	 0.03138	 -0.47279
	 0.39564	 -0.71981	 0.81599	 0.03138	 -0.48175
	 0.39563	 -0.71863	 0.82303	 0.03138	 -0.42224
	 0.39433	 -0.71988	 0.81599	 0.03138	 -0.47440
	 0.39564	 -0.71981	 0.82243	 0.03138	 -0.42763
	 0.39413	 -0.71870	 0.81599	 0.01156	 -0.46781
	 0.39564	 -0.71981	 0.81599	 0.03138	 -0.48175
	 0.39564	 -0.71981	 0.81599	 0.03138	 -0.48175
	 0.39406	 -0.71870	 0.81599	 0.03138	 -0.48194
	 0.39413	 -0.81193	 0.81599	 0.03138	 -0.46119
	 0.39564	 -0.72872	 0.81599	 0.00453	 -0.46445
	 0.39564	 -0.71981	 0.81771	 0.03138	 -0.46746
	 0.39564	 -0.71981	 0.81599	 0.06821	 -0.46055
	 0.39413	 -0.72023	 0.81599	 0.03138	 -0.47453
	 0.38400	 -0.71870	 0.81599	 0.03138	 -0.47654
	 0.39564	 -0.71981	 0.81599	 0.03138	 -0.48175
	 0.39965	 -0.71982	 0.81599	 0.03138	 -0.48066
	 0.39564	 -0.71981	 0.81599	 0.03138	 -0.48175
	 0.38028	 -0.69886	 0.81599	 0.08397	 0.00000
	 0.39413	 -0.71870	 0.84269	 0.03138	 -0.32177
	 0.39564	 -0.67826	 0.81599	 0.03138	 -0.47214
	 0.39416	 -0.71870	 0.81599	 0.03138	 -0.48191
	 0.39413	 -0.71865	 0.81599	 0.03138	 -0.48191
	 0.39900	 -0.64992	 0.81599	 0.03138	 -0.46376
	 0.39564	 -0.71981	 0.81599	 0.03138	 -0.48175
	 0.39330	 -0.71870	 0.81599	 0.03138	 -0.47440
	 0.43169	 -0.71870	 0.81551	 0.08419	 -0.44191
	 0.38388	 -0.71870	 0.82514	 0.03158	 -0.40977
	 0.39564	 -0.71981	 0.80603	 0.03138	 -0.40843
	 0.39406	 -0.72281	 0.81599	 0.03138	 -0.47511
	 0.39413	 -0.71870	 0.81599	 0.03138	 -0.48192
	 0.39413	 -0.71870	 0.81599	 0.03138	 -0.48192
	 0.39564	 -0.71981	 0.81599	 0.03138	 -0.48175
	 0.39413	 -0.75526	 0.81498	 0.03138	 -0.48408
	 0.39564	 -0.72383	 0.81599	 0.03138	 -0.47493
	 0.39564	 -0.71981	 0.81599	 0.03138	 -0.48175
	 0.39413	 -0.71870	 0.81675	 0.05643	 -0.47293
	 0.39634	 -0.71870	 0.82446	 0.03138	 -0.41267
	 0.38700	 -0.71870	 0.81599	 0.03138	 -0.47587
	 0.39413	 -0.71870	 0.82235	 0.03138	 -0.42733
	 0.39413	 -0.71870	 0.81551	 0.02636	 -0.48179
	 0.39564	 -0.71981	 0.81599	 0.03138	 -0.48175
	 0.39564	 -0.71981	 0.81599	 0.03138	 -0.48175
	 0.37983	 -0.71981	 0.81599	 0.03138	 -0.47768
	 0.39413	 -0.71987	 0.81599	 0.03138	 -0.47445
	 0.39564	 -0.72999	 0.81599	 0.03138	 -0.47623
	 0.39413	 -0.71870	 0.81599	 0.03138	 -0.48192
	 0.38130	 -0.71870	 0.81599	 0.03138	 -0.47712
	 0.39564	 -0.71981	 0.81599	 0.03138	 -0.48175
	 0.39564	 -0.71981	 0.81599	 0.03138	 -0.48175
	 0.39396	 -0.71780	 0.81599	 0.03138	 -0.48177
	 0.39581	 -0.65064	 0.81599	 0.05985	 0.00000
	 0.39413	 -0.67148	 0.81599	 0.03138	 -0.47072
	 0.39413	 -0.71870	 0.81599	 0.01087	 -0.46810
	 0.39406	 -0.71870	 0.81599	 0.03138	 -0.48193
	 0.39274	 -0.71870	 0.81599	 0.03138	 -0.47453
	 0.39413	 -0.71870	 0.81599	 0.03138	 -0.48192
	 0.39406	 -0.71870	 0.81599	 0.03138	 -0.48194
	 0.39564	 -0.77482	 0.81599	 0.03138	 -0.46963
	 0.39564	 -0.66908	 0.81599	 0.03138	 -0.46975
	 0.39413	 -0.71870	 0.81599	 0.03138	 -0.48192
	 0.39416	 -0.69914	 0.81599	 0.03138	 -0.47757
	 0.39413	 -0.71870	 0.81172	 0.03138	 -0.45577
	 0.39406	 -0.71870	 0.81599	 0.03138	 -0.48193
	 0.39413	 -0.77916	 0.81498	 0.03138	 -0.47335
	 0.40310	 -0.73509	 0.81599	 0.03138	 -0.47523
	 0.39406	 -0.76655	 0.81599	 0.03138	 -0.46849
	 0.39413	 -0.71870	 0.81551	 0.02636	 -0.48179
	 0.38862	 -0.71870	 0.81599	 0.03138	 -0.47550
	 0.39564	 -0.71982	 0.81599	 0.02365	 -0.47768
	 0.39413	 -0.71870	 0.81599	 0.00643	 -0.47000
	 0.39406	 -0.71870	 0.81599	 0.02527	 -0.47715
	 0.39405	 -0.71870	 0.81599	 0.03138	 -0.48194
	 0.39413	 -0.74054	 0.81599	 0.03138	 -0.47106
	 0.39413	 -0.71864	 0.81599	 0.03138	 -0.48191
	 0.39413	 -0.71870	 0.81599	 0.02085	 -0.47143
	 0.39406	 -0.71870	 0.81599	 0.03138	 -0.48194
	 0.39406	 -0.71870	 0.81599	 0.03138	 -0.48193
	 0.39413	 -0.71969	 0.81599	 0.03138	 -0.47441
	 0.39413	 -0.72980	 0.81498	 0.03138	 -0.47891
	 0.39413	 -0.71870	 0.81599	 0.03138	 -0.48192
	 0.42015	 -0.71870	 0.81599	 0.03138	 -0.47420
	 0.39903	 -0.71870	 0.81551	 0.02654	 -0.48036
	 0.39406	 -0.71870	 0.81393	 0.01289	 -0.47982
	 0.38614	 -0.71870	 0.81599	 0.03138	 -0.47607
	 0.40257	 -0.71865	 0.81599	 0.03138	 -0.47961
	 0.39564	 -0.71982	 0.81896	 0.03138	 -0.45036
	 0.39827	 -0.71870	 0.81599	 0.03138	 -0.48081
	 0.39413	 -0.71870	 0.80652	 0.02636	 -0.41746
	 0.39413	 -0.71870	 0.81599	 0.03138	 -0.48192
	 0.39191	 -0.71870	 0.81599	 0.03138	 -0.47473
	 0.39406	 -0.71870	 0.83932	 0.03138	 -0.33487
	 0.39413	 -0.71870	 0.80460	 0.03138	 0.00000
	 0.39566	 -0.71870	 0.81599	 0.03138	 -0.48152
	 0.39564	 -0.71982	 0.81599	 0.03138	 -0.48175
	 0.39413	 -0.71870	 0.81599	 0.03138	 -0.48192
	 0.39564	 -0.71981	 0.81599	 0.03138	 -0.48175
	 0.39413	 -0.71870	 0.81599	 0.03138	 -0.48192
	 0.39564	 -0.71981	 0.81599	 0.03138	 -0.48175
	 0.39413	 -0.67069	 0.81599	 0.03138	 -0.47051
	 0.39350	 -0.71870	 0.81599	 0.03487	 -0.48038
	 0.39416	 -0.71870	 0.81599	 0.06008	 -0.46591
	 0.43834	 -0.71870	 0.81192	 0.03138	 -0.44719
	 0.38405	 -0.71870	 0.81599	 0.03138	 -0.47653
	 0.39406	 -0.77557	 0.81599	 0.08847	 -0.46387
	 0.39413	 -0.71870	 0.81599	 0.03138	 -0.48191
	 0.39564	 -0.71982	 0.81599	 0.03138	 -0.48175
	 0.39413	 -0.71870	 0.81599	 0.03138	 -0.48192
	 0.39413	 -0.71870	 0.81599	 0.03773	 -0.47879
	 0.39413	 -0.71870	 0.81599	 0.03138	 -0.48192
	 0.41615	 -0.71870	 0.81599	 0.03138	 -0.47551
	 0.39406	 -0.67764	 0.81599	 0.03138	 -0.47234
	 0.39406	 -0.71870	 0.82035	 0.03138	 -0.44162
	 0.39406	 -0.71870	 0.81599	 0.03138	 -0.48194
	 0.39413	 -0.71870	 0.81599	 0.03138	 -0.48192
	 0.39413	 -0.71870	 0.80622	 0.03138	 -0.40992
	 0.39413	 -0.71870	 0.80463	 0.03138	 0.00000
	 0.39413	 -0.71870	 0.81599	 0.03138	 -0.48192
	 0.39413	 -0.71870	 0.81599	 0.03138	 -0.48192
	 0.39406	 -0.67825	 0.81599	 0.03138	 -0.47249
	 0.39413	 -0.86622	 0.81599	 0.03138	 -0.45467
	 0.39413	 -0.75526	 0.81498	 0.05068	 -0.47469
	 0.39406	 -0.71781	 0.81599	 0.03138	 -0.48175
	 0.39396	 -0.71869	 0.81599	 0.03138	 -0.48196
	 0.39406	 -0.71870	 0.82937	 0.02953	 -0.38652
	 0.38950	 -0.71870	 0.81599	 0.01560	 -0.47505
	 0.39560	 -0.71870	 0.81599	 0.03138	 -0.48153
	 0.39413	 -0.71870	 0.81599	 0.03138	 -0.48192
	 0.39413	 -0.71870	 0.82505	 0.03138	 -0.40769
	 0.39413	 -0.71870	 0.81599	 0.03138	 -0.48192
	 0.40857	 -0.75526	 0.81498	 0.03138	 -0.47982
	 0.39406	 -0.68530	 0.81599	 0.03138	 -0.47427
	 0.39406	 -0.71870	 0.81599	 0.03138	 -0.48193
	 0.39413	 -0.71870	 0.81599	 0.03138	 -0.48192
	 0.39116	 -0.71870	 0.81599	 0.03138	 -0.47491
	 0.39414	 -0.80089	 0.81599	 0.02697	 -0.46099
	 0.48047	 -0.71870	 0.81599	 0.03138	 -0.44954
	 0.39367	 -0.71870	 0.81599	 0.03138	 -0.47431
	 0.39413	 -0.71870	 0.81599	 0.03138	 -0.48192
	 0.39413	 -0.71870	 0.81599	 0.03138	 -0.48192
	 0.39406	 -0.71870	 0.81599	 0.05031	 -0.47193
	 0.39406	 -0.71870	 0.81022	 0.05054	 0.00000
	 0.39406	 -0.65201	 0.81599	 0.03029	 -0.46603
	 0.39413	 -0.75526	 0.81498	 0.03138	 -0.48408
	 0.39406	 -0.72386	 0.81599	 0.03138	 -0.47533
	 0.39406	 -0.71870	 0.81599	 0.03138	 -0.48194
	 0.39406	 -0.71870	 0.81599	 0.03138	 -0.48194
	 0.39413	 -0.71870	 0.81599	 0.03138	 -0.48192
	 0.39406	 -0.71870	 0.81599	 0.03138	 -0.48194
	 0.39405	 -0.71870	 0.83459	 0.03138	 -0.35808
	 0.39405	 -0.72633	 0.81599	 0.03138	 -0.47586
	 0.39368	 -0.71165	 0.80884	 0.03138	 -0.43149
	 0.39406	 -0.71870	 0.81599	 0.03138	 -0.48194
	 0.39413	 -0.71870	 0.81879	 0.03138	 -0.45738
	 0.39405	 -0.71870	 0.81599	 0.00980	 -0.46859
	 0.39406	 -0.71870	 0.81599	 0.03138	 -0.48194
	 0.39413	 -0.71917	 0.81491	 0.03138	 -0.47616
	 0.39406	 -0.75478	 0.81606	 0.03138	 -0.47432
	 0.39413	 -0.71870	 0.81599	 0.03138	 -0.48192
	 0.39413	 -0.70598	 0.80682	 0.03138	 0.00000
	 0.39413	 -0.66085	 0.76854	 0.14249	 0.00000
	 0.39413	 -0.71870	 0.81599	 0.02714	 -0.47625
	 0.39413	 -0.70225	 0.81599	 0.03138	 -0.47829
	 0.39406	 -0.71870	 0.81599	 0.03138	 -0.48194
	 0.39413	 -0.71870	 0.81599	 0.03138	 -0.48192
	 0.39405	 -0.71870	 0.80902	 0.03138	 -0.43518
	 0.40478	 -0.71870	 0.81599	 0.03138	 -0.47898
	 0.39413	 -0.71870	 0.81599	 0.07859	 0.00000
	 0.39413	 -0.71870	 0.81599	 0.03138	 -0.48192
	 0.39413	 -0.79525	 0.83943	 0.03138	 -0.32488
	 0.39413	 -0.71870	 0.81599	 0.03138	 -0.48192
	 0.39406	 -0.71870	 0.80751	 0.03138	 -0.42205
	 0.39413	 -0.71870	 0.81599	 0.01432	 -0.47435
	 0.42764	 -0.71870	 0.81599	 0.03138	 -0.47164
	 0.39414	 -0.70330	 0.81599	 0.00954	 -0.47344
	 0.39287	 -0.71870	 0.82067	 0.03138	 -0.44343
	 0.39396	 -0.71870	 0.81599	 0.03138	 -0.48196
	 0.39406	 -0.71869	 0.81599	 0.03138	 -0.48194
	 0.39396	 -0.71103	 0.81599	 0.01697	 -0.47168
	 0.39406	 -0.74038	 0.85886	 0.03138	 -0.26623
	 0.39413	 -0.75526	 0.81498	 0.03138	 -0.48408
	 0.39396	 -0.71869	 0.82680	 0.03138	 -0.39919
	 0.39406	 -0.71870	 0.81599	 0.03138	 -0.48194
	 0.39413	 -0.71870	 0.81599	 0.03138	 -0.48191
	 0.39396	 -0.71870	 0.81599	 0.03138	 -0.48196
	 0.39406	 -0.72889	 0.81599	 0.03138	 -0.47641
	 0.39413	 -0.69855	 0.81514	 0.03138	 -0.47261
	 0.41727	 -0.71958	 0.81584	 0.01674	 -0.47298
	 0.39413	 -0.71870	 0.81599	 0.03138	 -0.48192
	 0.39406	 -0.71870	 0.81599	 0.00587	 -0.47025
	 0.42123	 -0.70488	 0.81599	 0.03138	 -0.47118
	 0.39406	 -0.71870	 0.81599	 0.03138	 -0.48194
	 0.39406	 -0.67293	 0.81599	 0.03138	 -0.47111
	 0.39406	 -0.71870	 0.81599	 0.03138	 -0.48194
	 0.39413	 -0.71870	 0.81599	 0.03138	 -0.48192
	 0.39396	 -0.71869	 0.81599	 0.03138	 -0.48196
	 0.39406	 -0.71870	 0.81599	 0.03138	 -0.48194
	 0.39406	 -0.71870	 0.80769	 0.00562	 -0.44362
	 0.39413	 -0.73492	 0.81497	 0.03138	 -0.47993
	 0.39406	 -0.75263	 0.81600	 0.03138	 -0.47358
	 0.39406	 -0.71870	 0.81599	 0.03138	 -0.48193
	 0.39406	 -0.71870	 0.81599	 0.03138	 -0.48194
	 0.39406	 -0.52673	 0.81599	 0.03073	 0.00000
	 0.39406	 -0.71870	 0.81599	 0.03138	 -0.48194
	 0.38579	 -0.71870	 0.82123	 0.03138	 -0.43959
	 0.39406	 -0.71870	 0.81599	 0.03138	 -0.48194
	 0.39406	 -0.71870	 0.81599	 0.03138	 -0.48194
	 0.39406	 -0.71870	 0.81599	 0.02921	 -0.47527
	 0.39950	 -0.71870	 0.81599	 0.03138	 -0.48048
	 0.43995	 -0.75526	 0.81498	 0.03138	 -0.46863
	 0.39406	 -0.71548	 0.81599	 0.04087	 -0.47642
	 0.39413	 -0.71870	 0.81599	 0.03138	 -0.48192
	 0.39406	 -0.71870	 0.81599	 0.03138	 -0.48194
	 0.38791	 -0.71870	 0.81227	 0.03138	 -0.46054
	 0.39406	 -0.71870	 0.81599	 0.03138	 -0.48194
	 0.39406	 -0.69951	 0.81599	 0.03138	 -0.47768
	 0.40015	 -0.71870	 0.81599	 0.03138	 -0.48030
	 0.39413	 -0.71870	 0.81599	 0.03138	 -0.48192
	 0.39396	 -0.71870	 0.81599	 0.03138	 -0.48196
	 0.39406	 -0.71870	 0.81599	 0.03138	 -0.48194
	 0.39405	 -0.71870	 0.81599	 0.03138	 -0.48194
	 0.39406	 -0.71870	 0.81599	 0.07717	 0.00000
	 0.39406	 -0.71870	 0.81599	 0.03138	 -0.48194
	 0.44431	 -0.71870	 0.81599	 0.03138	 -0.46539
	 0.39406	 -0.71870	 0.81599	 0.03138	 -0.48194
	 0.39535	 -0.71870	 0.81599	 0.03138	 -0.48160
	 0.39396	 -0.71869	 0.81599	 0.03138	 -0.48196
	 0.39406	 -0.71870	 0.81599	 0.03138	 -0.48194
	 0.39406	 -0.75361	 0.81599	 0.03138	 -0.47371
	 0.39412	 -0.61264	 0.80971	 0.03138	 0.00000
	 0.39396	 -0.75217	 0.81599	 0.03138	 -0.47345
	 0.39413	 -0.71877	 0.81498	 0.03138	 -0.47647
	 0.39406	 -0.71870	 0.81599	 0.03138	 -0.48194
	 0.39396	 -0.71285	 0.81599	 0.02052	 -0.47815
	 0.39406	 -0.71870	 0.81599	 0.03138	 -0.48194
	 0.39406	 -0.71833	 0.81599	 0.03138	 -0.48186
	 0.39406	 -0.71870	 0.81599	 0.03138	 -0.48194
	 0.39406	 -0.71870	 0.80148	 0.03138	 0.00000
	 0.39406	 -0.71870	 0.81606	 0.03138	 -0.47459
	 0.39405	 -0.69801	 0.81599	 0.03138	 -0.47733
	 0.39406	 -0.71870	 0.81599	 0.03138	 -0.48194
	 0.40186	 -0.71870	 0.81599	 0.03138	 -0.47981
	 0.39396	 -0.71870	 0.81599	 0.03138	 -0.48196
	 0.39406	 -0.71869	 0.81599	 0.03138	 -0.48194
	 0.37990	 -0.75526	 0.81494	 0.03138	 -0.47965
	 0.39396	 -0.71869	 0.81603	 0.03138	 -0.47443
	 0.39406	 -0.71870	 0.81599	 0.03138	 -0.48194
	 0.39406	 -0.71870	 0.81599	 0.03138	 -0.48194
	 0.39396	 -0.71870	 0.83592	 0.03138	 -0.35476
	 0.39406	 -0.87261	 0.86793	 0.08994	 -0.22655
	 0.39406	 -0.71869	 0.81599	 0.03138	 -0.48194
	 0.39406	 -0.71870	 0.81599	 0.03138	 -0.48194
	 0.42445	 -0.71869	 0.81498	 0.03138	 -0.46791
	 0.39406	 -0.75526	 0.81599	 0.03138	 -0.47403
	 0.39406	 -0.75624	 0.81495	 0.03138	 -0.48414
	 0.39413	 -0.71772	 0.81602	 0.03138	 -0.48186
	 0.39406	 -0.76897	 0.81599	 0.03138	 -0.46895
	 0.39406	 -0.71870	 0.81599	 0.03138	 -0.48194
	 0.39396	 -0.71870	 0.81599	 0.03138	 -0.48196
	 0.39396	 -0.77105	 0.81723	 0.03138	 -0.46007
	 0.39396	 -0.71870	 0.81599	 0.03138	 -0.48196
	 0.39396	 -0.71869	 0.81599	 0.03138	 -0.48196
	 0.39396	 -0.71870	 0.81599	 0.03138	 -0.47424
	 0.39405	 -0.71870	 0.81822	 0.03138	 -0.46233
	 0.39406	 -0.71869	 0.82595	 0.03138	 -0.40357
	 0.41115	 -0.71870	 0.81599	 0.03138	 -0.47708
	 0.39406	 -0.71870	 0.81599	 0.03138	 -0.48194
	 0.39396	 -0.71870	 0.81599	 0.03138	 -0.48196
	 0.39396	 -0.71870	 0.81599	 0.03138	 -0.48196
	 0.39396	 -0.71870	 0.81599	 0.01952	 -0.47207
	 0.39405	 -0.71870	 0.81599	 0.03138	 -0.48194
	 0.38857	 -0.70611	 0.81599	 0.03138	 -0.48051
	 0.39406	 -0.71870	 0.81076	 0.03138	 -0.44892
	 0.39406	 -0.86724	 0.81599	 0.01635	 -0.44464
	 0.39406	 -0.76556	 0.81495	 0.03138	 -0.47833
	 0.39396	 -0.76938	 0.81599	 0.03138	 -0.46905
	 0.42059	 -0.80815	 0.81490	 0.03138	 -0.46960
	 0.39396	 -0.71870	 0.81607	 0.03138	 -0.47467
	 0.39396	 -0.71870	 0.81599	 0.03138	 -0.48196
	 0.39396	 -0.71869	 0.81599	 0.10550	 0.00000
	 0.39413	 -0.84421	 0.81498	 0.03138	 -0.46919
	 0.39406	 -0.71870	 0.81599	 0.03138	 -0.48194
	 0.39413	 -0.75526	 0.83217	 0.03138	 -0.36400
	 0.39406	 -0.71870	 0.81599	 0.03138	 -0.48194
	 0.39406	 -0.75624	 0.81590	 0.03138	 -0.47378
	 0.39406	 -0.71870	 0.81504	 0.05826	 -0.46074
	 0.39405	 -0.71870	 0.84742	 0.03138	 -0.30397
	 0.39413	 -0.75526	 0.81498	 0.03138	 -0.48408
	 0.40175	 -0.71870	 0.81599	 0.03138	 -0.47985
	 0.39405	 -0.71870	 0.82182	 0.01483	 -0.42376
	 0.39406	 -0.71870	 0.81599	 0.03138	 -0.48194
	 0.39396	 -0.71870	 0.81599	 0.04413	 -0.47545
	 0.39406	 -0.72505	 0.80684	 0.03138	 -0.41800
	 0.39413	 -0.75526	 0.81498	 0.03138	 -0.48408
	 0.39413	 -0.75526	 0.81498	 0.03138	 -0.48408
	 0.39406	 -0.71870	 0.81226	 0.03138	 -0.45945
	 0.39406	 -0.71870	 0.81599	 0.03138	 -0.48194
	 0.39405	 -0.71870	 0.81599	 0.03138	 -0.48194
	 0.40629	 -0.71870	 0.80012	 0.03138	 0.00000
	 0.39406	 -0.71870	 0.81599	 0.03138	 -0.48194
	 0.39287	 -0.71870	 0.81599	 0.03828	 -0.47880
	 0.39427	 -0.71869	 0.81599	 0.01460	 -0.47418
	 0.39405	 -0.71870	 0.81121	 0.03138	 -0.45222
	 0.39405	 -0.71870	 0.84834	 0.03138	 -0.29889
	 0.39882	 -0.71869	 0.81484	 0.01860	 -0.48059
	 0.42821	 -0.75526	 0.81613	 0.03138	 -0.47117
	 0.43408	 -0.77931	 0.81599	 0.02024	 -0.46136
	 0.39396	 -0.71870	 0.81599	 0.03138	 -0.48196
	 0.39414	 -0.75526	 0.81493	 0.03138	 -0.48382
	 0.39395	 -0.71870	 0.80972	 0.03138	 -0.44091
	 0.39413	 -0.75526	 0.81498	 0.03138	 -0.48408
	 0.39413	 -0.75851	 0.81498	 0.03138	 -0.47709
	 0.39413	 -0.86471	 0.81162	 0.03138	 -0.48529
	 0.39396	 -0.71870	 0.81599	 0.03138	 -0.48196
	 0.39406	 -0.71870	 0.81599	 0.02287	 -0.47825
	 0.39413	 -0.75526	 0.81204	 0.03138	 -0.46705
	 0.39396	 -0.71870	 0.81441	 0.03138	 -0.47319
	 0.39396	 -0.71870	 0.81599	 0.03138	 -0.48196
	 0.42363	 -0.71869	 0.82256	 0.03138	 -0.42880
	 0.39406	 -0.75624	 0.83925	 0.03138	 -0.33332
	 0.38973	 -0.71727	 0.81600	 0.03138	 -0.47496
	 0.40985	 -0.75668	 0.81498	 0.03138	 -0.47963
	 0.39395	 -0.71870	 0.81612	 0.03138	 -0.47495
	 0.37747	 -0.75526	 0.81485	 0.03138	 -0.47964
	 0.39406	 -0.71870	 0.81599	 0.03138	 -0.48194
	 0.39406	 -0.75624	 0.80364	 0.03138	 -0.39632
	 0.38240	 -0.75526	 0.81498	 0.03138	 -0.47930
	 0.39396	 -0.71870	 0.81599	 0.03138	 -0.48196
	 0.38190	 -0.75526	 0.81498	 0.03138	 -0.47942
	 0.39406	 -0.71870	 0.81599	 0.03138	 -0.48194
	 0.39396	 -0.68317	 0.81599	 0.00433	 -0.47179
	 0.39405	 -0.71870	 0.81599	 0.03138	 -0.48194
	 0.40444	 -0.71870	 0.81599	 0.03138	 -0.47908
	 0.39406	 -0.71870	 0.81599	 0.03138	 -0.48194
	 0.39191	 -0.71870	 0.81599	 0.03138	 -0.47473
	 0.38157	 -0.77162	 0.81498	 0.03138	 -0.47495
	 0.39413	 -0.75526	 0.81502	 0.03138	 -0.47665
	 0.39406	 -0.71870	 0.81595	 0.03138	 -0.48174
	 0.38189	 -0.71870	 0.81599	 0.03138	 -0.47699
	 0.39396	 -0.82335	 0.81599	 0.03138	 -0.46317
