	 Inner loop 	221.005025126	0.0534667495467	-8.9785492409e-17	-0.92749488874	1.22139470118	-0.294	0.00010018756115	0.0
	 Inner loop 	221.005025126	0.0534667495467	-8.9785492409e-17	-0.92749488874	1.22139470118	-0.294	0.00010018756115	0.0
Outer loop 	1	0.0534667495467	0.0
	 Inner loop 	222.010050251	0.0534667495467	-8.9785492409e-17	-0.92749488874	1.22139470118	-0.294	0.00010018756115	0.0
	 Inner loop 	222.010050251	0.0534667495467	-8.9785492409e-17	-0.92749488874	1.22139470118	-0.294	0.00010018756115	0.0
Outer loop 	2	0.0534667495467	0.0
	 Inner loop 	223.015075377	0.0534667495467	-8.9785492409e-17	-0.92749488874	1.22139470118	-0.294	0.00010018756115	0.0
	 Inner loop 	223.015075377	0.0534667495467	-8.9785492409e-17	-0.92749488874	1.22139470118	-0.294	0.00010018756115	0.0
Outer loop 	3	0.0534667495467	0.0
	 Inner loop 	224.020100503	0.0534667495467	-8.9785492409e-17	-0.92749488874	1.22139470118	-0.294	0.00010018756115	0.0
	 Inner loop 	224.020100503	0.0534667495467	-8.9785492409e-17	-0.92749488874	1.22139470118	-0.294	0.00010018756115	0.0
Outer loop 	4	0.0534667495467	0.0
	 Inner loop 	225.025125628	0.0534667495467	-8.9785492409e-17	-0.92749488874	1.22139470118	-0.294	0.00010018756115	0.0
	 Inner loop 	225.025125628	0.0534667495467	-8.9785492409e-17	-0.92749488874	1.22139470118	-0.294	0.00010018756115	0.0
Outer loop 	5	0.0534667495467	0.0
	 Inner loop 	226.030150754	0.0534667495467	-8.9785492409e-17	-0.92749488874	1.22139470118	-0.294	0.00010018756115	0.0
	 Inner loop 	226.030150754	0.0534667495467	-8.9785492409e-17	-0.92749488874	1.22139470118	-0.294	0.00010018756115	0.0
Outer loop 	6	0.0534667495467	0.0
	 Inner loop 	227.035175879	0.0534667495467	-8.9785492409e-17	-0.92749488874	1.22139470118	-0.294	0.00010018756115	0.0
	 Inner loop 	227.035175879	0.0534667495467	-8.9785492409e-17	-0.92749488874	1.22139470118	-0.294	0.00010018756115	0.0
Outer loop 	7	0.0534667495467	0.0
	 Inner loop 	228.040201005	0.0534667495467	-8.9785492409e-17	-0.92749488874	1.22139470118	-0.294	0.00010018756115	0.0
	 Inner loop 	228.040201005	0.0534667495467	-8.9785492409e-17	-0.92749488874	1.22139470118	-0.294	0.00010018756115	0.0
Outer loop 	8	0.0534667495467	0.0
	 Inner loop 	229.045226131	0.0534667495467	-8.9785492409e-17	-0.92749488874	1.22139470118	-0.294	0.00010018756115	0.0
	 Inner loop 	229.045226131	0.0534667495467	-8.9785492409e-17	-0.92749488874	1.22139470118	-0.294	0.00010018756115	0.0
Outer loop 	9	0.0534667495467	0.0
	 Inner loop 	230.050251256	0.0534667495467	-8.9785492409e-17	-0.92749488874	1.22139470118	-0.294	0.00010018756115	0.0
	 Inner loop 	230.050251256	0.0534667495467	-8.9785492409e-17	-0.92749488874	1.22139470118	-0.294	0.00010018756115	0.0
Outer loop 	10	0.0534667495467	0.0
	 Inner loop 	231.055276382	0.0534667495467	-8.9785492409e-17	-0.92749488874	1.22139470118	-0.294	0.00010018756115	0.0
	 Inner loop 	231.055276382	0.0534667495467	-8.9785492409e-17	-0.92749488874	1.22139470118	-0.294	0.00010018756115	0.0
Outer loop 	11	0.0534667495467	0.0
	 Inner loop 	232.060301508	0.0534667495467	-8.9785492409e-17	-0.92749488874	1.22139470118	-0.294	0.00010018756115	0.0
	 Inner loop 	232.060301508	0.0534667495467	-8.9785492409e-17	-0.92749488874	1.22139470118	-0.294	0.00010018756115	0.0
Outer loop 	12	0.0534667495467	0.0
	 Inner loop 	233.065326633	0.0534667495467	-8.9785492409e-17	-0.92749488874	1.22139470118	-0.294	0.00010018756115	0.0
	 Inner loop 	233.065326633	0.0534667495467	-8.9785492409e-17	-0.92749488874	1.22139470118	-0.294	0.00010018756115	0.0
Outer loop 	13	0.0534667495467	0.0
	 Inner loop 	234.070351759	0.0534667495467	-8.9785492409e-17	-0.92749488874	1.22139470118	-0.294	0.00010018756115	0.0
	 Inner loop 	234.070351759	0.0534667495467	-8.9785492409e-17	-0.92749488874	1.22139470118	-0.294	0.00010018756115	0.0
Outer loop 	14	0.0534667495467	0.0
	 Inner loop 	235.075376884	0.0534667495467	-8.9785492409e-17	-0.92749488874	1.22139470118	-0.294	0.00010018756115	0.0
	 Inner loop 	235.075376884	0.0534667495467	-8.9785492409e-17	-0.92749488874	1.22139470118	-0.294	0.00010018756115	0.0
Outer loop 	15	0.0534667495467	0.0
	 Inner loop 	236.08040201	0.0534667495467	-8.9785492409e-17	-0.92749488874	1.22139470118	-0.294	0.00010018756115	0.0
	 Inner loop 	236.08040201	0.0534667495467	-8.9785492409e-17	-0.92749488874	1.22139470118	-0.294	0.00010018756115	0.0
Outer loop 	16	0.0534667495467	0.0
	 Inner loop 	237.085427136	0.0534667495467	-8.9785492409e-17	-0.92749488874	1.22139470118	-0.294	0.00010018756115	0.0
	 Inner loop 	237.085427136	0.0534667495467	-8.9785492409e-17	-0.92749488874	1.22139470118	-0.294	0.00010018756115	0.0
Outer loop 	17	0.0534667495467	0.0
	 Inner loop 	238.090452261	0.0534667495467	-8.9785492409e-17	-0.92749488874	1.22139470118	-0.294	0.00010018756115	0.0
	 Inner loop 	238.090452261	0.0534667495467	-8.9785492409e-17	-0.92749488874	1.22139470118	-0.294	0.00010018756115	0.0
Outer loop 	18	0.0534667495467	0.0
	 Inner loop 	239.095477387	0.0534667495467	-8.9785492409e-17	-0.92749488874	1.22139470118	-0.294	0.00010018756115	0.0
	 Inner loop 	239.095477387	0.0534667495467	-8.9785492409e-17	-0.92749488874	1.22139470118	-0.294	0.00010018756115	0.0
Outer loop 	19	0.0534667495467	0.0
	 Inner loop 	240.100502513	0.0534667495467	-8.9785492409e-17	-0.92749488874	1.22139470118	-0.294	0.00010018756115	0.0
	 Inner loop 	240.100502513	0.0534667495467	-8.9785492409e-17	-0.92749488874	1.22139470118	-0.294	0.00010018756115	0.0
Outer loop 	20	0.0534667495467	0.0
	 Inner loop 	241.105527638	0.0534667495467	-8.9785492409e-17	-0.92749488874	1.22139470118	-0.294	0.00010018756115	0.0
	 Inner loop 	241.105527638	0.0534667495467	-8.9785492409e-17	-0.92749488874	1.22139470118	-0.294	0.00010018756115	0.0
Outer loop 	21	0.0534667495467	0.0
	 Inner loop 	242.110552764	0.0534667495467	-8.9785492409e-17	-0.92749488874	1.22139470118	-0.294	0.00010018756115	0.0
	 Inner loop 	242.110552764	0.0534667495467	-8.9785492409e-17	-0.92749488874	1.22139470118	-0.294	0.00010018756115	0.0
Outer loop 	22	0.0534667495467	0.0
	 Inner loop 	243.115577889	0.0534667495467	-8.9785492409e-17	-0.92749488874	1.22139470118	-0.294	0.00010018756115	0.0
	 Inner loop 	243.115577889	0.0534667495467	-8.9785492409e-17	-0.92749488874	1.22139470118	-0.294	0.00010018756115	0.0
Outer loop 	23	0.0534667495467	0.0
	 Inner loop 	244.120603015	0.0534667495467	-8.9785492409e-17	-0.92749488874	1.22139470118	-0.294	0.00010018756115	0.0
	 Inner loop 	244.120603015	0.0534667495467	-8.9785492409e-17	-0.92749488874	1.22139470118	-0.294	0.00010018756115	0.0
Outer loop 	24	0.0534667495467	0.0
	 Inner loop 	245.125628141	0.0534667495467	-8.9785492409e-17	-0.92749488874	1.22139470118	-0.294	0.00010018756115	0.0
	 Inner loop 	245.125628141	0.0534667495467	-8.9785492409e-17	-0.92749488874	1.22139470118	-0.294	0.00010018756115	0.0
Outer loop 	25	0.0534667495467	0.0
	 Inner loop 	246.130653266	0.0534667495467	-8.9785492409e-17	-0.92749488874	1.22139470118	-0.294	0.00010018756115	0.0
	 Inner loop 	246.130653266	0.0534667495467	-8.9785492409e-17	-0.92749488874	1.22139470118	-0.294	0.00010018756115	0.0
Outer loop 	26	0.0534667495467	0.0
	 Inner loop 	247.135678392	0.0534667495467	-8.9785492409e-17	-0.92749488874	1.22139470118	-0.294	0.00010018756115	0.0
	 Inner loop 	247.135678392	0.0534667495467	-8.9785492409e-17	-0.92749488874	1.22139470118	-0.294	0.00010018756115	0.0
Outer loop 	27	0.0534667495467	0.0
	 Inner loop 	248.140703518	0.0534667495467	-8.9785492409e-17	-0.92749488874	1.22139470118	-0.294	0.00010018756115	0.0
	 Inner loop 	248.140703518	0.0534667495467	-8.9785492409e-17	-0.92749488874	1.22139470118	-0.294	0.00010018756115	0.0
Outer loop 	28	0.0534667495467	0.0
	 Inner loop 	249.145728643	0.0534667495467	-8.9785492409e-17	-0.92749488874	1.22139470118	-0.294	0.00010018756115	0.0
	 Inner loop 	249.145728643	0.0534667495467	-8.9785492409e-17	-0.92749488874	1.22139470118	-0.294	0.00010018756115	0.0
Outer loop 	29	0.0534667495467	0.0
	 Inner loop 	250.150753769	0.0534667495467	-8.9785492409e-17	-0.92749488874	1.22139470118	-0.294	0.00010018756115	0.0
	 Inner loop 	250.150753769	0.0534667495467	-8.9785492409e-17	-0.92749488874	1.22139470118	-0.294	0.00010018756115	0.0
Outer loop 	30	0.0534667495467	0.0
	 Inner loop 	251.155778894	0.0534667495467	-8.9785492409e-17	-0.92749488874	1.22139470118	-0.294	0.00010018756115	0.0
	 Inner loop 	251.155778894	0.0534667495467	-8.9785492409e-17	-0.92749488874	1.22139470118	-0.294	0.00010018756115	0.0
Outer loop 	31	0.0534667495467	0.0
	 Inner loop 	252.16080402	0.0534667495467	-8.9785492409e-17	-0.92749488874	1.22139470118	-0.294	0.00010018756115	0.0
	 Inner loop 	252.16080402	0.0534667495467	-8.9785492409e-17	-0.92749488874	1.22139470118	-0.294	0.00010018756115	0.0
Outer loop 	32	0.0534667495467	0.0
	 Inner loop 	253.165829146	0.0534667495467	-8.9785492409e-17	-0.92749488874	1.22139470118	-0.294	0.00010018756115	0.0
	 Inner loop 	253.165829146	0.0534667495467	-8.9785492409e-17	-0.92749488874	1.22139470118	-0.294	0.00010018756115	0.0
Outer loop 	33	0.0534667495467	0.0
	 Inner loop 	254.170854271	0.0534667495467	-8.9785492409e-17	-0.92749488874	1.22139470118	-0.294	0.00010018756115	0.0
	 Inner loop 	254.170854271	0.0534667495467	-8.9785492409e-17	-0.92749488874	1.22139470118	-0.294	0.00010018756115	0.0
Outer loop 	34	0.0534667495467	0.0
	 Inner loop 	255.175879397	0.0534667495467	-8.9785492409e-17	-0.92749488874	1.22139470118	-0.294	0.00010018756115	0.0
	 Inner loop 	255.175879397	0.0534667495467	-8.9785492409e-17	-0.92749488874	1.22139470118	-0.294	0.00010018756115	0.0
Outer loop 	35	0.0534667495467	0.0
	 Inner loop 	256.180904523	0.0534667495467	-8.9785492409e-17	-0.92749488874	1.22139470118	-0.294	0.00010018756115	0.0
	 Inner loop 	256.180904523	0.0534667495467	-8.9785492409e-17	-0.92749488874	1.22139470118	-0.294	0.00010018756115	0.0
Outer loop 	36	0.0534667495467	0.0
	 Inner loop 	257.185929648	0.0534667495467	-8.9785492409e-17	-0.92749488874	1.22139470118	-0.294	0.00010018756115	0.0
	 Inner loop 	257.185929648	0.0534667495467	-8.9785492409e-17	-0.92749488874	1.22139470118	-0.294	0.00010018756115	0.0
Outer loop 	37	0.0534667495467	0.0
	 Inner loop 	258.190954774	0.0534667495467	-8.9785492409e-17	-0.92749488874	1.22139470118	-0.294	0.00010018756115	0.0
	 Inner loop 	258.190954774	0.0534667495467	-8.9785492409e-17	-0.92749488874	1.22139470118	-0.294	0.00010018756115	0.0
Outer loop 	38	0.0534667495467	0.0
	 Inner loop 	259.195979899	0.0534667495467	-8.9785492409e-17	-0.92749488874	1.22139470118	-0.294	0.00010018756115	0.0
	 Inner loop 	259.195979899	0.0534667495467	-8.9785492409e-17	-0.92749488874	1.22139470118	-0.294	0.00010018756115	0.0
Outer loop 	39	0.0534667495467	0.0
	 Inner loop 	260.201005025	0.0534667495467	-8.9785492409e-17	-0.92749488874	1.22139470118	-0.294	0.00010018756115	0.0
	 Inner loop 	260.201005025	0.0534667495467	-8.9785492409e-17	-0.92749488874	1.22139470118	-0.294	0.00010018756115	0.0
Outer loop 	40	0.0534667495467	0.0
	 Inner loop 	261.206030151	0.0534667495467	-8.9785492409e-17	-0.92749488874	1.22139470118	-0.294	0.00010018756115	0.0
	 Inner loop 	261.206030151	0.0534667495467	-8.9785492409e-17	-0.92749488874	1.22139470118	-0.294	0.00010018756115	0.0
Outer loop 	41	0.0534667495467	0.0
	 Inner loop 	262.211055276	0.0534667495467	-8.9785492409e-17	-0.92749488874	1.22139470118	-0.294	0.00010018756115	0.0
	 Inner loop 	262.211055276	0.0534667495467	-8.9785492409e-17	-0.92749488874	1.22139470118	-0.294	0.00010018756115	0.0
Outer loop 	42	0.0534667495467	0.0
	 Inner loop 	263.216080402	0.0534667495467	-8.9785492409e-17	-0.92749488874	1.22139470118	-0.294	0.00010018756115	0.0
	 Inner loop 	263.216080402	0.0534667495467	-8.9785492409e-17	-0.92749488874	1.22139470118	-0.294	0.00010018756115	0.0
Outer loop 	43	0.0534667495467	0.0
	 Inner loop 	264.221105528	0.0534667495467	-8.9785492409e-17	-0.92749488874	1.22139470118	-0.294	0.00010018756115	0.0
	 Inner loop 	264.221105528	0.0534667495467	-8.9785492409e-17	-0.92749488874	1.22139470118	-0.294	0.00010018756115	0.0
Outer loop 	44	0.0534667495467	0.0
	 Inner loop 	265.226130653	0.0534667495467	-8.9785492409e-17	-0.92749488874	1.22139470118	-0.294	0.00010018756115	0.0
	 Inner loop 	265.226130653	0.0534667495467	-8.9785492409e-17	-0.92749488874	1.22139470118	-0.294	0.00010018756115	0.0
Outer loop 	45	0.0534667495467	0.0
	 Inner loop 	266.231155779	0.0534667495467	-8.9785492409e-17	-0.92749488874	1.22139470118	-0.294	0.00010018756115	0.0
	 Inner loop 	266.231155779	0.0534667495467	-8.9785492409e-17	-0.92749488874	1.22139470118	-0.294	0.00010018756115	0.0
Outer loop 	46	0.0534667495467	0.0
	 Inner loop 	267.236180905	0.0534667495467	-8.9785492409e-17	-0.92749488874	1.22139470118	-0.294	0.00010018756115	0.0
	 Inner loop 	267.236180905	0.0534667495467	-8.9785492409e-17	-0.92749488874	1.22139470118	-0.294	0.00010018756115	0.0
Outer loop 	47	0.0534667495467	0.0
	 Inner loop 	268.24120603	0.0534667495467	-8.9785492409e-17	-0.92749488874	1.22139470118	-0.294	0.00010018756115	0.0
	 Inner loop 	268.24120603	0.0534667495467	-8.9785492409e-17	-0.92749488874	1.22139470118	-0.294	0.00010018756115	0.0
Outer loop 	48	0.0534667495467	0.0
	 Inner loop 	269.246231156	0.0534667495467	-8.9785492409e-17	-0.92749488874	1.22139470118	-0.294	0.00010018756115	0.0
	 Inner loop 	269.246231156	0.0534667495467	-8.9785492409e-17	-0.92749488874	1.22139470118	-0.294	0.00010018756115	0.0
Outer loop 	49	0.0534667495467	0.0
	 Inner loop 	270.251256281	0.0534667495467	-8.9785492409e-17	-0.92749488874	1.22139470118	-0.294	0.00010018756115	0.0
	 Inner loop 	270.251256281	0.0534667495467	-8.9785492409e-17	-0.92749488874	1.22139470118	-0.294	0.00010018756115	0.0
Outer loop 	50	0.0534667495467	0.0
	 Inner loop 	271.256281407	0.0534667495467	-8.9785492409e-17	-0.92749488874	1.22139470118	-0.294	0.00010018756115	0.0
	 Inner loop 	271.256281407	0.0534667495467	-8.9785492409e-17	-0.92749488874	1.22139470118	-0.294	0.00010018756115	0.0
Outer loop 	51	0.0534667495467	0.0
	 Inner loop 	272.261306533	0.0534667495467	-8.9785492409e-17	-0.92749488874	1.22139470118	-0.294	0.00010018756115	0.0
	 Inner loop 	272.261306533	0.0534667495467	-8.9785492409e-17	-0.92749488874	1.22139470118	-0.294	0.00010018756115	0.0
Outer loop 	52	0.0534667495467	0.0
	 Inner loop 	273.266331658	0.0534667495467	-8.9785492409e-17	-0.92749488874	1.22139470118	-0.294	0.00010018756115	0.0
	 Inner loop 	273.266331658	0.0534667495467	-8.9785492409e-17	-0.92749488874	1.22139470118	-0.294	0.00010018756115	0.0
Outer loop 	53	0.0534667495467	0.0
	 Inner loop 	274.271356784	0.0534667495467	-8.9785492409e-17	-0.92749488874	1.22139470118	-0.294	0.00010018756115	0.0
	 Inner loop 	274.271356784	0.0534667495467	-8.9785492409e-17	-0.92749488874	1.22139470118	-0.294	0.00010018756115	0.0
Outer loop 	54	0.0534667495467	0.0
	 Inner loop 	275.27638191	0.0534667495467	-8.9785492409e-17	-0.92749488874	1.22139470118	-0.294	0.00010018756115	0.0
	 Inner loop 	275.27638191	0.0534667495467	-8.9785492409e-17	-0.92749488874	1.22139470118	-0.294	0.00010018756115	0.0
Outer loop 	55	0.0534667495467	0.0
	 Inner loop 	276.281407035	0.0534667495467	-8.9785492409e-17	-0.92749488874	1.22139470118	-0.294	0.00010018756115	0.0
	 Inner loop 	276.281407035	0.0534667495467	-8.9785492409e-17	-0.92749488874	1.22139470118	-0.294	0.00010018756115	0.0
Outer loop 	56	0.0534667495467	0.0
	 Inner loop 	277.286432161	0.0534667495467	-8.9785492409e-17	-0.92749488874	1.22139470118	-0.294	0.00010018756115	0.0
	 Inner loop 	277.286432161	0.0534667495467	-8.9785492409e-17	-0.92749488874	1.22139470118	-0.294	0.00010018756115	0.0
Outer loop 	57	0.0534667495467	0.0
	 Inner loop 	278.291457286	0.0534667495467	-8.9785492409e-17	-0.92749488874	1.22139470118	-0.294	0.00010018756115	0.0
	 Inner loop 	278.291457286	0.0534667495467	-8.9785492409e-17	-0.92749488874	1.22139470118	-0.294	0.00010018756115	0.0
Outer loop 	58	0.0534667495467	0.0
	 Inner loop 	279.296482412	0.0534667495467	-8.9785492409e-17	-0.92749488874	1.22139470118	-0.294	0.00010018756115	0.0
	 Inner loop 	279.296482412	0.0534667495467	-8.9785492409e-17	-0.92749488874	1.22139470118	-0.294	0.00010018756115	0.0
Outer loop 	59	0.0534667495467	0.0
	 Inner loop 	280.301507538	0.0534667495467	-8.9785492409e-17	-0.92749488874	1.22139470118	-0.294	0.00010018756115	0.0
	 Inner loop 	280.301507538	0.0534667495467	-8.9785492409e-17	-0.92749488874	1.22139470118	-0.294	0.00010018756115	0.0
Outer loop 	60	0.0534667495467	0.0
	 Inner loop 	281.306532663	0.0534667495467	-8.9785492409e-17	-0.92749488874	1.22139470118	-0.294	0.00010018756115	0.0
	 Inner loop 	281.306532663	0.0534667495467	-8.9785492409e-17	-0.92749488874	1.22139470118	-0.294	0.00010018756115	0.0
Outer loop 	61	0.0534667495467	0.0
	 Inner loop 	282.311557789	0.0534667495467	-8.9785492409e-17	-0.92749488874	1.22139470118	-0.294	0.00010018756115	0.0
	 Inner loop 	282.311557789	0.0534667495467	-8.9785492409e-17	-0.92749488874	1.22139470118	-0.294	0.00010018756115	0.0
Outer loop 	62	0.0534667495467	0.0
	 Inner loop 	283.316582915	0.0534667495467	-8.9785492409e-17	-0.92749488874	1.22139470118	-0.294	0.00010018756115	0.0
	 Inner loop 	283.316582915	0.0534667495467	-8.9785492409e-17	-0.92749488874	1.22139470118	-0.294	0.00010018756115	0.0
Outer loop 	63	0.0534667495467	0.0
	 Inner loop 	284.32160804	0.0534667495467	-8.9785492409e-17	-0.92749488874	1.22139470118	-0.294	0.00010018756115	0.0
	 Inner loop 	284.32160804	0.0534667495467	-8.9785492409e-17	-0.92749488874	1.22139470118	-0.294	0.00010018756115	0.0
Outer loop 	64	0.0534667495467	0.0
	 Inner loop 	285.326633166	0.0534667495467	-8.9785492409e-17	-0.92749488874	1.22139470118	-0.294	0.00010018756115	0.0
	 Inner loop 	285.326633166	0.0534667495467	-8.9785492409e-17	-0.92749488874	1.22139470118	-0.294	0.00010018756115	0.0
Outer loop 	65	0.0534667495467	0.0
	 Inner loop 	286.331658291	0.0534667495467	-8.9785492409e-17	-0.92749488874	1.22139470118	-0.294	0.00010018756115	0.0
	 Inner loop 	286.331658291	0.0534667495467	-8.9785492409e-17	-0.92749488874	1.22139470118	-0.294	0.00010018756115	0.0
Outer loop 	66	0.0534667495467	0.0
	 Inner loop 	287.336683417	0.0534667495467	-8.9785492409e-17	-0.92749488874	1.22139470118	-0.294	0.00010018756115	0.0
	 Inner loop 	287.336683417	0.0534667495467	-8.9785492409e-17	-0.92749488874	1.22139470118	-0.294	0.00010018756115	0.0
Outer loop 	67	0.0534667495467	0.0
	 Inner loop 	288.341708543	0.0534667495467	-8.9785492409e-17	-0.92749488874	1.22139470118	-0.294	0.00010018756115	0.0
	 Inner loop 	288.341708543	0.0534667495467	-8.9785492409e-17	-0.92749488874	1.22139470118	-0.294	0.00010018756115	0.0
Outer loop 	68	0.0534667495467	0.0
	 Inner loop 	289.346733668	0.0534667495467	-8.9785492409e-17	-0.92749488874	1.22139470118	-0.294	0.00010018756115	0.0
	 Inner loop 	289.346733668	0.0534667495467	-8.9785492409e-17	-0.92749488874	1.22139470118	-0.294	0.00010018756115	0.0
Outer loop 	69	0.0534667495467	0.0
	 Inner loop 	290.351758794	0.0534667495467	-8.9785492409e-17	-0.92749488874	1.22139470118	-0.294	0.00010018756115	0.0
	 Inner loop 	290.351758794	0.0534667495467	-8.9785492409e-17	-0.92749488874	1.22139470118	-0.294	0.00010018756115	0.0
Outer loop 	70	0.0534667495467	0.0
	 Inner loop 	291.35678392	0.0534667495467	-8.9785492409e-17	-0.92749488874	1.22139470118	-0.294	0.00010018756115	0.0
	 Inner loop 	291.35678392	0.0534667495467	-8.9785492409e-17	-0.92749488874	1.22139470118	-0.294	0.00010018756115	0.0
Outer loop 	71	0.0534667495467	0.0
	 Inner loop 	292.361809045	0.0534667495467	-8.9785492409e-17	-0.92749488874	1.22139470118	-0.294	0.00010018756115	0.0
	 Inner loop 	292.361809045	0.0534667495467	-8.9785492409e-17	-0.92749488874	1.22139470118	-0.294	0.00010018756115	0.0
Outer loop 	72	0.0534667495467	0.0
	 Inner loop 	293.366834171	0.0534667495467	-8.9785492409e-17	-0.92749488874	1.22139470118	-0.294	0.00010018756115	0.0
	 Inner loop 	293.366834171	0.0534667495467	-8.9785492409e-17	-0.92749488874	1.22139470118	-0.294	0.00010018756115	0.0
Outer loop 	73	0.0534667495467	0.0
	 Inner loop 	294.371859296	0.0534667495467	-8.9785492409e-17	-0.92749488874	1.22139470118	-0.294	0.00010018756115	0.0
	 Inner loop 	294.371859296	0.0534667495467	-8.9785492409e-17	-0.92749488874	1.22139470118	-0.294	0.00010018756115	0.0
Outer loop 	74	0.0534667495467	0.0
	 Inner loop 	295.376884422	0.0534667495467	-8.9785492409e-17	-0.92749488874	1.22139470118	-0.294	0.00010018756115	0.0
	 Inner loop 	295.376884422	0.0534667495467	-8.9785492409e-17	-0.92749488874	1.22139470118	-0.294	0.00010018756115	0.0
Outer loop 	75	0.0534667495467	0.0
	 Inner loop 	296.381909548	0.0534667495467	-8.9785492409e-17	-0.92749488874	1.22139470118	-0.294	0.00010018756115	0.0
	 Inner loop 	296.381909548	0.0534667495467	-8.9785492409e-17	-0.92749488874	1.22139470118	-0.294	0.00010018756115	0.0
Outer loop 	76	0.0534667495467	0.0
	 Inner loop 	297.386934673	0.0534667495467	-8.9785492409e-17	-0.92749488874	1.22139470118	-0.294	0.00010018756115	0.0
	 Inner loop 	297.386934673	0.0534667495467	-8.9785492409e-17	-0.92749488874	1.22139470118	-0.294	0.00010018756115	0.0
Outer loop 	77	0.0534667495467	0.0
	 Inner loop 	298.391959799	0.0534667495467	-8.9785492409e-17	-0.92749488874	1.22139470118	-0.294	0.00010018756115	0.0
	 Inner loop 	298.391959799	0.0534667495467	-8.9785492409e-17	-0.92749488874	1.22139470118	-0.294	0.00010018756115	0.0
Outer loop 	78	0.0534667495467	0.0
	 Inner loop 	299.396984925	0.0534667495467	-8.9785492409e-17	-0.92749488874	1.22139470118	-0.294	0.00010018756115	0.0
	 Inner loop 	299.396984925	0.0534667495467	-8.9785492409e-17	-0.92749488874	1.22139470118	-0.294	0.00010018756115	0.0
Outer loop 	79	0.0534667495467	0.0
	 Inner loop 	300.40201005	0.0534667495467	-8.9785492409e-17	-0.92749488874	1.22139470118	-0.294	0.00010018756115	0.0
	 Inner loop 	300.40201005	0.0534667495467	-8.9785492409e-17	-0.92749488874	1.22139470118	-0.294	0.00010018756115	0.0
Outer loop 	80	0.0534667495467	0.0
	 Inner loop 	301.407035176	0.0534667495467	-8.9785492409e-17	-0.92749488874	1.22139470118	-0.294	0.00010018756115	0.0
	 Inner loop 	301.407035176	0.0534667495467	-8.9785492409e-17	-0.92749488874	1.22139470118	-0.294	0.00010018756115	0.0
Outer loop 	81	0.0534667495467	0.0
	 Inner loop 	302.412060302	0.0534667495467	-8.9785492409e-17	-0.92749488874	1.22139470118	-0.294	0.00010018756115	0.0
	 Inner loop 	302.412060302	0.0534667495467	-8.9785492409e-17	-0.92749488874	1.22139470118	-0.294	0.00010018756115	0.0
Outer loop 	82	0.0534667495467	0.0
	 Inner loop 	303.417085427	0.0534667495467	-8.9785492409e-17	-0.92749488874	1.22139470118	-0.294	0.00010018756115	0.0
	 Inner loop 	303.417085427	0.0534667495467	-8.9785492409e-17	-0.92749488874	1.22139470118	-0.294	0.00010018756115	0.0
Outer loop 	83	0.0534667495467	0.0
	 Inner loop 	304.422110553	0.0534667495467	-8.9785492409e-17	-0.92749488874	1.22139470118	-0.294	0.00010018756115	0.0
	 Inner loop 	304.422110553	0.0534667495467	-8.9785492409e-17	-0.92749488874	1.22139470118	-0.294	0.00010018756115	0.0
Outer loop 	84	0.0534667495467	0.0
	 Inner loop 	305.427135678	0.0534667495467	-8.9785492409e-17	-0.92749488874	1.22139470118	-0.294	0.00010018756115	0.0
	 Inner loop 	305.427135678	0.0534667495467	-8.9785492409e-17	-0.92749488874	1.22139470118	-0.294	0.00010018756115	0.0
Outer loop 	85	0.0534667495467	0.0
	 Inner loop 	306.432160804	0.0534667495467	-8.9785492409e-17	-0.92749488874	1.22139470118	-0.294	0.00010018756115	0.0
	 Inner loop 	306.432160804	0.0534667495467	-8.9785492409e-17	-0.92749488874	1.22139470118	-0.294	0.00010018756115	0.0
Outer loop 	86	0.0534667495467	0.0
	 Inner loop 	307.43718593	0.0534667495467	-8.9785492409e-17	-0.92749488874	1.22139470118	-0.294	0.00010018756115	0.0
	 Inner loop 	307.43718593	0.0534667495467	-8.9785492409e-17	-0.92749488874	1.22139470118	-0.294	0.00010018756115	0.0
Outer loop 	87	0.0534667495467	0.0
	 Inner loop 	308.442211055	0.0534667495467	-8.9785492409e-17	-0.92749488874	1.22139470118	-0.294	0.00010018756115	0.0
	 Inner loop 	308.442211055	0.0534667495467	-8.9785492409e-17	-0.92749488874	1.22139470118	-0.294	0.00010018756115	0.0
Outer loop 	88	0.0534667495467	0.0
	 Inner loop 	309.447236181	0.0534667495467	-8.9785492409e-17	-0.92749488874	1.22139470118	-0.294	0.00010018756115	0.0
	 Inner loop 	309.447236181	0.0534667495467	-8.9785492409e-17	-0.92749488874	1.22139470118	-0.294	0.00010018756115	0.0
Outer loop 	89	0.0534667495467	0.0
	 Inner loop 	310.452261307	0.0534667495467	-8.9785492409e-17	-0.92749488874	1.22139470118	-0.294	0.00010018756115	0.0
	 Inner loop 	310.452261307	0.0534667495467	-8.9785492409e-17	-0.92749488874	1.22139470118	-0.294	0.00010018756115	0.0
Outer loop 	90	0.0534667495467	0.0
	 Inner loop 	311.457286432	0.0534667495467	-8.9785492409e-17	-0.92749488874	1.22139470118	-0.294	0.00010018756115	0.0
	 Inner loop 	311.457286432	0.0534667495467	-8.9785492409e-17	-0.92749488874	1.22139470118	-0.294	0.00010018756115	0.0
Outer loop 	91	0.0534667495467	0.0
	 Inner loop 	312.462311558	0.0534667495467	-8.9785492409e-17	-0.92749488874	1.22139470118	-0.294	0.00010018756115	0.0
	 Inner loop 	312.462311558	0.0534667495467	-8.9785492409e-17	-0.92749488874	1.22139470118	-0.294	0.00010018756115	0.0
Outer loop 	92	0.0534667495467	0.0
	 Inner loop 	313.467336683	0.0534667495467	-8.9785492409e-17	-0.92749488874	1.22139470118	-0.294	0.00010018756115	0.0
	 Inner loop 	313.467336683	0.0534667495467	-8.9785492409e-17	-0.92749488874	1.22139470118	-0.294	0.00010018756115	0.0
Outer loop 	93	0.0534667495467	0.0
	 Inner loop 	314.472361809	0.0534667495467	-8.9785492409e-17	-0.92749488874	1.22139470118	-0.294	0.00010018756115	0.0
	 Inner loop 	314.472361809	0.0534667495467	-8.9785492409e-17	-0.92749488874	1.22139470118	-0.294	0.00010018756115	0.0
Outer loop 	94	0.0534667495467	0.0
	 Inner loop 	315.477386935	0.0534667495467	-8.9785492409e-17	-0.92749488874	1.22139470118	-0.294	0.00010018756115	0.0
	 Inner loop 	315.477386935	0.0534667495467	-8.9785492409e-17	-0.92749488874	1.22139470118	-0.294	0.00010018756115	0.0
Outer loop 	95	0.0534667495467	0.0
	 Inner loop 	316.48241206	0.0534667495467	-8.9785492409e-17	-0.92749488874	1.22139470118	-0.294	0.00010018756115	0.0
	 Inner loop 	316.48241206	0.0534667495467	-8.9785492409e-17	-0.92749488874	1.22139470118	-0.294	0.00010018756115	0.0
Outer loop 	96	0.0534667495467	0.0
	 Inner loop 	317.487437186	0.0534667424003	-9.94238050645e-07	-0.927495882978	1.22139470118	-0.294	0.00010018756115	0.0
	 Inner loop 	317.487437186	0.053466743557	1.60928474475e-07	-0.927495081212	1.22139485112	-0.294	0.000100391021574	-7.82483534175e-08
	 Inner loop 	317.487437186	0.0534667433958	5.0679133199e-15	-0.927495192908	1.22139483023	-0.294	0.000100362677117	-6.73474271263e-08
	 Inner loop 	317.487437186	0.0534667433958	-1.65676933978e-15	-0.927495192908	1.22139483023	-0.294	0.000100362677114	-6.73474259903e-08
Outer loop 	97	0.0534667433958	-6.73474259903e-08
	 Inner loop 	318.492462312	0.0534667443922	9.9434911467e-07	-0.927494502727	1.22139495928	-0.294	0.000100537793044	-1.34694839327e-07
	 Inner loop 	318.492462312	0.0534667432344	-1.61075042067e-07	-0.92749530471	1.22139480933	-0.294	0.000100334309999	-5.64377857095e-08
	 Inner loop 	318.492462312	0.0534667433958	1.72767616186e-15	-0.927495192908	1.22139483023	-0.294	0.000100362677108	-6.73474238768e-08
	 Inner loop 	318.492462312	0.0534667433958	4.64010069517e-15	-0.927495192908	1.22139483023	-0.294	0.000100362677114	-6.73474261489e-08
Outer loop 	98	0.0534667433958	-6.7347428421e-08
	 Inner loop 	319.497487437	0.0534667433958	1.95429338944e-14	-0.927495192908	1.22139483023	-0.294	0.00010036267712	-6.7347428421e-08
	 Inner loop 	319.497487437	0.0534667433958	-4.13066119937e-15	-0.927495192908	1.22139483023	-0.294	0.000100362677114	-6.73474261489e-08
Outer loop 	99	0.0534667433958	-6.73474261489e-08
	 Inner loop 	320.502512563	0.0534667433958	-1.01258655323e-14	-0.927495192908	1.22139483023	-0.294	0.000100362677114	-6.73474261489e-08
	 Inner loop 	320.502512563	0.0534667433958	5.32275504055e-16	-0.927495192908	1.22139483023	-0.294	0.000100362677114	-6.73474261489e-08
Outer loop 	100	0.0534667433958	-6.73474261489e-08
	 Inner loop 	321.507537688	0.0534667433958	2.64169925084e-15	-0.927495192908	1.22139483023	-0.294	0.000100362677114	-6.73474261489e-08
	 Inner loop 	321.507537688	0.0534667433958	-2.44880613183e-16	-0.927495192908	1.22139483023	-0.294	0.000100362677114	-6.73474261489e-08
Outer loop 	101	0.0534667433958	-6.73474261489e-08
	 Inner loop 	322.512562814	0.0534667433958	-1.24408133535e-15	-0.927495192908	1.22139483023	-0.294	0.000100362677114	-6.73474261489e-08
	 Inner loop 	322.512562814	0.0534667433958	-2.44880613183e-16	-0.927495192908	1.22139483023	-0.294	0.000100362677114	-6.73474261489e-08
Outer loop 	102	0.0534667433958	-6.73474261489e-08
	 Inner loop 	323.51758794	0.0534667433958	-2.44880613183e-16	-0.927495192908	1.22139483023	-0.294	0.000100362677114	-6.73474261489e-08
	 Inner loop 	323.51758794	0.0534667433958	-2.44880613183e-16	-0.927495192908	1.22139483023	-0.294	0.000100362677114	-6.73474261489e-08
Outer loop 	103	0.0534667433958	-6.73474261489e-08
	 Inner loop 	324.522613065	0.0534667433958	-2.44880613183e-16	-0.927495192908	1.22139483023	-0.294	0.000100362677114	-6.73474261489e-08
	 Inner loop 	324.522613065	0.0534667433958	-2.44880613183e-16	-0.927495192908	1.22139483023	-0.294	0.000100362677114	-6.73474261489e-08
Outer loop 	104	0.0534667433958	-6.73474261489e-08
	 Inner loop 	325.527638191	0.0534667433958	-2.44880613183e-16	-0.927495192908	1.22139483023	-0.294	0.000100362677114	-6.73474261489e-08
	 Inner loop 	325.527638191	0.0534667433958	-2.44880613183e-16	-0.927495192908	1.22139483023	-0.294	0.000100362677114	-6.73474261489e-08
Outer loop 	105	0.0534667433958	-6.73474261489e-08
	 Inner loop 	326.532663317	0.0534667433958	-2.44880613183e-16	-0.927495192908	1.22139483023	-0.294	0.000100362677114	-6.73474261489e-08
	 Inner loop 	326.532663317	0.0534667433958	-2.44880613183e-16	-0.927495192908	1.22139483023	-0.294	0.000100362677114	-6.73474261489e-08
Outer loop 	106	0.0534667433958	-6.73474261489e-08
	 Inner loop 	327.537688442	0.0534667433958	-2.44880613183e-16	-0.927495192908	1.22139483023	-0.294	0.000100362677114	-6.73474261489e-08
	 Inner loop 	327.537688442	0.0534667433958	-2.44880613183e-16	-0.927495192908	1.22139483023	-0.294	0.000100362677114	-6.73474261489e-08
Outer loop 	107	0.0534667433958	-6.73474261489e-08
	 Inner loop 	328.542713568	0.0534667433958	-2.44880613183e-16	-0.927495192908	1.22139483023	-0.294	0.000100362677114	-6.73474261489e-08
	 Inner loop 	328.542713568	0.0534667433958	-2.44880613183e-16	-0.927495192908	1.22139483023	-0.294	0.000100362677114	-6.73474261489e-08
Outer loop 	108	0.0534667433958	-6.73474261489e-08
	 Inner loop 	329.547738693	0.0534667433958	-2.44880613183e-16	-0.927495192908	1.22139483023	-0.294	0.000100362677114	-6.73474261489e-08
	 Inner loop 	329.547738693	0.0534667433958	-2.44880613183e-16	-0.927495192908	1.22139483023	-0.294	0.000100362677114	-6.73474261489e-08
Outer loop 	109	0.0534667433958	-6.73474261489e-08
	 Inner loop 	330.552763819	0.0534667433958	-2.44880613183e-16	-0.927495192908	1.22139483023	-0.294	0.000100362677114	-6.73474261489e-08
	 Inner loop 	330.552763819	0.0534667433958	-2.44880613183e-16	-0.927495192908	1.22139483023	-0.294	0.000100362677114	-6.73474261489e-08
Outer loop 	110	0.0534667433958	-6.73474261489e-08
	 Inner loop 	331.557788945	0.0534667433958	-2.44880613183e-16	-0.927495192908	1.22139483023	-0.294	0.000100362677114	-6.73474261489e-08
	 Inner loop 	331.557788945	0.0534667433958	-2.44880613183e-16	-0.927495192908	1.22139483023	-0.294	0.000100362677114	-6.73474261489e-08
Outer loop 	111	0.0534667433958	-6.73474261489e-08
	 Inner loop 	332.56281407	0.0534667433958	-2.44880613183e-16	-0.927495192908	1.22139483023	-0.294	0.000100362677114	-6.73474261489e-08
	 Inner loop 	332.56281407	0.0534667433958	-2.44880613183e-16	-0.927495192908	1.22139483023	-0.294	0.000100362677114	-6.73474261489e-08
Outer loop 	112	0.0534667433958	-6.73474261489e-08
	 Inner loop 	333.567839196	0.0534667433958	-2.44880613183e-16	-0.927495192908	1.22139483023	-0.294	0.000100362677114	-6.73474261489e-08
	 Inner loop 	333.567839196	0.0534667433958	-2.44880613183e-16	-0.927495192908	1.22139483023	-0.294	0.000100362677114	-6.73474261489e-08
Outer loop 	113	0.0534667433958	-6.73474261489e-08
	 Inner loop 	334.572864322	0.0534667433958	-2.44880613183e-16	-0.927495192908	1.22139483023	-0.294	0.000100362677114	-6.73474261489e-08
	 Inner loop 	334.572864322	0.0534667433958	-2.44880613183e-16	-0.927495192908	1.22139483023	-0.294	0.000100362677114	-6.73474261489e-08
Outer loop 	114	0.0534667433958	-6.73474261489e-08
	 Inner loop 	335.577889447	0.0534667433958	-2.44880613183e-16	-0.927495192908	1.22139483023	-0.294	0.000100362677114	-6.73474261489e-08
	 Inner loop 	335.577889447	0.0534667433958	-2.44880613183e-16	-0.927495192908	1.22139483023	-0.294	0.000100362677114	-6.73474261489e-08
Outer loop 	115	0.0534667433958	-6.73474261489e-08
	 Inner loop 	336.582914573	0.0534653844254	-0.000189065753514	-0.927684258661	1.22139483023	-0.294	0.000100362677114	-6.73474261489e-08
	 Inner loop 	336.582914573	0.0534656024953	3.03400127683e-05	-0.927532054908	1.22142334265	-0.293999999967	0.000139052233712	-1.49468706722e-05
	 Inner loop 	336.582914573	0.0534655723428	2.36233946223e-10	-0.927553102275	1.22141940008	-0.293999999976	0.000133702411651	-1.28893955105e-05
	 Inner loop 	336.582914573	0.0534655723425	-3.79051569321e-11	-0.927553102465	1.22141940004	-0.293999999976	0.000133702363314	-1.28893769207e-05
Outer loop 	116	0.0534655723425	-1.28893794915e-05
	 Inner loop 	337.587939698	0.0534657620148	0.000189322798212	-0.927421687323	1.22144396909	-0.293999999903	0.000167040930004	-2.57109758655e-05
	 Inner loop 	337.587939698	0.0534655416201	-3.06631122789e-05	-0.927574386232	1.22141542059	-0.293999999983	0.000128302509918	-1.08126603283e-05
	 Inner loop 	337.587939698	0.0534655723427	2.04866267857e-10	-0.927553102297	1.22141940007	-0.293999999976	0.000133702406067	-1.28893933629e-05
	 Inner loop 	337.587939698	0.0534655723425	-3.31869114709e-11	-0.927553102462	1.22141940004	-0.293999999976	0.00013370236414	-1.28893772383e-05
Outer loop 	117	0.0534655723425	-1.28893794876e-05
	 Inner loop 	338.592964824	0.0534655723425	-3.86258950172e-14	-0.927553102439	1.22141940004	-0.293999999976	0.000133702369986	-1.28893794864e-05
	 Inner loop 	338.592964824	0.0534655723425	4.47661656008e-15	-0.927553102439	1.22141940004	-0.293999999976	0.000133702369992	-1.28893794887e-05
Outer loop 	118	0.0534655723425	-1.28893794887e-05
	 Inner loop 	339.59798995	0.0534655723425	-4.29414533445e-15	-0.927553102439	1.22141940004	-0.293999999976	0.000133702369992	-1.28893794887e-05
	 Inner loop 	339.59798995	0.0534655723425	-4.08364748267e-16	-0.927553102439	1.22141940004	-0.293999999976	0.000133702369992	-1.28893794887e-05
Outer loop 	119	0.0534655723425	-1.28893794887e-05
	 Inner loop 	340.603015075	0.0534655723425	-1.40756547043e-15	-0.927553102439	1.22141940004	-0.293999999976	0.000133702369992	-1.28893794887e-05
	 Inner loop 	340.603015075	0.0534655723425	-4.08364748267e-16	-0.927553102439	1.22141940004	-0.293999999976	0.000133702369992	-1.28893794887e-05
Outer loop 	120	0.0534655723425	-1.28893794887e-05
	 Inner loop 	341.608040201	0.0534655723425	-4.08364748267e-16	-0.927553102439	1.22141940004	-0.293999999976	0.000133702369992	-1.28893794887e-05
	 Inner loop 	341.608040201	0.0534655723425	-4.08364748267e-16	-0.927553102439	1.22141940004	-0.293999999976	0.000133702369992	-1.28893794887e-05
Outer loop 	121	0.0534655723425	-1.28893794887e-05
	 Inner loop 	342.613065327	0.0534655723425	-4.08364748267e-16	-0.927553102439	1.22141940004	-0.293999999976	0.000133702369992	-1.28893794887e-05
	 Inner loop 	342.613065327	0.0534655723425	-4.08364748267e-16	-0.927553102439	1.22141940004	-0.293999999976	0.000133702369992	-1.28893794887e-05
Outer loop 	122	0.0534655723425	-1.28893794887e-05
	 Inner loop 	343.618090452	0.0534603014071	-0.000733339895011	-0.928286442334	1.22141940004	-0.293999999976	0.000133702369992	-1.28893794887e-05
	 Inner loop 	343.618090452	0.0534610852435	0.000109071030099	-0.92770466053	1.22152997983	-0.293999999267	0.000283750999855	-7.05962201042e-05
	 Inner loop 	343.618090452	0.0534609838455	1.05233558283e-08	-0.927779982722	1.2215156653	-0.293999999414	0.000264327354653	-6.31261272491e-05
	 Inner loop 	343.618090452	0.0534609838343	-1.56392522424e-09	-0.92777999107	1.22151566372	-0.293999999414	0.000264325201879	-6.31252993193e-05
Outer loop 	123	0.0534609838357	-6.31254064388e-05
	 Inner loop 	344.623115578	0.0534617266406	0.000741937475416	-0.927264911688	1.22161191607	-0.293999998111	0.00039493120508	-0.000113354747046
	 Inner loop 	344.623115578	0.0534608635616	-0.000120092706531	-0.927863355205	1.22150008116	-0.293999999555	0.000243180896029	-5.4993461736e-05
	 Inner loop 	344.623115578	0.053460983839	3.14149802043e-09	-0.927779987803	1.22151566433	-0.293999999414	0.00026432603034	-6.3125617935e-05
	 Inner loop 	344.623115578	0.0534609838353	-5.08659552141e-10	-0.927779990337	1.22151566385	-0.293999999414	0.000264325387672	-6.31253707728e-05
Outer loop 	124	0.0534609838358	-6.31254052147e-05
	 Inner loop 	345.628140704	0.0534544495158	-0.00090923437203	-0.92868922435	1.22151566392	-0.293999999414	0.000264325474035	-6.31254039868e-05
	 Inner loop 	345.628140704	0.0534552986514	0.000118177505609	-0.927984865535	1.22165272944	-0.293999997335	0.000450310932045	-0.000134653102654
	 Inner loop 	345.628140704	0.0534552012254	3.18681454249e-08	-0.928065861324	1.22163696741	-0.29399999765	0.000428923434793	-0.000126427736676
	 Inner loop 	345.628140704	0.0534552011957	-4.13282333518e-09	-0.928065886005	1.22163696261	-0.29399999765	0.000428916917679	-0.000126425230275
Outer loop 	125	0.0534552011991	-0.000126425518003
	 Inner loop 	346.633165829	0.053449543793	1.7431360643e-05	-0.928334299955	1.22175824377	-0.293999994709	0.000593482256188	-0.000189715016851
	 Inner loop 	346.633165829	0.0534495299328	-1.92924544298e-06	-0.928347470624	1.22175561748	-0.293999994785	0.000589918688049	-0.000188344512777
	 Inner loop 	346.633165829	0.0534495313141	1.55449207109e-11	-0.928346158181	1.22175587918	-0.293999994778	0.000590273792187	-0.00018848108142
	 Inner loop 	346.633165829	0.053449531314	-1.7211895971e-12	-0.928346158193	1.22175587918	-0.293999994778	0.000590273789007	-0.000188481080197
Outer loop 	126	0.0534495313141	-0.00018848108032
	 Inner loop 	347.638190955	0.0534400507759	-0.000530506185851	-0.929156896114	1.22187477731	-0.293999990774	0.000751603393567	-0.00025052644366
	 Inner loop 	347.638190955	0.0534403606472	4.31439904482e-05	-0.928771561587	1.22195467708	-0.293999987447	0.000860015943934	-0.000292220564896
	 Inner loop 	347.638190955	0.0534403374603	1.61521449684e-08	-0.92880052841	1.22194866875	-0.293999987715	0.000851863530062	-0.00028908524771
	 Inner loop 	347.638190955	0.0534403374509	-1.30743851769e-09	-0.928800540136	1.22194866631	-0.293999987715	0.000851860229756	-0.000289083978453
Outer loop 	127	0.0534403374516	-0.000289084073498
	 Inner loop 	348.64321608	0.0534252422597	-0.000821865790692	-0.930076672402	1.2221414068	-0.29399997768	0.00111337749265	-0.000389660271763
	 Inner loop 	348.64321608	0.0534254638406	3.08643827819e-05	-0.929515466146	1.22226509762	-0.293999969674	0.00128120258024	-0.000454203717375
	 Inner loop 	348.64321608	0.0534254560121	2.6495655741e-08	-0.929535754942	1.22226062173	-0.293999969985	0.00127512968803	-0.000451868158409
	 Inner loop 	348.64321608	0.0534254560051	-9.7213744563e-10	-0.929535773013	1.22226061775	-0.293999969985	0.00127512427893	-0.000451866078138
Outer loop 	128	0.0534254560053	-0.000451866151766
	 Inner loop 	349.648241206	0.0534018695757	-0.00121304667722	-0.931483754633	1.22257244627	-0.293999944477	0.00169820616555	-0.000614578120365
	 Inner loop 	349.648241206	0.0534016680984	-2.80830895294e-05	-0.930728557863	1.22275479502	-0.293999925955	0.00194560570496	-0.000709724912458
	 Inner loop 	349.648241206	0.0534016629646	-5.02050833875e-08	-0.930710706397	1.22275911498	-0.293999925484	0.00195146669404	-0.000711978976109
	 Inner loop 	349.648241206	0.0534016629556	-1.25171497386e-09	-0.930710675224	1.22275912253	-0.293999925483	0.00195147692933	-0.000711982912472
Outer loop 	129	0.0534016629554	-0.000711983013125
	 Inner loop 	350.653266332	0.0533657532525	-0.00169006201697	-0.933574879511	1.22325731376	-0.293999861139	0.00262736487815	-0.000971921028352
	 Inner loop 	350.653266332	0.0533645314088	-0.000170485505012	-0.93265294628	1.22351089805	-0.293999820761	0.00297138348521	-0.00110422631461
	 Inner loop 	350.653266332	0.0533643903345	-5.64509325817e-07	-0.932550038232	1.22353933225	-0.293999815912	0.00300995738155	-0.00111906135635
	 Inner loop 	350.653266332	0.0533643899133	-5.87760049524e-08	-0.932549732004	1.22353941691	-0.293999815898	0.00301007222033	-0.00111910552192
	 Inner loop 	350.653266332	0.0533643898643	-6.32436811254e-14	-0.932549696415	1.22353942674	-0.293999815896	0.00301008556682	-0.00111911065482
	 Inner loop 	350.653266332	0.0533643898643	-9.44036515627e-15	-0.932549696415	1.22353942674	-0.293999815896	0.00301008556683	-0.00111911065482
Outer loop 	130	0.0533643898643	-0.00111911065482
	 Inner loop 	351.658291457	0.0533113093536	-0.00220808754499	-0.936594949442	1.22431896324	-0.293999657774	0.0040675564341	-0.00152580082486
	 Inner loop 	351.658291457	0.0533082770492	-0.00042376549716	-0.935589205294	1.22464933145	-0.293999576097	0.00451568444408	-0.00169814529525
	 Inner loop 	351.658291457	0.0533075410115	-2.27666587288e-06	-0.935352471076	1.22472772754	-0.293999555433	0.00462202230008	-0.00173904151479
	 Inner loop 	351.658291457	0.0533075378024	-4.48513363374e-07	-0.935351444978	1.22472806788	-0.293999555342	0.00462248393118	-0.00173921905238
	 Inner loop 	351.658291457	0.0533075370151	-2.49469108565e-12	-0.93535119324	1.22472815137	-0.29399955532	0.00462259718627	-0.00173926260888
	 Inner loop 	351.658291457	0.0533075370151	-4.97602826999e-13	-0.935351193239	1.22472815137	-0.29399955532	0.00462259718677	-0.00173926260907
Outer loop 	131	0.0533075370151	-0.00173926260912
	 Inner loop 	352.663316583	0.0532314306106	-0.00269537669421	-0.940843769032	1.22591509926	-0.293999182378	0.0062324754592	-0.00235840181056
	 Inner loop 	352.663316583	0.0532258659846	-0.000779442284012	-0.939874152332	1.22631666505	-0.293999030705	0.00677707570453	-0.00256784830524
	 Inner loop 	352.663316583	0.0532235617727	-5.90677475751e-06	-0.939485160226	1.2264798459	-0.293998965388	0.00699837294222	-0.00265295647607
	 Inner loop 	352.663316583	0.0532235492948	-1.74817628784e-06	-0.939483072852	1.22648072482	-0.293998965031	0.00699956488343	-0.00265341488187
	 Inner loop 	352.663316583	0.0532235440493	-2.93605825416e-11	-0.939482195397	1.2264810943	-0.293998964881	0.00700006594599	-0.00265360758431
	 Inner loop 	352.663316583	0.0532235440492	-8.68485231648e-12	-0.939482195386	1.22648109431	-0.293998964881	0.00700006595192	-0.00265360758659
Outer loop 	132	0.0532235440492	-0.00265360758755
	 Inner loop 	353.668341709	0.0531176602284	-0.00307432428924	-0.946678210186	1.22823018786	-0.293998130951	0.00937182898469	-0.00356575821026
	 Inner loop 	353.668341709	0.0531092507471	-0.0011817528007	-0.945858342259	1.22868542043	-0.293997873823	0.009989042852	-0.00380313100266
	 Inner loop 	353.668341709	0.0531039267476	-1.10059778398e-05	-0.945356414592	1.22896925654	-0.293997705128	0.0103738571991	-0.00395112582416
	 Inner loop 	353.668341709	0.0531038960519	-4.31523934193e-06	-0.945353557693	1.22897088357	-0.293997704142	0.0103760630257	-0.00395197415771
	 Inner loop 	353.668341709	0.0531038762535	-1.45338902371e-10	-0.945351715248	1.22897193293	-0.293997703507	0.0103774856815	-0.00395252129346
	 Inner loop 	353.668341709	0.0531038762531	-5.69896317637e-11	-0.945351715211	1.22897193295	-0.293997703507	0.0103774857106	-0.00395252130466
Outer loop 	133	0.0531038762528	-0.00395252131189
	 Inner loop 	354.673366834	0.0529608804683	-0.00329060824726	-0.954493137684	1.23145503936	-0.29399595291	0.0137434429823	-0.00524702669248
	 Inner loop 	354.673366834	0.0529499046965	-0.00154924321854	-0.953890165673	1.23193820132	-0.293995555092	0.0143982762245	-0.00549886742953
	 Inner loop 	354.673366834	0.0529400412524	-1.56395787678e-05	-0.95336751135	1.23236727958	-0.293995186193	0.0149797783863	-0.00572250594328
	 Inner loop 	354.673366834	0.052939988284	-7.48094591728e-06	-0.953364751917	1.23236957118	-0.293995184184	0.0149828839719	-0.00572370031293
	 Inner loop 	354.673366834	0.052939939713	-3.61748552988e-10	-0.953362222011	1.23237167242	-0.293995182341	0.0149857315702	-0.0057247954639
	 Inner loop 	354.673366834	0.0529399397118	-1.73043617629e-10	-0.953362221947	1.23237167247	-0.29399518234	0.014985731642	-0.00572479549153
Outer loop 	134	0.0529399397107	-0.00572479551686
	 Inner loop 	355.67839196	0.0527525169695	-0.00333232657008	-0.964670443606	1.23575710615	-0.293991755719	0.0195727666071	-0.00748891220403
	 Inner loop 	355.67839196	0.0527397320195	-0.00181517302831	-0.9642931423	1.23624095702	-0.293991191385	0.0202282036382	-0.00774098515077
	 Inner loop 	355.67839196	0.0527243317916	-1.7881405687e-05	-0.96385673366	1.23681864253	-0.293990493186	0.0210107029149	-0.00804192466008
	 Inner loop 	355.67839196	0.052724262417	-9.85735062049e-06	-0.963854810976	1.23682123254	-0.293990489996	0.0210142110803	-0.00804327385695
	 Inner loop 	355.67839196	0.052724177189	-5.23610113601e-10	-0.963852449444	1.23682441427	-0.293990486076	0.0210185207232	-0.00804493129212
	 Inner loop 	355.67839196	0.0527241771869	-2.88670660292e-10	-0.963852449388	1.23682441435	-0.293990486076	0.021018520826	-0.00804493133163
Outer loop 	135	0.0527241771844	-0.00804493138017
	 Inner loop 	356.683417085	0.0524858293235	-0.00322832169353	-0.977512138563	1.2412528309	-0.293984249502	0.0270152354729	-0.0103511933526
	 Inner loop 	356.683417085	0.0524721640111	-0.00195451507497	-0.97732689461	1.24171499507	-0.293983508737	0.0276408931981	-0.0105918135479
	 Inner loop 	356.683417085	0.0524511077806	-1.73541344492e-05	-0.977056166489	1.24242251583	-0.293982341817	0.0285986383407	-0.010960150442
	 Inner loop 	356.683417085	0.0524510337579	-1.05973666263e-05	-0.977055245325	1.24242499349	-0.29398233766	0.0286019921243	-0.0109614402656
	 Inner loop 	356.683417085	0.0524509176574	-5.06913226672e-10	-0.977053800956	1.24242887943	-0.293982331141	0.028607252157	-0.0109634632089
	 Inner loop 	356.683417085	0.0524509176553	-3.09563808615e-10	-0.977053800929	1.24242887951	-0.293982331141	0.028607252255	-0.0109634632466
Outer loop 	136	0.0524509176519	-0.0109634633057
	 Inner loop 	357.688442211	0.0521566492214	-0.00303013547807	-0.993193026258	1.24799522101	-0.29397176081	0.0361394305842	-0.0138602455412
	 Inner loop 	357.688442211	0.052142912283	-0.0019824150102	-0.993149406974	1.2484216224	-0.293970849686	0.0367162192545	-0.0140820713047
	 Inner loop 	357.688442211	0.0521168586015	-1.505543886e-05	-0.993077371766	1.24922650714	-0.293969090533	0.0378048997204	-0.014500764299
	 Inner loop 	357.688442211	0.0521167900093	-9.90932778903e-06	-0.993077200152	1.24922861968	-0.293969085849	0.0378077569915	-0.0145018631699
	 Inner loop 	357.688442211	0.052116657927	-3.74020640848e-10	-0.993076869952	1.24923268753	-0.293969076827	0.0378132588719	-0.0145039791248
	 Inner loop 	357.688442211	0.0521166579253	-2.46186758479e-10	-0.993076869948	1.24923268759	-0.293969076827	0.0378132589428	-0.0145039791521
Outer loop 	137	0.052116657922	-0.0145039792047
	 Inner loop 	358.693467337	0.0517635331378	-0.00274976303077	-1.01175634535	1.25598101962	-0.293952305341	0.0469778680465	-0.0180128352453
	 Inner loop 	358.693467337	0.0517504870942	-0.00190253260087	-1.0118056811	1.25636026121	-0.293951255851	0.0474941431362	-0.0182099427839
	 Inner loop 	358.693467337	0.0517211576728	-1.17660006658e-05	-1.01192347229	1.25720988582	-0.293948863372	0.0486506838441	-0.0186514959339
	 Inner loop 	358.693467337	0.051721101681	-8.17452225436e-06	-1.01192370608	1.25721150394	-0.293948858761	0.0486528863797	-0.0186523368352
	 Inner loop 	358.693467337	0.0517209742381	-2.16146232856e-10	-1.01192423833	1.25721518689	-0.293948848266	0.0486578994932	-0.0186542507808
	 Inner loop 	358.693467337	0.0517209742371	-1.50169661428e-10	-1.01192423834	1.25721518692	-0.293948848266	0.0486578995337	-0.0186542507963
Outer loop 	138	0.0517209742347	-0.0186542508314
	 Inner loop 	359.698492462	0.0513082316927	-0.00251629644591	-1.03313085269	1.26512242366	-0.293923844304	0.0594159768857	-0.0227615536442
	 Inner loop 	359.698492462	0.0512958991008	-0.00181993965495	-1.03323625191	1.26546166737	-0.293922661204	0.059877306092	-0.0229376835139
	 Inner loop 	359.698492462	0.0512636557156	-9.31207048919e-06	-1.03351615741	1.26634624463	-0.293919533616	0.0610801343332	-0.0233969086802
	 Inner loop 	359.698492462	0.0512636099952	-6.75475654073e-06	-1.03351655869	1.26634749653	-0.293919529146	0.0610818365521	-0.0233975585666
	 Inner loop 	359.698492462	0.0512634892317	-1.27749394396e-10	-1.03351761866	1.26635080321	-0.293919517339	0.0610863326652	-0.0233992751278
	 Inner loop 	359.698492462	0.0512634892311	-9.26670823409e-11	-1.03351761867	1.26635080323	-0.293919517339	0.0610863326886	-0.0233992751367
Outer loop 	139	0.0512634892294	-0.0233992751603
	 Inner loop 	360.703517588	0.0507904759674	-0.00232094198432	-1.05719599785	1.27538942541	-0.293884026649	0.0733696571002	-0.0280888987271
	 Inner loop 	360.703517588	0.0507788513375	-0.00173815976845	-1.05733410299	1.27569455941	-0.293882716463	0.0737841002738	-0.0282471280809
	 Inner loop 	360.703517588	0.0507441844503	-7.46144432696e-06	-1.05774858825	1.27660258225	-0.293878774346	0.0750173189035	-0.0287179559272
	 Inner loop 	360.703517588	0.0507441470431	-5.59975229292e-06	-1.05774903759	1.27660356049	-0.293878770064	0.0750186474143	-0.0287184631364
	 Inner loop 	360.703517588	0.0507440345266	-7.71703118074e-11	-1.05775038918	1.2766065029	-0.293878757184	0.0750226433897	-0.0287199887511
	 Inner loop 	360.703517588	0.0507440345262	-5.79170322812e-11	-1.05775038919	1.27660650291	-0.293878757184	0.0750226434034	-0.0287199887564
Outer loop 	140	0.050744034525	-0.0287199887722
	 Inner loop 	361.708542714	0.050210483344	-0.00213741638952	-1.08382837999	1.28674211778	-0.29383036331	0.0887792091333	-0.0339720779309
	 Inner loop 	361.708542714	0.0501996290702	-0.00164637322674	-1.08398304909	1.28701553956	-0.293828946415	0.0891500827135	-0.0341136729448
	 Inner loop 	361.708542714	0.0501632517233	-5.97050424558e-06	-1.08450286468	1.28793028596	-0.293824163638	0.090390771855	-0.0345873529415
	 Inner loop 	361.708542714	0.050163221391	-4.60606989128e-06	-1.08450329903	1.28793104767	-0.293824159628	0.0903918049214	-0.0345877473537
	 Inner loop 	361.708542714	0.0501631189952	-4.65987665121e-11	-1.08450476533	1.28793361904	-0.293824146091	0.0903952923347	-0.0345890788056
	 Inner loop 	361.708542714	0.050163118995	-3.59557106311e-11	-1.08450476533	1.28793361904	-0.293824146091	0.0903952923428	-0.0345890788086
Outer loop 	141	0.0501631189942	-0.034589078819
	 Inner loop 	362.713567839	0.0495692903865	-0.00198834814328	-1.11289771131	1.2991170312	-0.293760390003	0.105552721969	-0.0403760007494
	 Inner loop 	362.713567839	0.0495591131408	-0.00156756362831	-1.11306000995	1.29936403979	-0.293758871799	0.105887278332	-0.0405037302924
	 Inner loop 	362.713567839	0.0495212222175	-4.89462603631e-06	-1.1136649493	1.30028231158	-0.29375318614	0.107130929243	-0.0409785410567
	 Inner loop 	362.713567839	0.0495211971632	-3.86339934438e-06	-1.11366534965	1.30028291805	-0.293753182363	0.107131750569	-0.040978854629
	 Inner loop 	362.713567839	0.0495211032994	-2.96917074261e-11	-1.11366684953	1.30028519014	-0.293753168213	0.107134827578	-0.0409800293933
	 Inner loop 	362.713567839	0.0495211032992	-2.34372937724e-11	-1.11366684953	1.30028519014	-0.293753168213	0.107134827583	-0.0409800293952
Outer loop 	142	0.0495211032987	-0.0409800294024
	 Inner loop 	363.718592965	0.0488671366093	-0.00187046301706	-1.1442917715	1.3124693493	-0.293671524374	0.123623483551	-0.0472751973328
	 Inner loop 	363.718592965	0.0488575306873	-0.00150384307207	-1.14445666358	1.31269461667	-0.293669906508	0.123928110348	-0.047391500132
	 Inner loop 	363.718592965	0.0488181242212	-9.17312744975e-06	-1.14513272519	1.31361678346	-0.293663242566	0.125170011168	-0.0478675711779
	 Inner loop 	363.718592965	0.048818077052	-7.39275291353e-06	-1.14513353407	1.31361788544	-0.293663234563	0.125171490447	-0.0478681400471
	 Inner loop 	363.718592965	0.0488178811896	-1.00024377669e-10	-1.14513689286	1.31362246121	-0.293663201332	0.125177632883	-0.0478705021712
	 Inner loop 	363.718592965	0.048817881189	-8.061604162e-11	-1.14513689287	1.31362246122	-0.293663201332	0.125177632899	-0.0478705021774
Outer loop 	143	0.0488178811869	-0.0478705022032
	 Inner loop 	364.72361809	0.0481027122124	-0.00190212694935	-1.17792093686	1.32676871529	-0.29356104982	0.142811144446	-0.0546516146925
	 Inner loop 	364.72361809	0.0480929326183	-0.00155747356068	-1.17809705639	1.32699045729	-0.293559212482	0.143108338024	-0.0547659029377
	 Inner loop 	364.72361809	0.0480487773716	-4.10729438921e-06	-1.17889204731	1.32799039524	-0.293550880045	0.144448424827	-0.0552812443865
	 Inner loop 	364.72361809	0.0480487562625	-3.36575889262e-06	-1.17889242729	1.32799087279	-0.293550876047	0.14444906479	-0.0552814904896
	 Inner loop 	364.72361809	0.0480486604509	-1.91325288945e-11	-1.17889415197	1.32799304034	-0.293550857901	0.144451969507	-0.0552826075227
	 Inner loop 	364.72361809	0.0480486604508	-1.56763213521e-11	-1.17889415197	1.32799304034	-0.293550857901	0.14445196951	-0.0552826075238
Outer loop 	144	0.0480486604503	-0.055282607529
	 Inner loop 	365.728643216	0.0472688367497	-0.00171891413719	-1.21384454732	1.34214688893	-0.293424672033	0.16340341628	-0.0625705429143
	 Inner loop 	365.728643216	0.047260028126	-0.0014283434707	-1.21400849203	1.34234052374	-0.293422839209	0.163662464031	-0.0626701618667
	 Inner loop 	365.728643216	0.0472167657831	-3.21277324841e-06	-1.21481325565	1.34329053315	-0.29341380545	0.164933315177	-0.0631588781717
	 Inner loop 	365.728643216	0.0472167493272	-2.67130962678e-06	-1.21481356163	1.3432908942	-0.293413802003	0.164933798125	-0.0631590638937
	 Inner loop 	365.728643216	0.0472166681424	-1.12073961223e-11	-1.21481507115	1.34329267539	-0.293413785001	0.164936180744	-0.0631599801492
	 Inner loop 	365.728643216	0.0472166681424	-9.31929533543e-12	-1.21481507115	1.3432926754	-0.293413785001	0.164936180746	-0.0631599801499
Outer loop 	145	0.0472166681421	-0.0631599801531
	 Inner loop 	366.733668342	0.0463746043007	-0.0016634593636	-1.25181730243	1.35835244705	-0.293261372055	0.185062768071	-0.0708998255475
	 Inner loop 	366.733668342	0.0463661280184	-0.0014002685645	-1.25197845914	1.35853333357	-0.293259436358	0.185304293357	-0.0709927060914
	 Inner loop 	366.733668342	0.0463210722763	-2.88723851327e-06	-1.25283447198	1.35949390695	-0.293249115423	0.186586793211	-0.0714859020032
	 Inner loop 	366.733668342	0.0463210575728	-2.43165595867e-06	-1.25283475116	1.35949422017	-0.293249112046	0.186587211379	-0.0714860628133
	 Inner loop 	366.733668342	0.0463209790932	-8.69485039523e-12	-1.25283624129	1.35949589197	-0.293249094022	0.18658944333	-0.0714869211285
	 Inner loop 	366.733668342	0.0463209790932	-7.32391924885e-12	-1.25283624129	1.35949589197	-0.293249094022	0.186589443331	-0.071486921129
Outer loop 	146	0.0463209790929	-0.0714869211316
	 Inner loop 	367.738693467	0.0454156956139	-0.00161539525191	-1.2918400506	1.37543666666	-0.293067596501	0.207855585192	-0.0796632692256
	 Inner loop 	367.738693467	0.0454075342489	-0.0013743717416	-1.2919973307	1.37560605279	-0.293065564653	0.208082470818	-0.0797500670989
	 Inner loop 	367.738693467	0.0453610395159	-2.59924574275e-06	-1.29289259296	1.37657017186	-0.29305395844	0.209373780295	-0.0802440733439
	 Inner loop 	367.738693467	0.0453610263924	-2.2123675828e-06	-1.29289284547	1.37657044378	-0.293053955157	0.20937414448	-0.0802442126674
	 Inner loop 	367.738693467	0.0453609513454	-6.73713862476e-12	-1.29289428948	1.37657199878	-0.293053936381	0.209376227072	-0.0802450093883
	 Inner loop 	367.738693467	0.0453609513454	-5.73507907831e-12	-1.29289428948	1.37657199878	-0.293053936381	0.209376227073	-0.0802450093887
Outer loop 	147	0.0453609513452	-0.0802450093908
	 Inner loop 	368.743718593	0.0443923095289	-0.00147919791113	-1.33384561266	1.3933640016	-0.292840560289	0.231842973443	-0.0888399381901
	 Inner loop 	368.743718593	0.0443849057731	-0.0012715708458	-1.33398914273	1.39351343471	-0.292838566331	0.232042703505	-0.0889163473699
	 Inner loop 	368.743718593	0.044339603163	-2.09190040554e-06	-1.33486662664	1.39442708135	-0.292826338706	0.233263792099	-0.089383489757
	 Inner loop 	368.743718593	0.0443395926994	-1.79887725399e-06	-1.33486682917	1.39442729223	-0.292826335876	0.233264073932	-0.0893835975754
	 Inner loop 	368.743718593	0.044339528463	-4.1849024246e-12	-1.33486807246	1.39442858686	-0.292826318505	0.233265804103	-0.0893842594737
	 Inner loop 	368.743718593	0.044339528463	-3.59595686561e-12	-1.33486807246	1.39442858686	-0.292826318505	0.233265804104	-0.0893842594739
Outer loop 	148	0.0443395284629	-0.0893842594753
	 Inner loop 	369.748743719	0.0433092750903	-0.00154698750187	-1.37765095797	1.41198254907	-0.292579268204	0.256700689602	-0.098349561748
	 Inner loop 	369.748743719	0.0433016147383	-0.00134220882167	-1.37779958253	1.41213304004	-0.292577050891	0.256901384562	-0.0984263400616
	 Inner loop 	369.748743719	0.0432514534663	-2.19206201063e-06	-1.37877184995	1.41311770873	-0.292562501357	0.258214450521	-0.098928669515
	 Inner loop 	369.748743719	0.0432514426197	-1.90247380721e-06	-1.37877206001	1.4131179215	-0.292562498205	0.258214734241	-0.0989287780559
	 Inner loop 	369.748743719	0.0432513713621	-4.42895720099e-12	-1.37877344001	1.41311931934	-0.292562477499	0.258216598165	-0.0989294911225
	 Inner loop 	369.748743719	0.0432513713621	-3.84042797563e-12	-1.37877344001	1.41311931934	-0.292562477499	0.258216598165	-0.0989294911227
Outer loop 	149	0.0432513713619	-0.0989294911241
	 Inner loop 	370.753768844	0.0421547201073	-0.00151881726082	-1.42341031599	1.43148732441	-0.292277885563	0.282682059875	-0.10828905294
	 Inner loop 	370.753768844	0.0421472895361	-0.00132883658887	-1.42355394042	1.43162948622	-0.292275585603	0.282871203215	-0.10836141204
	 Inner loop 	370.753768844	0.0420953656107	-2.01762678181e-06	-1.42455654834	1.43262216416	-0.292259484042	0.284191850595	-0.108866641859
	 Inner loop 	370.753768844	0.0420953557473	-1.76571066168e-06	-1.42455673863	1.43262235261	-0.292259480978	0.284192101285	-0.108866737764
	 Inner loop 	370.753768844	0.0420952866141	-3.56836782345e-12	-1.42455807234	1.43262367344	-0.292259459505	0.2841938584	-0.10886740997
	 Inner loop 	370.753768844	0.0420952866141	-3.12372350209e-12	-1.42455807234	1.43262367344	-0.292259459505	0.284193858401	-0.10886740997
Outer loop 	150	0.042095286614	-0.108867409971
	 Inner loop 	371.75879397	0.040929941389	-0.00169060129912	-1.47099810409	1.45178616991	-0.291934431792	0.309455764667	-0.118608469289
	 Inner loop 	371.75879397	0.0409217678602	-0.00149239656961	-1.47115466989	1.45193834139	-0.291931742936	0.309655674863	-0.118685734243
	 Inner loop 	371.75879397	0.0408602922271	-2.39751601955e-06	-1.47233083929	1.4530819662	-0.291911481008	0.311157956581	-0.119266363593
	 Inner loop 	371.75879397	0.0408602806464	-2.11695714386e-06	-1.47233106062	1.45308218148	-0.291911477184	0.311158239363	-0.119266472888
	 Inner loop 	371.75879397	0.0408601932641	-4.78694861528e-12	-1.47233273067	1.45308380591	-0.291911448336	0.311160373088	-0.119267297569
	 Inner loop 	371.75879397	0.0408601932641	-4.22556434287e-12	-1.47233273067	1.45308380591	-0.291911448336	0.311160373089	-0.11926729757
Outer loop 	151	0.0408601932639	-0.119267297571
	 Inner loop 	372.763819095	0.0396169315127	-0.0015234148693	-1.52068501159	1.47317834687	-0.29153986953	0.337523119371	-0.129456454556
	 Inner loop 	372.763819095	0.0396096725913	-0.001353971745	-1.52082244372	1.47331007758	-0.291537336812	0.337695731207	-0.12952316874
	 Inner loop 	372.763819095	0.0395517264118	-1.83552313493e-06	-1.52191829651	1.47436093556	-0.291517087499	0.339072612925	-0.130055331202
	 Inner loop 	372.763819095	0.0395517176731	-1.63167611245e-06	-1.5219184616	1.47436109394	-0.291517084441	0.339072820431	-0.130055411403
	 Inner loop 	372.763819095	0.0395516477249	-2.64804844718e-12	-1.52191978311	1.47436236169	-0.291517059964	0.339074481384	-0.130056053358
	 Inner loop 	372.763819095	0.0395516477249	-2.3535617899e-12	-1.52191978311	1.47436236169	-0.291517059964	0.339074481384	-0.130056053358
Outer loop 	152	0.0395516477248	-0.130056053359
	 Inner loop 	373.768844221	0.0382356078948	-0.00142804086486	-1.57200212436	1.49525680066	-0.291097879953	0.366415162786	-0.140623180619
	 Inner loop 	373.768844221	0.0382289073317	-0.0012769410935	-1.57212710304	1.4953754075	-0.291095410788	0.366570165232	-0.140683088803
	 Inner loop 	373.768844221	0.038172334008	-1.50750211153e-06	-1.57318115054	1.49637620305	-0.291074535978	0.367877975962	-0.141188555445
	 Inner loop 	373.768844221	0.0381723269403	-1.34819750991e-06	-1.57318128209	1.49637632801	-0.291074533367	0.367878139247	-0.141188618555
	 Inner loop 	373.768844221	0.0381722671265	-1.68265401612e-12	-1.57318239542	1.49637738555	-0.29107451127	0.367879521132	-0.141189152651
	 Inner loop 	373.768844221	0.0381722671265	-1.50407464261e-12	-1.57318239542	1.49637738555	-0.29107451127	0.367879521132	-0.141189152651
Outer loop 	153	0.0381722671265	-0.141189152652
	 Inner loop 	374.773869347	0.036781969984	-0.00212547978626	-1.62485271855	1.51799314678	-0.290606164735	0.39534025672	-0.152091652123
	 Inner loop 	374.773869347	0.0367721218278	-0.00191776610119	-1.62503244687	1.51816269132	-0.290602359624	0.395554349069	-0.15217705438
	 Inner loop 	374.773869347	0.0366813276334	-3.14653501871e-06	-1.62668655166	1.51972441234	-0.290567213701	0.397526206486	-0.152963635843
	 Inner loop 	374.773869347	0.0366813130729	-2.83954638425e-06	-1.62668681651	1.51972466259	-0.290567208055	0.397526522426	-0.152963761873
	 Inner loop 	374.773869347	0.036681178394	-6.82426337661e-12	-1.62668926625	1.51972697732	-0.290567155835	0.397529444763	-0.152964927604
	 Inner loop 	374.773869347	0.0366811783939	-6.16251494279e-12	-1.62668926625	1.51972697732	-0.290567155835	0.397529444764	-0.152964927604
Outer loop 	154	0.0366811783936	-0.152964927607
	 Inner loop 	375.778894472	0.0351827649148	-0.00145896554645	-1.68048715012	1.54264114367	-0.290031637144	0.426418678041	-0.164488953222
	 Inner loop 	375.778894472	0.0351761254492	-0.00132260357536	-1.68060544379	1.54275267851	-0.290028939991	0.4265591017	-0.164544968757
	 Inner loop 	375.778894472	0.0351117910565	-1.33573338928e-06	-1.68175024149	1.54383279611	-0.290002775215	0.42791888486	-0.165087391459
	 Inner loop 	375.778894472	0.0351117849832	-1.21100651912e-06	-1.68175034944	1.54383289803	-0.290002772742	0.427919013151	-0.165087442634
	 Inner loop 	375.778894472	0.0351117260162	-1.13947740132e-12	-1.68175139754	1.54383388751	-0.290002748735	0.427920258758	-0.165087939512
	 Inner loop 	375.778894472	0.0351117260162	-1.03661523809e-12	-1.68175139754	1.54383388751	-0.290002748735	0.427920258758	-0.165087939512
Outer loop 	155	0.0351117260162	-0.165087939512
	 Inner loop 	376.783919598	0.0335368071037	-0.00111341439777	-1.7369842611	1.5674907969	-0.289409209954	0.457789259751	-0.176950500895
	 Inner loop 	376.783919598	0.0335318427609	-0.00101120190118	-1.73707051722	1.56757244423	-0.289407093922	0.457893965012	-0.176991383839
	 Inner loop 	376.783919598	0.0334827651891	-6.79384624114e-07	-1.73792240812	1.56837928175	-0.289386158444	0.458928605421	-0.177395366839
	 Inner loop 	376.783919598	0.0334827621619	-6.17051738483e-07	-1.73792246061	1.5683793315	-0.289386157151	0.458928669212	-0.177395391747
	 Inner loop 	376.783919598	0.0334827321952	-2.89102075612e-13	-1.73792298031	1.56837982397	-0.289386144359	0.458929300698	-0.177395638315
	 Inner loop 	376.783919598	0.0334827321952	-2.58904009343e-13	-1.73792298031	1.56837982397	-0.289386144359	0.458929300698	-0.177395638315
Outer loop 	156	0.0334827321952	-0.177395638315
	 Inner loop 	377.788944724	0.0318507289814	-0.000626480963851	-1.79413868598	1.59247329294	-0.288740227907	0.489779139989	-0.189441186253
	 Inner loop 	377.788944724	0.0318479864802	-0.000570942479438	-1.79418487377	1.59251740269	-0.288739008699	0.489835537299	-0.189463207
	 Inner loop 	377.788944724	0.0318198044407	-1.83730997083e-07	-1.79465922258	1.59297057824	-0.288726475041	0.490414935656	-0.189689437374
	 Inner loop 	377.788944724	0.0318198036367	-1.67446609689e-07	-1.79465923611	1.59297059116	-0.288726474683	0.490414952182	-0.189689443827
	 Inner loop 	377.788944724	0.0318197953694	-1.3933298959e-14	-1.79465937519	1.59297072408	-0.288726471005	0.490415122113	-0.189689510178
	 Inner loop 	377.788944724	0.0318197953694	-1.05471187339e-14	-1.79465937519	1.59297072408	-0.288726471005	0.490415122113	-0.189689510178
Outer loop 	157	0.0318197953694	-0.189689510178
	 Inner loop 	378.793969849	0.0301522273563	-0.000984543675236	-1.85131339358	1.61712084476	-0.28803822835	0.521246233494	-0.201727745665
	 Inner loop 	378.793969849	0.0301479951996	-0.000899764198636	-1.85138222402	1.61718751241	-0.288036273441	0.52133122085	-0.201760929607
	 Inner loop 	378.793969849	0.030103106816	-3.68207849322e-07	-1.85211155221	1.61789439884	-0.288015526716	0.522232311881	-0.202112767265
	 Inner loop 	378.793969849	0.0301031052341	-3.36507268273e-07	-1.85211157789	1.61789442374	-0.288015525984	0.522232343625	-0.202112779659
	 Inner loop 	378.793969849	0.0301030884423	-4.20774526333e-14	-1.85211185047	1.6178946881	-0.288015518219	0.522232680592	-0.202112911231
	 Inner loop 	378.793969849	0.0301030884423	-3.96349619791e-14	-1.85211185047	1.6178946881	-0.288015518219	0.522232680592	-0.202112911231
Outer loop 	158	0.0301030884423	-0.202112911231
	 Inner loop 	379.798994975	0.0283780542671	-0.00180777346928	-1.90930784484	1.64237918255	-0.287276072705	0.552396961535	-0.2142811856
	 Inner loop 	379.798994975	0.028370395165	-0.00166288506553	-1.90942670481	1.64249692414	-0.28727241937	0.552539314969	-0.214339614607
	 Inner loop 	379.798994975	0.0282825932784	-8.55909229047e-07	-1.91078645439	1.64384592996	-0.287230495551	0.554170164079	-0.215008997078
	 Inner loop 	379.798994975	0.0282825896562	-7.87301949523e-07	-1.91078651038	1.64384598558	-0.28723049382	0.554170231319	-0.215009024677
	 Inner loop 	379.798994975	0.0282825480892	-2.25486296301e-13	-1.91078715288	1.6438466239	-0.287230473954	0.554171002935	-0.215009341387
	 Inner loop 	379.798994975	0.0282825480892	-2.03947969624e-13	-1.91078715288	1.6438466239	-0.287230473954	0.554171002935	-0.215009341387
Outer loop 	159	0.0282825480892	-0.215009341387
	 Inner loop 	380.804020101	0.0264572515584	-0.00105525422265	-1.96891362551	1.66933662886	-0.286415478942	0.584937221369	-0.227637344314
	 Inner loop 	380.804020101	0.0264528719195	-0.000971762615274	-1.96897787135	1.66940264276	-0.286413312225	0.585016778201	-0.227669998438
	 Inner loop 	380.804020101	0.0264019303171	-1.44772678845e-07	-1.96972412404	1.67017025427	-0.286388096407	0.585941821408	-0.22804968268
	 Inner loop 	380.804020101	0.0264019297166	-1.33314531525e-07	-1.96972413283	1.67017026332	-0.286388096109	0.585941832309	-0.228049687154
	 Inner loop 	380.804020101	0.0264019227302	3.03090885723e-14	-1.96972423505	1.67017036856	-0.286388092649	0.585941959134	-0.228049739209
	 Inner loop 	380.804020101	0.0264019227302	2.76445533132e-14	-1.96972423505	1.67017036856	-0.286388092649	0.585941959134	-0.228049739209
Outer loop 	160	0.0264019227302	-0.228049739209
	 Inner loop 	381.809045226	0.0245174328252	-0.000875617292171	-2.0277811329	1.69603307431	-0.285515824585	0.616388265882	-0.240821977629
	 Inner loop 	381.809045226	0.024513846315	-0.000812653991981	-2.02782980344	1.69608576577	-0.285514002684	0.616445386358	-0.240847959127
	 Inner loop 	381.809045226	0.0244675826836	8.8417717703e-08	-2.02845671432	1.69676529329	-0.285490490571	0.617182000019	-0.241183011077
	 Inner loop 	381.809045226	0.0244675830456	8.20551389058e-08	-2.02845670942	1.69676528797	-0.285490490755	0.617181994257	-0.241183008456
	 Inner loop 	381.809045226	0.0244675877134	-1.1990408666e-14	-2.02845664625	1.69676521942	-0.285490493128	0.617181919955	-0.241182974659
	 Inner loop 	381.809045226	0.0244675877134	-1.11022302463e-14	-2.02845664625	1.69676521942	-0.285490493128	0.617181919955	-0.241182974659
Outer loop 	161	0.0244675877134	-0.241182974659
	 Inner loop 	382.814070352	0.0225244252106	-0.00204169556314	-2.08585275997	1.72290341597	-0.284563305663	0.645470954109	-0.254050365731
	 Inner loop 	382.814070352	0.0225162443408	-0.0018923099167	-2.08595376637	1.7230216968	-0.284559009427	0.645598769078	-0.254108502929
	 Inner loop 	382.814070352	0.0224127472465	1.34017601439e-06	-2.0872263255	1.72451739497	-0.284504604409	0.647214875119	-0.25484359584
	 Inner loop 	382.814070352	0.0224127526093	1.24187290762e-06	-2.08722625982	1.7245173175	-0.28450460723	0.647214791422	-0.254843557769
	 Inner loop 	382.814070352	0.0224128203585	5.46562795023e-13	-2.08722543002	1.72451633883	-0.284504642876	0.64721373406	-0.254843076824
	 Inner loop 	382.814070352	0.0224128203585	5.05151476204e-13	-2.08722543002	1.72451633883	-0.284504642876	0.64721373406	-0.254843076824
Outer loop 	162	0.0224128203585	-0.254843076824
	 Inner loop 	383.819095477	0.0203629269433	0.00115182666138	-2.14377435897	1.75178554615	-0.283487594194	0.676628233679	-0.268222390791
	 Inner loop 	383.819095477	0.0203674292281	0.00106394565291	-2.14372658328	1.75172140913	-0.283490041969	0.676559161767	-0.268190973129
	 Inner loop 	383.819095477	0.0204219737911	7.56542237856e-07	-2.1431459586	1.75094424158	-0.283519681618	0.675722155181	-0.267810257018
	 Inner loop 	383.819095477	0.0204219767505	6.9893196919e-07	-2.14314592701	1.75094419941	-0.283519683225	0.675722109758	-0.267810236357
	 Inner loop 	383.819095477	0.0204220126536	2.69229083472e-13	-2.14314554371	1.75094368776	-0.283519702726	0.675721558684	-0.267809985699
	 Inner loop 	383.819095477	0.0204220126536	2.47246667584e-13	-2.14314554371	1.75094368776	-0.283519702726	0.675721558684	-0.267809985699
Outer loop 	163	0.0204220126536	-0.267809985699
	 Inner loop 	384.824120603	0.018447179948	0.00384494615569	-2.19612466126	1.77694597585	-0.2825072751	0.705530906672	-0.280529045971
	 Inner loop 	384.824120603	0.0184617896159	0.00351580808833	-2.19599894881	1.77673894851	-0.282515504191	0.705291312577	-0.280427931302
	 Inner loop 	384.824120603	0.0186181635071	1.05238089521e-05	-2.194633379	1.77452204553	-0.28260345482	0.702725312095	-0.279345015251
	 Inner loop 	384.824120603	0.0186182035856	9.6294916313e-06	-2.19463302436	1.77452147711	-0.282603477331	0.702724654072	-0.279344737549
	 Inner loop 	384.824120603	0.0186186351299	7.75245423412e-11	-2.19462920559	1.77451535658	-0.282603719722	0.702717568815	-0.279341747395
	 Inner loop 	384.824120603	0.0186186351302	7.09355907347e-11	-2.19462920559	1.77451535657	-0.282603719722	0.70271756881	-0.279341747393
Outer loop 	164	0.0186186351333	-0.279341747371
	 Inner loop 	385.829145729	0.0168274720551	0.00298368951531	-2.24269231149	1.79775668546	-0.281666401445	0.729585716989	-0.290680774455
	 Inner loop 	385.829145729	0.016838564127	0.00270922340742	-2.24262351985	1.79760034244	-0.281672819199	0.72940522001	-0.290604600239
	 Inner loop 	385.829145729	0.0169482195521	8.67594755716e-06	-2.24192995133	1.79605447371	-0.28173619415	0.727620347723	-0.289851339723
	 Inner loop 	385.829145729	0.0169482518642	7.88357213521e-06	-2.24192974338	1.79605401811	-0.281736212806	0.727619821643	-0.289851117704
	 Inner loop 	385.829145729	0.0169485733476	7.27463644878e-11	-2.24192767425	1.79604948525	-0.281736398419	0.727614587489	-0.289848908761
	 Inner loop 	385.829145729	0.0169485733478	6.61003474178e-11	-2.24192767424	1.79604948524	-0.281736398419	0.727614587485	-0.289848908759
Outer loop 	165	0.0169485733505	-0.28984890874
	 Inner loop 	386.834170854	0.0152936464591	0.00374793373294	-2.28485249394	1.81731375549	-0.28085167215	0.752138344331	-0.300198544346
	 Inner loop 	386.834170854	0.0153072418613	0.00336625538325	-2.28481392444	1.81712222262	-0.280859765602	0.751917722804	-0.300105436572
	 Inner loop 	386.834170854	0.0154273760424	1.77223487257e-05	-2.28444907012	1.8154298554	-0.280931180602	0.749968117676	-0.299282654698
	 Inner loop 	386.834170854	0.0154274404855	1.59375714885e-05	-2.28444886296	1.8154289476	-0.280931218862	0.749967071795	-0.29928221331
	 Inner loop 	386.834170854	0.0154280159503	3.94202004372e-10	-2.28444701254	1.81542084117	-0.280931560515	0.749957732274	-0.2992782718
	 Inner loop 	386.834170854	0.0154280159518	3.54505536038e-10	-2.28444701253	1.81542084115	-0.280931560516	0.74995773225	-0.29927827179
Outer loop 	166	0.0154280159646	-0.299278271702
	 Inner loop 	387.83919598	0.0139253717122	0.0044888467336	-2.32132580794	1.83457789618	-0.280112920817	0.771349679313	-0.308582489461
	 Inner loop 	387.83919598	0.013941242294	0.00397639575038	-2.32135604144	1.83435342695	-0.280122642959	0.771101653203	-0.308473588425
	 Inner loop 	387.83919598	0.0140646874833	3.28146541655e-05	-2.32155059801	1.83260833283	-0.280198121196	0.769173201027	-0.30762686128
	 Inner loop 	387.83919598	0.0140648038885	2.91307372458e-05	-2.32155074812	1.83260668796	-0.280198192251	0.76917138315	-0.307626063103
	 Inner loop 	387.83919598	0.0140657243839	1.75400183267e-09	-2.32155193302	1.83259368092	-0.280198754129	0.769157007986	-0.307619751388
	 Inner loop 	387.83919598	0.0140657243901	1.55711410432e-09	-2.32155193303	1.83259368083	-0.280198754133	0.769157007889	-0.307619751345
Outer loop 	167	0.0140657244394	-0.307619751007
	 Inner loop 	388.844221106	0.0127304204725	0.00683194830771	-2.3512481895	1.849600833	-0.279455292234	0.787934597035	-0.315864443456
	 Inner loop 	388.844221106	0.0127537411764	0.0059023459096	-2.35145771137	1.84926548427	-0.279470121389	0.787564694401	-0.315702029991
	 Inner loop 	388.844221106	0.01290240665	8.81821405078e-05	-2.35268892765	1.84713124126	-0.279564338433	0.785210206965	-0.31466824318
	 Inner loop 	388.844221106	0.0129027094645	7.65304345538e-05	-2.35269125693	1.84712690003	-0.279564529798	0.785205417142	-0.314666140108
	 Inner loop 	388.844221106	0.0129046985055	1.4818651306e-08	-2.35270653929	1.84709838513	-0.279565786726	0.785173955701	-0.314652326307
	 Inner loop 	388.844221106	0.0129046985564	1.28613758532e-08	-2.35270653968	1.8470983844	-0.279565786758	0.785173954896	-0.314652325953
	 Inner loop 	388.844221106	0.0129046988908	-7.88258347484e-15	-2.35270654224	1.84709837961	-0.27956578697	0.785173949607	-0.314652323631
	 Inner loop 	388.844221106	0.0129046988908	-7.54951656745e-15	-2.35270654224	1.84709837961	-0.27956578697	0.785173949607	-0.314652323631
Outer loop 	168	0.0129046988908	-0.314652323631
	 Inner loop 	389.849246231	0.0117787542524	0.00895170182223	-2.37464506585	1.86148643241	-0.278925328002	0.801035663265	-0.3216167398
	 Inner loop 	389.849246231	0.0118079803329	0.00745555747531	-2.37521164461	1.86105336575	-0.278944787227	0.800558623569	-0.321407285573
	 Inner loop 	389.849246231	0.0119545229214	0.000166118152875	-2.3778573789	1.85889004004	-0.279041824314	0.79817528133	-0.32036082946
	 Inner loop 	389.849246231	0.0119550705956	0.000139509346252	-2.37786668373	1.85888197905	-0.279042185368	0.7981663994	-0.320356929663
	 Inner loop 	389.849246231	0.0119579423645	5.84845226692e-08	-2.37791540586	1.85883971343	-0.27904407839	0.798119829305	-0.320336482092
	 Inner loop 	389.849246231	0.0119579425573	4.91239576794e-08	-2.37791540912	1.85883971059	-0.279044078517	0.798119826177	-0.320336480719
	 Inner loop 	389.849246231	0.0119579435694	1.37667655054e-14	-2.37791542628	1.85883969569	-0.279044079184	0.798119809766	-0.320336473513
	 Inner loop 	389.849246231	0.0119579435694	1.24344978758e-14	-2.37791542628	1.85883969569	-0.279044079184	0.798119809766	-0.320336473513
Outer loop 	169	0.0119579435694	-0.320336473513
	 Inner loop 	390.854271357	0.0110530872309	0.0107556097634	-2.39219721208	1.87050536098	-0.278517518259	0.810964979119	-0.325976412996
	 Inner loop 	390.854271357	0.011086189884	0.00849467397744	-2.3933536784	1.8699906673	-0.278540922312	0.810398607397	-0.32572773568
	 Inner loop 	390.854271357	0.0112117290854	0.000247612039769	-2.39744141911	1.86805245584	-0.278628914057	0.808265489365	-0.324791145723
	 Inner loop 	390.854271357	0.0112125028151	0.00019829564191	-2.39746523512	1.86804057321	-0.278629452816	0.808252410362	-0.324785403114
	 Inner loop 	390.854271357	0.0112156145499	1.3650003472e-07	-2.39756085428	1.86799279186	-0.27863161914	0.80819981806	-0.324762311367
	 Inner loop 	390.854271357	0.0112156149765	1.09348140875e-07	-2.39756086737	1.86799278531	-0.278631619437	0.808199810849	-0.324762308201
	 Inner loop 	390.854271357	0.0112156166949	4.05231403988e-14	-2.3975609201	1.86799275893	-0.278631620633	0.80819978181	-0.324762295451
	 Inner loop 	390.854271357	0.0112156166949	3.19744231092e-14	-2.3975609201	1.86799275893	-0.278631620633	0.80819978181	-0.324762295451
Outer loop 	170	0.0112156166949	-0.324762295451
	 Inner loop 	391.859296482	0.0105208406871	0.0122595893492	-2.40484340295	1.87710020307	-0.278216238324	0.818219027552	-0.32916145424
	 Inner loop 	391.859296482	0.0105556551873	0.00897246223112	-2.40688179559	1.87651816275	-0.278242932778	0.817579027849	-0.328880449024
	 Inner loop 	391.859296482	0.0106520241009	0.000310090107602	-2.41212865838	1.87492623299	-0.278315841198	0.815828356699	-0.328111780346
	 Inner loop 	391.859296482	0.0106529249571	0.00023192535945	-2.41217515856	1.87491147486	-0.278316516395	0.815812125453	-0.328104653679
	 Inner loop 	391.859296482	0.0106555988394	2.10461332917e-07	-2.4123129152	1.87486768312	-0.278318519828	0.815763962373	-0.328083506674
	 Inner loop 	391.859296482	0.0106555994512	1.57495753994e-07	-2.41231294668	1.8748676731	-0.278318520286	0.815763951356	-0.328083501837
	 Inner loop 	391.859296482	0.0106556012703	9.95870053089e-14	-2.41231304026	1.87486764332	-0.278318521649	0.815763918596	-0.328083487453
	 Inner loop 	391.859296482	0.0106556012703	7.52731210696e-14	-2.41231304026	1.87486764332	-0.278318521649	0.815763918596	-0.328083487453
Outer loop 	171	0.0106556012703	-0.328083487453
	 Inner loop 	392.864321608	0.0101464330701	0.0131491766316	-2.41385796067	1.88171693564	-0.278003783678	0.823293985338	-0.331389720292
	 Inner loop 	392.864321608	0.0101798998402	0.00865104831491	-2.41702429547	1.88109609329	-0.278032427668	0.822611678159	-0.331090139096
	 Inner loop 	392.864321608	0.0102455735657	0.00031824469571	-2.42279134606	1.87990004932	-0.278087545279	0.82129708671	-0.330512940305
	 Inner loop 	392.864321608	0.0102464098749	0.000216011785035	-2.42286127979	1.87988499311	-0.278088238576	0.821280537039	-0.330505673827
	 Inner loop 	392.864321608	0.0102481777787	2.01565710012e-07	-2.42300884085	1.8798531789	-0.278089703488	0.821245567003	-0.330490319503
	 Inner loop 	392.864321608	0.0102481783088	1.36917492788e-07	-2.42300888504	1.87985316936	-0.278089703927	0.821245556521	-0.330490314901
	 Inner loop 	392.864321608	0.0102481794315	8.58202398035e-14	-2.42300897862	1.87985314916	-0.278089704857	0.82124553432	-0.330490305153
	 Inner loop 	392.864321608	0.0102481794315	5.99520433298e-14	-2.42300897862	1.87985314916	-0.278089704857	0.82124553432	-0.330490305153
Outer loop 	172	0.0102481794315	-0.330490305153
	 Inner loop 	393.869346734	0.009891599998	0.0131746473071	-2.42049987466	1.88482524945	-0.277860030015	0.826709302533	-0.332889286531
	 Inner loop 	393.869346734	0.0099205605754	0.00750143825667	-2.42484377364	1.88420550555	-0.277888737809	0.826028444155	-0.332590341461
	 Inner loop 	393.869346734	0.00995989865997	0.000261159110269	-2.43032399086	1.88338495698	-0.277926712194	0.825126905191	-0.332194501978
	 Inner loop 	393.869346734	0.00996049681775	0.000154852050944	-2.43040390535	1.8833726528	-0.277927281317	0.825113385918	-0.332188566059
	 Inner loop 	393.869346734	0.00996136857548	1.12540594066e-07	-2.43052019906	1.88335472944	-0.277928110338	0.825093692502	-0.332179919254
	 Inner loop 	393.869346734	0.00996136883345	6.67835404755e-08	-2.43052023345	1.88335472414	-0.277928110583	0.825093686676	-0.332179916696
	 Inner loop 	393.869346734	0.00996136920997	1.83186799063e-14	-2.43052028363	1.8833547164	-0.277928110941	0.825093678172	-0.332179912962
	 Inner loop 	393.869346734	0.00996136920997	1.02140518266e-14	-2.43052028363	1.8833547164	-0.277928110941	0.825093678172	-0.332179912962
Outer loop 	173	0.00996136920997	-0.332179912962
	 Inner loop 	394.874371859	0.00972179150904	0.0122553845133	-2.42574267389	1.88684968838	-0.277766095052	0.82891446507	-0.333865665321
	 Inner loop 	394.874371859	0.00974406786474	0.00577786395179	-2.43099443406	1.88627458055	-0.277792805063	0.828290522528	-0.333588316034
	 Inner loop 	394.874371859	0.00976459984003	0.000167931067567	-2.43550989144	1.88576107799	-0.277816637332	0.827733381845	-0.333340660905
	 Inner loop 	394.874371859	0.0097649198974	8.29857407105e-05	-2.43557802102	1.8857531885	-0.27781700337	0.827724821636	-0.333336855798
	 Inner loop 	394.874371859	0.00976523270873	3.47728204009e-08	-2.43564454393	1.88574548089	-0.277817360967	0.827716458772	-0.333333138414
	 Inner loop 	394.874371859	0.00976523277504	1.7194629609e-08	-2.43564455802	1.88574547926	-0.277817361043	0.827716457	-0.333333137626
	 Inner loop 	394.874371859	0.00976523283991	-5.55111512313e-16	-2.43564457181	1.88574547766	-0.277817361117	0.827716455266	-0.333333136855
	 Inner loop 	394.874371859	0.00976523283991	-8.881784197e-16	-2.43564457181	1.88574547766	-0.277817361117	0.827716455266	-0.333333136855
Outer loop 	174	0.00976523283991	-0.333333136855
	 Inner loop 	395.879396985	0.00960990370652	0.0105970676846	-2.43013647173	1.88813316983	-0.277706414982	0.830306784564	-0.33448456657
	 Inner loop 	395.879396985	0.00962500154578	0.00391943127303	-2.43575588833	1.88763664961	-0.27772951405	0.829768184044	-0.334245152745
	 Inner loop 	395.879396985	0.00963418806845	8.31397520626e-05	-2.43897060163	1.88734500653	-0.277743075031	0.829451809878	-0.334104520967
	 Inner loop 	395.879396985	0.00963431244966	3.22834169679e-05	-2.43901314884	1.88734110793	-0.277743256276	0.829447580606	-0.33410264101
	 Inner loop 	395.879396985	0.00963439142837	5.61828872314e-09	-2.43904015201	1.8873386331	-0.27774337133	0.829444895863	-0.334101447612
	 Inner loop 	395.879396985	0.00963439143678	2.18243345618e-09	-2.43904015489	1.88733863283	-0.277743371342	0.829444895577	-0.334101447485
Outer loop 	175	0.00963439144212	-0.334101447404
	 Inner loop 	396.884422111	0.00953655996015	0.00857665685814	-2.43385602017	1.88893042637	-0.277669294525	0.831171545185	-0.334868962127
	 Inner loop 	396.884422111	0.00954558168336	0.0023434181369	-2.43923365001	1.88852896162	-0.277687991527	0.83073609805	-0.334675401112
	 Inner loop 	396.884422111	0.00954909754516	3.19154156401e-05	-2.4412233163	1.88837795232	-0.277695021856	0.830572301257	-0.334602591645
	 Inner loop 	396.884422111	0.00954913268096	9.12571895995e-06	-2.44124292033	1.88837645757	-0.277695091438	0.830570679919	-0.334601870943
	 Inner loop 	396.884422111	0.00954914675232	4.79475792403e-10	-2.44125076993	1.88837585902	-0.277695119301	0.830570030683	-0.33460158235
	 Inner loop 	396.884422111	0.00954914675285	1.37121425325e-10	-2.44125077022	1.888375859	-0.277695119302	0.830570030659	-0.334601582339
Outer loop 	176	0.00954914675306	-0.334601582335
	 Inner loop 	397.889447236	0.00948883986894	0.0064813858516	-2.43697870006	1.88941250872	-0.277646830386	0.831694407577	-0.335101380181
	 Inner loop 	397.889447236	0.00949355041397	0.00122403901162	-2.4415898595	1.88910930287	-0.277660960819	0.831365556459	-0.334955202262
	 Inner loop 	397.889447236	0.00949468357618	9.3972464571e-06	-2.44265400056	1.88903868491	-0.277664251077	0.831288963973	-0.334921156063
	 Inner loop 	397.889447236	0.0094946906759	1.84478284848e-06	-2.44266061578	1.88903824514	-0.277664271566	0.831288486992	-0.33492094404
	 Inner loop 	397.889447236	0.00949469241018	2.10945705348e-11	-2.44266223161	1.88903813772	-0.277664276571	0.831288370484	-0.334920892251
	 Inner loop 	397.889447236	0.0094946924102	4.14224210488e-12	-2.44266223162	1.88903813772	-0.277664276571	0.831288370483	-0.334920892251
Outer loop 	177	0.0094946924102	-0.334920892251
	 Inner loop 	398.894472362	0.00945804152563	0.00462801943361	-2.43944514451	1.88970018147	-0.277633418815	0.83200640129	-0.3352400648
	 Inner loop 	398.894472362	0.00946019756508	0.000560384941324	-2.44305154292	1.88948375683	-0.27764350919	0.831771680223	-0.335135728718
	 Inner loop 	398.894472362	0.00946050296435	2.16273529707e-06	-2.44354620752	1.88945393396	-0.277644899405	0.831739335697	-0.335121351222
	 Inner loop 	398.894472362	0.00946050400374	2.70147938575e-07	-2.44354788451	1.8894538328	-0.27764490412	0.831739225981	-0.335121302453
	 Inner loop 	398.894472362	0.00946050415211	4.98046048847e-13	-2.44354812389	1.88945381836	-0.277644904793	0.83173921032	-0.335121295491
	 Inner loop 	398.894472362	0.00946050415211	6.2172489379e-14	-2.44354812389	1.88945381836	-0.277644904793	0.83173921032	-0.335121295491
Outer loop 	178	0.00946050415211	-0.335121295491
	 Inner loop 	399.899497487	0.00943842086556	0.00314704028424	-2.44128676754	1.88986940647	-0.277625527099	0.832189928451	-0.335321644632
	 Inner loop 	399.899497487	0.00943927825297	0.000222881557653	-2.44389735765	1.88972227056	-0.277632388799	0.83203035745	-0.335250713576
	 Inner loop 	399.899497487	0.00943934511484	3.91083175511e-07	-2.44409594416	1.88971105412	-0.277632911826	0.832018192953	-0.335245306324
	 Inner loop 	399.899497487	0.00943934522402	2.83834170611e-08	-2.44409626789	1.88971103583	-0.277632912679	0.83201817312	-0.335245297508
	 Inner loop 	399.899497487	0.00943934523257	7.21644966006e-15	-2.44409629322	1.8897110344	-0.277632912746	0.832018171568	-0.335245296818
	 Inner loop 	399.899497487	0.00943934523257	8.881784197e-16	-2.44409629322	1.8897110344	-0.277632912746	0.832018171568	-0.335245296818
Outer loop 	179	0.00943934523257	-0.335245296818
	 Inner loop 	400.904522613	0.00942607995964	0.00205231525613	-2.44259206754	1.88996821501	-0.277620918433	0.832297086223	-0.335369277434
	 Inner loop 	400.904522613	0.0094263646855	7.40229254284e-05	-2.44436589631	1.88987227414	-0.277625393353	0.83219303845	-0.33532302706
	 Inner loop 	400.904522613	0.0094263755484	5.41942434262e-08	-2.4444322138	1.88986868393	-0.277625560798	0.832189144856	-0.335321296315
	 Inner loop 	400.904522613	0.00942637555607	1.99443883631e-09	-2.4444322606	1.8898686814	-0.277625560916	0.832189142108	-0.335321295094
	 Inner loop 	400.904522613	0.00942637555636	-1.99840144433e-15	-2.44443226238	1.8898686813	-0.277625560921	0.832189142003	-0.335321295047
	 Inner loop 	400.904522613	0.00942637555636	6.66133814775e-16	-2.44443226238	1.8898686813	-0.277625560921	0.832189142003	-0.335321295047
Outer loop 	180	0.00942637555636	-0.335321295047
	 Inner loop 	401.909547739	0.00941837507546	0.00129201882827	-2.44347618276	1.8900263149	-0.277618208245	0.832360094937	-0.335397285497
	 Inner loop 	401.909547739	0.00941844150691	1.72718761638e-05	-2.44462222167	1.88996592081	-0.277621025446	0.832294598183	-0.335368171473
	 Inner loop 	401.909547739	0.00941844242598	4.92169072164e-09	-2.44463774463	1.88996510247	-0.277621063618	0.832293710697	-0.335367776976
	 Inner loop 	401.909547739	0.00941844242624	6.71991351453e-11	-2.44463774899	1.88996510224	-0.277621063629	0.832293710448	-0.335367776865
Outer loop 	181	0.00941844242624	-0.335367776863
	 Inner loop 	402.914572864	0.00941355319207	0.000791448219161	-2.4440517763	1.8900615182	-0.277616566019	0.832398272339	-0.33541425577
	 Inner loop 	402.914572864	0.00941355055091	-6.86715702081e-07	-2.44476507282	1.89002452454	-0.277618291763	0.832358153321	-0.335396422427
	 Inner loop 	402.914572864	0.00941355055292	-7.25570714621e-11	-2.44476445452	1.89002455661	-0.277618290267	0.832358188103	-0.335396437888
	 Inner loop 	402.914572864	0.00941355055292	5.39568389968e-14	-2.44476445446	1.89002455662	-0.277618290267	0.832358188106	-0.335396437889
Outer loop 	182	0.00941355055292	-0.335396437889
	 Inner loop 	403.91959799	0.00941049337394	0.000477048754435	-2.44441410685	1.8900840091	-0.277615516784	0.832422663279	-0.335425097809
	 Inner loop 	403.91959799	0.00941047575345	-4.58153088534e-06	-2.44484821844	1.8900617117	-0.277616556991	0.832398482193	-0.335414349052
	 Inner loop 	403.91959799	0.0094104759204	-1.75628511734e-10	-2.44484408912	1.89006192381	-0.277616547096	0.832398712222	-0.335414451302
	 Inner loop 	403.91959799	0.0094104759204	1.68132174849e-12	-2.44484408896	1.89006192382	-0.277616547096	0.832398712231	-0.335414451306
Outer loop 	183	0.0094104759204	-0.335414451306
	 Inner loop 	404.924623116	0.00940850474508	0.000286918690967	-2.44463680308	1.89009929028	-0.277614803877	0.832439235373	-0.335432464286
	 Inner loop 	404.924623116	0.00940848824763	-4.28959409782e-06	-2.44489943208	1.89008587989	-0.277615429508	0.832424692105	-0.335425999644
	 Inner loop 	404.924623116	0.00940848849042	-6.00389737926e-11	-2.44489556353	1.89008607743	-0.277615420292	0.832424906335	-0.335426094872
	 Inner loop 	404.924623116	0.00940848849042	8.96172025477e-13	-2.44489556348	1.89008607743	-0.277615420292	0.832424906338	-0.335426094873
Outer loop 	184	0.00940848849042	-0.335426094873
	 Inner loop 	405.929648241	0.00940717247849	0.000174581994713	-2.4447724553	1.89011023073	-0.277614293468	0.832451100034	-0.335437738258
	 Inner loop 	405.929648241	0.00940716021506	-3.18871675131e-06	-2.44493283657	1.890102071	-0.277614674148	0.832442251003	-0.335433804767
	 Inner loop 	405.929648241	0.00940716043497	-1.67942326712e-11	-2.4449299598	1.89010221737	-0.277614667319	0.832442409731	-0.335433875323
	 Inner loop 	405.929648241	0.00940716043497	3.06865644006e-13	-2.44492995978	1.89010221737	-0.277614667319	0.832442409732	-0.335433875324
Outer loop 	185	0.00940716043497	-0.335433875324
	 Inner loop 	406.934673367	0.00940625007706	0.000108610207389	-2.44485574556	1.89011835716	-0.277613914338	0.832459912943	-0.335441655693
	 Inner loop 	406.934673367	0.00940624156971	-2.21208354723e-06	-2.44495574972	1.89011328092	-0.277614151165	0.832454407886	-0.335439208634
	 Inner loop 	406.934673367	0.00940624173951	-4.58866278308e-12	-2.44495375358	1.89011338224	-0.277614146438	0.832454517771	-0.335439257479
	 Inner loop 	406.934673367	0.00940624173951	9.59232693276e-14	-2.44495375358	1.89011338224	-0.277614146438	0.832454517771	-0.335439257479
Outer loop 	186	0.00940624173951	-0.335439257479
	 Inner loop 	407.939698492	0.00940559037028	6.95107652656e-05	-2.44490803646	1.89012454706	-0.277613625552	0.832466625722	-0.335444639596
	 Inner loop 	407.939698492	0.00940558455891	-1.51108424329e-06	-2.44497213474	1.89012129827	-0.277613777122	0.832463102503	-0.335443073487
	 Inner loop 	407.939698492	0.00940558468255	-1.29973809493e-12	-2.44497077097	1.8901213674	-0.277613773897	0.832463177465	-0.335443106808
	 Inner loop 	407.939698492	0.00940558468255	2.84217094304e-14	-2.44497077096	1.8901213674	-0.277613773897	0.832463177465	-0.335443106808
Outer loop 	187	0.00940558468255	-0.335443106808
	 Inner loop 	408.944723618	0.00940296598188	-0.000510072557502	-2.44549786083	1.89012935251	-0.277613401355	0.832471837114	-0.335446956117
	 Inner loop 	408.944723618	0.00940301583892	1.29641788502e-05	-2.44502562882	1.89015319188	-0.277612289116	0.832497690231	-0.33545844811
	 Inner loop 	408.944723618	0.00940301460318	4.96203078626e-12	-2.44503733375	1.890152601	-0.277612316684	0.832497049441	-0.335458163272
	 Inner loop 	408.944723618	0.00940301460318	-1.25455201783e-13	-2.44503733376	1.890152601	-0.277612316684	0.832497049441	-0.335458163272
Outer loop 	188	0.00940301460318	-0.335458163272
	 Inner loop 	409.949748744	0.00940307992185	0.00068528844316	-2.44441860694	1.89018383409	-0.277610859437	0.83253092073	-0.335473219431
	 Inner loop 	409.949748744	0.00940301294307	-1.74162798595e-05	-2.44505305836	1.89015180721	-0.277612353719	0.832496188592	-0.335457780615
	 Inner loop 	409.949748744	0.00940301460318	8.95450380511e-12	-2.44503733375	1.890152601	-0.277612316684	0.832497049441	-0.335458163272
	 Inner loop 	409.949748744	0.00940301460318	-2.27928786956e-13	-2.44503733376	1.890152601	-0.277612316684	0.832497049441	-0.335458163272
Outer loop 	189	0.00940301460318	-0.335458163272
	 Inner loop 	410.954773869	0.00940301460318	7.77156117238e-16	-2.44503733376	1.890152601	-0.277612316684	0.832497049441	-0.335458163272
	 Inner loop 	410.954773869	0.00940301460318	3.33066907388e-16	-2.44503733376	1.890152601	-0.277612316684	0.832497049441	-0.335458163272
Outer loop 	190	0.00940301460318	-0.335458163272
	 Inner loop 	411.959798995	0.00940301460318	-1.11022302463e-16	-2.44503733376	1.890152601	-0.277612316684	0.832497049441	-0.335458163272
	 Inner loop 	411.959798995	0.00940301460318	-1.11022302463e-16	-2.44503733376	1.890152601	-0.277612316684	0.832497049441	-0.335458163272
Outer loop 	191	0.00940301460318	-0.335458163272
	 Inner loop 	412.964824121	0.00940301460318	-1.11022302463e-16	-2.44503733376	1.890152601	-0.277612316684	0.832497049441	-0.335458163272
	 Inner loop 	412.964824121	0.00940301460318	-1.11022302463e-16	-2.44503733376	1.890152601	-0.277612316684	0.832497049441	-0.335458163272
Outer loop 	192	0.00940301460318	-0.335458163272
	 Inner loop 	413.969849246	0.00940301460318	-1.11022302463e-16	-2.44503733376	1.890152601	-0.277612316684	0.832497049441	-0.335458163272
	 Inner loop 	413.969849246	0.00940301460318	-1.11022302463e-16	-2.44503733376	1.890152601	-0.277612316684	0.832497049441	-0.335458163272
Outer loop 	193	0.00940301460318	-0.335458163272
	 Inner loop 	414.974874372	0.00940301460318	-1.11022302463e-16	-2.44503733376	1.890152601	-0.277612316684	0.832497049441	-0.335458163272
	 Inner loop 	414.974874372	0.00940301460318	-1.11022302463e-16	-2.44503733376	1.890152601	-0.277612316684	0.832497049441	-0.335458163272
Outer loop 	194	0.00940301460318	-0.335458163272
	 Inner loop 	415.979899497	0.00940301460318	-1.11022302463e-16	-2.44503733376	1.890152601	-0.277612316684	0.832497049441	-0.335458163272
	 Inner loop 	415.979899497	0.00940301460318	-1.11022302463e-16	-2.44503733376	1.890152601	-0.277612316684	0.832497049441	-0.335458163272
Outer loop 	195	0.00940301460318	-0.335458163272
	 Inner loop 	416.984924623	0.00940301460318	-1.11022302463e-16	-2.44503733376	1.890152601	-0.277612316684	0.832497049441	-0.335458163272
	 Inner loop 	416.984924623	0.00940301460318	-1.11022302463e-16	-2.44503733376	1.890152601	-0.277612316684	0.832497049441	-0.335458163272
Outer loop 	196	0.00940301460318	-0.335458163272
	 Inner loop 	417.989949749	0.00940301460318	-1.11022302463e-16	-2.44503733376	1.890152601	-0.277612316684	0.832497049441	-0.335458163272
	 Inner loop 	417.989949749	0.00940301460318	-1.11022302463e-16	-2.44503733376	1.890152601	-0.277612316684	0.832497049441	-0.335458163272
Outer loop 	197	0.00940301460318	-0.335458163272
	 Inner loop 	418.994974874	0.00940301460318	-1.11022302463e-16	-2.44503733376	1.890152601	-0.277612316684	0.832497049441	-0.335458163272
	 Inner loop 	418.994974874	0.00940301460318	-1.11022302463e-16	-2.44503733376	1.890152601	-0.277612316684	0.832497049441	-0.335458163272
Outer loop 	198	0.00940301460318	-0.335458163272
	 Inner loop 	420.0	0.00940301460318	-1.11022302463e-16	-2.44503733376	1.890152601	-0.277612316684	0.832497049441	-0.335458163272
	 Inner loop 	420.0	0.00940301460318	-1.11022302463e-16	-2.44503733376	1.890152601	-0.277612316684	0.832497049441	-0.335458163272
Outer loop 	199	0.00940301460318	-0.335458163272
