	 Inner loop 2	221.005025126	0.118245087969	4.93824274007e-15	-0.981747703874	1.27565126909	-0.294	9.64347834454e-05	-2.22044605009e-15
	 Inner loop 2	221.005025126	0.118245087969	4.97350641573e-16	-0.981747703874	1.27565126909	-0.294	9.64347834454e-05	-2.22044605009e-15
Outer loop 	1	0.118245087969	-2.22044605009e-15
	 Inner loop 2	222.010050251	0.118245087969	-1.47278700737e-14	-0.981747703874	1.27565126909	-0.294	9.64347834343e-05	2.22044605009e-15
	 Inner loop 2	222.010050251	0.118245087969	1.19326477952e-14	-0.981747703874	1.27565126909	-0.294	9.64347834454e-05	-2.22044605009e-15
Outer loop 	2	0.118245087969	-2.22044605009e-15
	 Inner loop 2	223.015075377	0.118245087969	9.71220174596e-15	-0.981747703874	1.27565126909	-0.294	9.64347834454e-05	-2.22044605009e-15
	 Inner loop 2	223.015075377	0.118245087969	4.97350641573e-16	-0.981747703874	1.27565126909	-0.294	9.64347834454e-05	-2.22044605009e-15
Outer loop 	3	0.118245087969	-2.22044605009e-15
	 Inner loop 2	224.020100503	0.118245087969	-1.47278700737e-14	-0.981747703874	1.27565126909	-0.294	9.64347834343e-05	2.22044605009e-15
	 Inner loop 2	224.020100503	0.118245087969	1.19326477952e-14	-0.981747703874	1.27565126909	-0.294	9.64347834454e-05	-2.22044605009e-15
Outer loop 	4	0.118245087969	-2.22044605009e-15
	 Inner loop 2	225.025125628	0.118245087969	9.71220174596e-15	-0.981747703874	1.27565126909	-0.294	9.64347834454e-05	-2.22044605009e-15
	 Inner loop 2	225.025125628	0.118245087969	4.97350641573e-16	-0.981747703874	1.27565126909	-0.294	9.64347834454e-05	-2.22044605009e-15
Outer loop 	5	0.118245087969	-2.22044605009e-15
	 Inner loop 2	226.030150754	0.118245087969	-1.47278700737e-14	-0.981747703874	1.27565126909	-0.294	9.64347834343e-05	2.22044605009e-15
	 Inner loop 2	226.030150754	0.118245087969	1.19326477952e-14	-0.981747703874	1.27565126909	-0.294	9.64347834454e-05	-2.22044605009e-15
Outer loop 	6	0.118245087969	-2.22044605009e-15
	 Inner loop 2	227.035175879	0.118245087969	9.71220174596e-15	-0.981747703874	1.27565126909	-0.294	9.64347834454e-05	-2.22044605009e-15
	 Inner loop 2	227.035175879	0.118245087969	4.97350641573e-16	-0.981747703874	1.27565126909	-0.294	9.64347834454e-05	-2.22044605009e-15
Outer loop 	7	0.118245087969	-2.22044605009e-15
	 Inner loop 2	228.040201005	0.118245087969	-1.47278700737e-14	-0.981747703874	1.27565126909	-0.294	9.64347834343e-05	2.22044605009e-15
	 Inner loop 2	228.040201005	0.118245087969	1.19326477952e-14	-0.981747703874	1.27565126909	-0.294	9.64347834454e-05	-2.22044605009e-15
Outer loop 	8	0.118245087969	-2.22044605009e-15
	 Inner loop 2	229.045226131	0.118245087969	9.71220174596e-15	-0.981747703874	1.27565126909	-0.294	9.64347834454e-05	-2.22044605009e-15
	 Inner loop 2	229.045226131	0.118245087969	4.97350641573e-16	-0.981747703874	1.27565126909	-0.294	9.64347834454e-05	-2.22044605009e-15
Outer loop 	9	0.118245087969	-2.22044605009e-15
	 Inner loop 2	230.050251256	0.118245087969	-1.47278700737e-14	-0.981747703874	1.27565126909	-0.294	9.64347834343e-05	2.22044605009e-15
	 Inner loop 2	230.050251256	0.118245087969	1.19326477952e-14	-0.981747703874	1.27565126909	-0.294	9.64347834454e-05	-2.22044605009e-15
Outer loop 	10	0.118245087969	-2.22044605009e-15
	 Inner loop 2	231.055276382	0.118245087969	9.71220174596e-15	-0.981747703874	1.27565126909	-0.294	9.64347834454e-05	-2.22044605009e-15
	 Inner loop 2	231.055276382	0.118245087969	4.97350641573e-16	-0.981747703874	1.27565126909	-0.294	9.64347834454e-05	-2.22044605009e-15
Outer loop 	11	0.118245087969	-2.22044605009e-15
	 Inner loop 2	232.060301508	0.118245087969	-1.47278700737e-14	-0.981747703874	1.27565126909	-0.294	9.64347834343e-05	2.22044605009e-15
	 Inner loop 2	232.060301508	0.118245087969	1.19326477952e-14	-0.981747703874	1.27565126909	-0.294	9.64347834454e-05	-2.22044605009e-15
Outer loop 	12	0.118245087969	-2.22044605009e-15
	 Inner loop 2	233.065326633	0.118245087969	9.71220174596e-15	-0.981747703874	1.27565126909	-0.294	9.64347834454e-05	-2.22044605009e-15
	 Inner loop 2	233.065326633	0.118245087969	4.97350641573e-16	-0.981747703874	1.27565126909	-0.294	9.64347834454e-05	-2.22044605009e-15
Outer loop 	13	0.118245087969	-2.22044605009e-15
	 Inner loop 2	234.070351759	0.118245087969	-1.47278700737e-14	-0.981747703874	1.27565126909	-0.294	9.64347834343e-05	2.22044605009e-15
	 Inner loop 2	234.070351759	0.118245087969	1.19326477952e-14	-0.981747703874	1.27565126909	-0.294	9.64347834454e-05	-2.22044605009e-15
Outer loop 	14	0.118245087969	-2.22044605009e-15
	 Inner loop 2	235.075376884	0.118245087969	9.71220174596e-15	-0.981747703874	1.27565126909	-0.294	9.64347834454e-05	-2.22044605009e-15
	 Inner loop 2	235.075376884	0.118245087969	4.97350641573e-16	-0.981747703874	1.27565126909	-0.294	9.64347834454e-05	-2.22044605009e-15
Outer loop 	15	0.118245087969	-2.22044605009e-15
	 Inner loop 2	236.08040201	0.118245087969	-1.47278700737e-14	-0.981747703874	1.27565126909	-0.294	9.64347834343e-05	2.22044605009e-15
	 Inner loop 2	236.08040201	0.118245087969	1.19326477952e-14	-0.981747703874	1.27565126909	-0.294	9.64347834454e-05	-2.22044605009e-15
Outer loop 	16	0.118245087969	-2.22044605009e-15
	 Inner loop 2	237.085427136	0.118245087969	9.71220174596e-15	-0.981747703874	1.27565126909	-0.294	9.64347834454e-05	-2.22044605009e-15
	 Inner loop 2	237.085427136	0.118245087969	4.97350641573e-16	-0.981747703874	1.27565126909	-0.294	9.64347834454e-05	-2.22044605009e-15
Outer loop 	17	0.118245087969	-2.22044605009e-15
	 Inner loop 2	238.090452261	0.118245087969	-1.47278700737e-14	-0.981747703874	1.27565126909	-0.294	9.64347834343e-05	2.22044605009e-15
	 Inner loop 2	238.090452261	0.118245087969	1.19326477952e-14	-0.981747703874	1.27565126909	-0.294	9.64347834454e-05	-2.22044605009e-15
Outer loop 	18	0.118245087969	-2.22044605009e-15
	 Inner loop 2	239.095477387	0.118245087969	9.71220174596e-15	-0.981747703874	1.27565126909	-0.294	9.64347834454e-05	-2.22044605009e-15
	 Inner loop 2	239.095477387	0.118245087969	4.97350641573e-16	-0.981747703874	1.27565126909	-0.294	9.64347834454e-05	-2.22044605009e-15
Outer loop 	19	0.118245087969	-2.22044605009e-15
	 Inner loop 2	240.100502513	0.118245087969	-1.47278700737e-14	-0.981747703874	1.27565126909	-0.294	9.64347834343e-05	2.22044605009e-15
	 Inner loop 2	240.100502513	0.118245087969	1.19326477952e-14	-0.981747703874	1.27565126909	-0.294	9.64347834454e-05	-2.22044605009e-15
Outer loop 	20	0.118245087969	-2.22044605009e-15
	 Inner loop 2	241.105527638	0.118245087969	9.71220174596e-15	-0.981747703874	1.27565126909	-0.294	9.64347834454e-05	-2.22044605009e-15
	 Inner loop 2	241.105527638	0.118245087969	4.97350641573e-16	-0.981747703874	1.27565126909	-0.294	9.64347834454e-05	-2.22044605009e-15
Outer loop 	21	0.118245087969	-2.22044605009e-15
	 Inner loop 2	242.110552764	0.118245087969	-1.47278700737e-14	-0.981747703874	1.27565126909	-0.294	9.64347834343e-05	2.22044605009e-15
	 Inner loop 2	242.110552764	0.118245087969	1.19326477952e-14	-0.981747703874	1.27565126909	-0.294	9.64347834454e-05	-2.22044605009e-15
Outer loop 	22	0.118245087969	-2.22044605009e-15
	 Inner loop 2	243.115577889	0.118245087969	9.71220174596e-15	-0.981747703874	1.27565126909	-0.294	9.64347834454e-05	-2.22044605009e-15
	 Inner loop 2	243.115577889	0.118245087969	4.97350641573e-16	-0.981747703874	1.27565126909	-0.294	9.64347834454e-05	-2.22044605009e-15
Outer loop 	23	0.118245087969	-2.22044605009e-15
	 Inner loop 2	244.120603015	0.118245087969	-1.47278700737e-14	-0.981747703874	1.27565126909	-0.294	9.64347834343e-05	2.22044605009e-15
	 Inner loop 2	244.120603015	0.118245087969	1.19326477952e-14	-0.981747703874	1.27565126909	-0.294	9.64347834454e-05	-2.22044605009e-15
Outer loop 	24	0.118245087969	-2.22044605009e-15
	 Inner loop 2	245.125628141	0.118245087969	9.71220174596e-15	-0.981747703874	1.27565126909	-0.294	9.64347834454e-05	-2.22044605009e-15
	 Inner loop 2	245.125628141	0.118245087969	4.97350641573e-16	-0.981747703874	1.27565126909	-0.294	9.64347834454e-05	-2.22044605009e-15
Outer loop 	25	0.118245087969	-2.22044605009e-15
	 Inner loop 2	246.130653266	0.118245087969	-1.47278700737e-14	-0.981747703874	1.27565126909	-0.294	9.64347834343e-05	2.22044605009e-15
	 Inner loop 2	246.130653266	0.118245087969	1.19326477952e-14	-0.981747703874	1.27565126909	-0.294	9.64347834454e-05	-2.22044605009e-15
Outer loop 	26	0.118245087969	-2.22044605009e-15
	 Inner loop 2	247.135678392	0.118245087969	9.71220174596e-15	-0.981747703874	1.27565126909	-0.294	9.64347834454e-05	-2.22044605009e-15
	 Inner loop 2	247.135678392	0.118245087969	4.97350641573e-16	-0.981747703874	1.27565126909	-0.294	9.64347834454e-05	-2.22044605009e-15
Outer loop 	27	0.118245087969	-2.22044605009e-15
	 Inner loop 2	248.140703518	0.118245087969	-1.47278700737e-14	-0.981747703874	1.27565126909	-0.294	9.64347834343e-05	2.22044605009e-15
	 Inner loop 2	248.140703518	0.118245087969	1.19326477952e-14	-0.981747703874	1.27565126909	-0.294	9.64347834454e-05	-2.22044605009e-15
Outer loop 	28	0.118245087969	-2.22044605009e-15
	 Inner loop 2	249.145728643	0.118245087969	9.71220174596e-15	-0.981747703874	1.27565126909	-0.294	9.64347834454e-05	-2.22044605009e-15
	 Inner loop 2	249.145728643	0.118245087969	4.97350641573e-16	-0.981747703874	1.27565126909	-0.294	9.64347834454e-05	-2.22044605009e-15
Outer loop 	29	0.118245087969	-2.22044605009e-15
	 Inner loop 2	250.150753769	0.118245087969	-1.47278700737e-14	-0.981747703874	1.27565126909	-0.294	9.64347834343e-05	2.22044605009e-15
	 Inner loop 2	250.150753769	0.118245087969	1.19326477952e-14	-0.981747703874	1.27565126909	-0.294	9.64347834454e-05	-2.22044605009e-15
Outer loop 	30	0.118245087969	-2.22044605009e-15
	 Inner loop 2	251.155778894	0.118245087969	9.71220174596e-15	-0.981747703874	1.27565126909	-0.294	9.64347834454e-05	-2.22044605009e-15
	 Inner loop 2	251.155778894	0.118245087969	4.97350641573e-16	-0.981747703874	1.27565126909	-0.294	9.64347834454e-05	-2.22044605009e-15
Outer loop 	31	0.118245087969	-2.22044605009e-15
	 Inner loop 2	252.16080402	0.118245087969	-1.47278700737e-14	-0.981747703874	1.27565126909	-0.294	9.64347834343e-05	2.22044605009e-15
	 Inner loop 2	252.16080402	0.118245087969	1.19326477952e-14	-0.981747703874	1.27565126909	-0.294	9.64347834454e-05	-2.22044605009e-15
Outer loop 	32	0.118245087969	-2.22044605009e-15
	 Inner loop 2	253.165829146	0.118245087969	9.71220174596e-15	-0.981747703874	1.27565126909	-0.294	9.64347834454e-05	-2.22044605009e-15
	 Inner loop 2	253.165829146	0.118245087969	4.97350641573e-16	-0.981747703874	1.27565126909	-0.294	9.64347834454e-05	-2.22044605009e-15
Outer loop 	33	0.118245087969	-2.22044605009e-15
	 Inner loop 2	254.170854271	0.118245087969	-1.47278700737e-14	-0.981747703874	1.27565126909	-0.294	9.64347834343e-05	2.22044605009e-15
	 Inner loop 2	254.170854271	0.118245087969	1.19326477952e-14	-0.981747703874	1.27565126909	-0.294	9.64347834454e-05	-2.22044605009e-15
Outer loop 	34	0.118245087969	-2.22044605009e-15
	 Inner loop 2	255.175879397	0.118245087969	9.71220174596e-15	-0.981747703874	1.27565126909	-0.294	9.64347834454e-05	-2.22044605009e-15
	 Inner loop 2	255.175879397	0.118245087969	4.97350641573e-16	-0.981747703874	1.27565126909	-0.294	9.64347834454e-05	-2.22044605009e-15
Outer loop 	35	0.118245087969	-2.22044605009e-15
	 Inner loop 2	256.180904523	0.118245087969	-1.47278700737e-14	-0.981747703874	1.27565126909	-0.294	9.64347834343e-05	2.22044605009e-15
	 Inner loop 2	256.180904523	0.118245087969	1.19326477952e-14	-0.981747703874	1.27565126909	-0.294	9.64347834454e-05	-2.22044605009e-15
Outer loop 	36	0.118245087969	-2.22044605009e-15
	 Inner loop 2	257.185929648	0.118245087969	9.71220174596e-15	-0.981747703874	1.27565126909	-0.294	9.64347834454e-05	-2.22044605009e-15
	 Inner loop 2	257.185929648	0.118245087969	4.97350641573e-16	-0.981747703874	1.27565126909	-0.294	9.64347834454e-05	-2.22044605009e-15
Outer loop 	37	0.118245087969	-2.22044605009e-15
	 Inner loop 2	258.190954774	0.118245087969	-1.47278700737e-14	-0.981747703874	1.27565126909	-0.294	9.64347834343e-05	2.22044605009e-15
	 Inner loop 2	258.190954774	0.118245087969	1.19326477952e-14	-0.981747703874	1.27565126909	-0.294	9.64347834454e-05	-2.22044605009e-15
Outer loop 	38	0.118245087969	-2.22044605009e-15
	 Inner loop 2	259.195979899	0.118245087969	9.71220174596e-15	-0.981747703874	1.27565126909	-0.294	9.64347834454e-05	-2.22044605009e-15
	 Inner loop 2	259.195979899	0.118245087969	4.97350641573e-16	-0.981747703874	1.27565126909	-0.294	9.64347834454e-05	-2.22044605009e-15
Outer loop 	39	0.118245087969	-2.22044605009e-15
	 Inner loop 2	260.201005025	0.118245087969	-1.47278700737e-14	-0.981747703874	1.27565126909	-0.294	9.64347834343e-05	2.22044605009e-15
	 Inner loop 2	260.201005025	0.118245087969	1.19326477952e-14	-0.981747703874	1.27565126909	-0.294	9.64347834454e-05	-2.22044605009e-15
Outer loop 	40	0.118245087969	-2.22044605009e-15
	 Inner loop 2	261.206030151	0.118245087969	9.71220174596e-15	-0.981747703874	1.27565126909	-0.294	9.64347834454e-05	-2.22044605009e-15
	 Inner loop 2	261.206030151	0.118245087969	4.97350641573e-16	-0.981747703874	1.27565126909	-0.294	9.64347834454e-05	-2.22044605009e-15
Outer loop 	41	0.118245087969	-2.22044605009e-15
	 Inner loop 2	262.211055276	0.118245087969	-1.47278700737e-14	-0.981747703874	1.27565126909	-0.294	9.64347834343e-05	2.22044605009e-15
	 Inner loop 2	262.211055276	0.118245087969	1.19326477952e-14	-0.981747703874	1.27565126909	-0.294	9.64347834454e-05	-2.22044605009e-15
Outer loop 	42	0.118245087969	-2.22044605009e-15
	 Inner loop 2	263.216080402	0.118245087969	9.71220174596e-15	-0.981747703874	1.27565126909	-0.294	9.64347834454e-05	-2.22044605009e-15
	 Inner loop 2	263.216080402	0.118245087969	4.97350641573e-16	-0.981747703874	1.27565126909	-0.294	9.64347834454e-05	-2.22044605009e-15
Outer loop 	43	0.118245087969	-2.22044605009e-15
	 Inner loop 2	264.221105528	0.118245087969	-1.47278700737e-14	-0.981747703874	1.27565126909	-0.294	9.64347834343e-05	2.22044605009e-15
	 Inner loop 2	264.221105528	0.118245087969	1.19326477952e-14	-0.981747703874	1.27565126909	-0.294	9.64347834454e-05	-2.22044605009e-15
Outer loop 	44	0.118245087969	-2.22044605009e-15
	 Inner loop 2	265.226130653	0.118245087969	9.71220174596e-15	-0.981747703874	1.27565126909	-0.294	9.64347834454e-05	-2.22044605009e-15
	 Inner loop 2	265.226130653	0.118245087969	4.97350641573e-16	-0.981747703874	1.27565126909	-0.294	9.64347834454e-05	-2.22044605009e-15
Outer loop 	45	0.118245087969	-2.22044605009e-15
	 Inner loop 2	266.231155779	0.118245087969	-1.47278700737e-14	-0.981747703874	1.27565126909	-0.294	9.64347834343e-05	2.22044605009e-15
	 Inner loop 2	266.231155779	0.118245087969	1.19326477952e-14	-0.981747703874	1.27565126909	-0.294	9.64347834454e-05	-2.22044605009e-15
Outer loop 	46	0.118245087969	-2.22044605009e-15
	 Inner loop 2	267.236180905	0.118245087969	9.71220174596e-15	-0.981747703874	1.27565126909	-0.294	9.64347834454e-05	-2.22044605009e-15
	 Inner loop 2	267.236180905	0.118245087969	4.97350641573e-16	-0.981747703874	1.27565126909	-0.294	9.64347834454e-05	-2.22044605009e-15
Outer loop 	47	0.118245087969	-2.22044605009e-15
	 Inner loop 2	268.24120603	0.118245087969	-1.47278700737e-14	-0.981747703874	1.27565126909	-0.294	9.64347834343e-05	2.22044605009e-15
	 Inner loop 2	268.24120603	0.118245087969	1.19326477952e-14	-0.981747703874	1.27565126909	-0.294	9.64347834454e-05	-2.22044605009e-15
Outer loop 	48	0.118245087969	-2.22044605009e-15
	 Inner loop 2	269.246231156	0.118245087969	9.71220174596e-15	-0.981747703874	1.27565126909	-0.294	9.64347834454e-05	-2.22044605009e-15
	 Inner loop 2	269.246231156	0.118245087969	4.97350641573e-16	-0.981747703874	1.27565126909	-0.294	9.64347834454e-05	-2.22044605009e-15
Outer loop 	49	0.118245087969	-2.22044605009e-15
	 Inner loop 2	270.251256281	0.118245087969	-1.47278700737e-14	-0.981747703874	1.27565126909	-0.294	9.64347834343e-05	2.22044605009e-15
	 Inner loop 2	270.251256281	0.118245087969	1.19326477952e-14	-0.981747703874	1.27565126909	-0.294	9.64347834454e-05	-2.22044605009e-15
Outer loop 	50	0.118245087969	-2.22044605009e-15
	 Inner loop 2	271.256281407	0.118245087969	9.71220174596e-15	-0.981747703874	1.27565126909	-0.294	9.64347834454e-05	-2.22044605009e-15
	 Inner loop 2	271.256281407	0.118245087969	4.97350641573e-16	-0.981747703874	1.27565126909	-0.294	9.64347834454e-05	-2.22044605009e-15
Outer loop 	51	0.118245087969	-2.22044605009e-15
	 Inner loop 2	272.261306533	0.118245087969	-1.47278700737e-14	-0.981747703874	1.27565126909	-0.294	9.64347834343e-05	2.22044605009e-15
	 Inner loop 2	272.261306533	0.118245087969	1.19326477952e-14	-0.981747703874	1.27565126909	-0.294	9.64347834454e-05	-2.22044605009e-15
Outer loop 	52	0.118245087969	-2.22044605009e-15
	 Inner loop 2	273.266331658	0.118245087969	9.71220174596e-15	-0.981747703874	1.27565126909	-0.294	9.64347834454e-05	-2.22044605009e-15
	 Inner loop 2	273.266331658	0.118245087969	4.97350641573e-16	-0.981747703874	1.27565126909	-0.294	9.64347834454e-05	-2.22044605009e-15
Outer loop 	53	0.118245087969	-2.22044605009e-15
	 Inner loop 2	274.271356784	0.118245087969	-1.47278700737e-14	-0.981747703874	1.27565126909	-0.294	9.64347834343e-05	2.22044605009e-15
	 Inner loop 2	274.271356784	0.118245087969	1.19326477952e-14	-0.981747703874	1.27565126909	-0.294	9.64347834454e-05	-2.22044605009e-15
Outer loop 	54	0.118245087969	-2.22044605009e-15
	 Inner loop 2	275.27638191	0.118245087969	9.71220174596e-15	-0.981747703874	1.27565126909	-0.294	9.64347834454e-05	-2.22044605009e-15
	 Inner loop 2	275.27638191	0.118245087969	4.97350641573e-16	-0.981747703874	1.27565126909	-0.294	9.64347834454e-05	-2.22044605009e-15
Outer loop 	55	0.118245087969	-2.22044605009e-15
	 Inner loop 2	276.281407035	0.118245087969	-1.47278700737e-14	-0.981747703874	1.27565126909	-0.294	9.64347834343e-05	2.22044605009e-15
	 Inner loop 2	276.281407035	0.118245087969	1.19326477952e-14	-0.981747703874	1.27565126909	-0.294	9.64347834454e-05	-2.22044605009e-15
Outer loop 	56	0.118245087969	-2.22044605009e-15
	 Inner loop 2	277.286432161	0.118245087969	9.71220174596e-15	-0.981747703874	1.27565126909	-0.294	9.64347834454e-05	-2.22044605009e-15
	 Inner loop 2	277.286432161	0.118245087969	4.97350641573e-16	-0.981747703874	1.27565126909	-0.294	9.64347834454e-05	-2.22044605009e-15
Outer loop 	57	0.118245087969	-2.22044605009e-15
	 Inner loop 2	278.291457286	0.118245087969	-1.47278700737e-14	-0.981747703874	1.27565126909	-0.294	9.64347834343e-05	2.22044605009e-15
	 Inner loop 2	278.291457286	0.118245087969	1.19326477952e-14	-0.981747703874	1.27565126909	-0.294	9.64347834454e-05	-2.22044605009e-15
Outer loop 	58	0.118245087969	-2.22044605009e-15
	 Inner loop 2	279.296482412	0.118245087969	9.71220174596e-15	-0.981747703874	1.27565126909	-0.294	9.64347834454e-05	-2.22044605009e-15
	 Inner loop 2	279.296482412	0.118245087969	4.97350641573e-16	-0.981747703874	1.27565126909	-0.294	9.64347834454e-05	-2.22044605009e-15
Outer loop 	59	0.118245087969	-2.22044605009e-15
	 Inner loop 2	280.301507538	0.118245087969	-1.47278700737e-14	-0.981747703874	1.27565126909	-0.294	9.64347834343e-05	2.22044605009e-15
	 Inner loop 2	280.301507538	0.118245087969	1.19326477952e-14	-0.981747703874	1.27565126909	-0.294	9.64347834454e-05	-2.22044605009e-15
Outer loop 	60	0.118245087969	-2.22044605009e-15
	 Inner loop 2	281.306532663	0.118245087969	9.71220174596e-15	-0.981747703874	1.27565126909	-0.294	9.64347834454e-05	-2.22044605009e-15
	 Inner loop 2	281.306532663	0.118245087969	4.97350641573e-16	-0.981747703874	1.27565126909	-0.294	9.64347834454e-05	-2.22044605009e-15
Outer loop 	61	0.118245087969	-2.22044605009e-15
	 Inner loop 2	282.311557789	0.118245087969	-1.47278700737e-14	-0.981747703874	1.27565126909	-0.294	9.64347834343e-05	2.22044605009e-15
	 Inner loop 2	282.311557789	0.118245087969	1.19326477952e-14	-0.981747703874	1.27565126909	-0.294	9.64347834454e-05	-2.22044605009e-15
Outer loop 	62	0.118245087969	-2.22044605009e-15
	 Inner loop 2	283.316582915	0.118245087969	9.71220174596e-15	-0.981747703874	1.27565126909	-0.294	9.64347834454e-05	-2.22044605009e-15
	 Inner loop 2	283.316582915	0.118245087969	4.97350641573e-16	-0.981747703874	1.27565126909	-0.294	9.64347834454e-05	-2.22044605009e-15
Outer loop 	63	0.118245087969	-2.22044605009e-15
	 Inner loop 2	284.32160804	0.118245087969	-1.47278700737e-14	-0.981747703874	1.27565126909	-0.294	9.64347834343e-05	2.22044605009e-15
	 Inner loop 2	284.32160804	0.118245087969	1.19326477952e-14	-0.981747703874	1.27565126909	-0.294	9.64347834454e-05	-2.22044605009e-15
Outer loop 	64	0.118245087969	-2.22044605009e-15
	 Inner loop 2	285.326633166	0.118245087969	9.71220174596e-15	-0.981747703874	1.27565126909	-0.294	9.64347834454e-05	-2.22044605009e-15
	 Inner loop 2	285.326633166	0.118245087969	4.97350641573e-16	-0.981747703874	1.27565126909	-0.294	9.64347834454e-05	-2.22044605009e-15
Outer loop 	65	0.118245087969	-2.22044605009e-15
	 Inner loop 2	286.331658291	0.118245087969	-1.47278700737e-14	-0.981747703874	1.27565126909	-0.294	9.64347834343e-05	2.22044605009e-15
	 Inner loop 2	286.331658291	0.118245087969	1.19326477952e-14	-0.981747703874	1.27565126909	-0.294	9.64347834454e-05	-2.22044605009e-15
Outer loop 	66	0.118245087969	-2.22044605009e-15
	 Inner loop 2	287.336683417	0.118245087969	9.71220174596e-15	-0.981747703874	1.27565126909	-0.294	9.64347834454e-05	-2.22044605009e-15
	 Inner loop 2	287.336683417	0.118245087969	4.97350641573e-16	-0.981747703874	1.27565126909	-0.294	9.64347834454e-05	-2.22044605009e-15
Outer loop 	67	0.118245087969	-2.22044605009e-15
	 Inner loop 2	288.341708543	0.118245087969	-1.47278700737e-14	-0.981747703874	1.27565126909	-0.294	9.64347834343e-05	2.22044605009e-15
	 Inner loop 2	288.341708543	0.118245087969	1.19326477952e-14	-0.981747703874	1.27565126909	-0.294	9.64347834454e-05	-2.22044605009e-15
Outer loop 	68	0.118245087969	-2.22044605009e-15
	 Inner loop 2	289.346733668	0.118245087969	9.71220174596e-15	-0.981747703874	1.27565126909	-0.294	9.64347834454e-05	-2.22044605009e-15
	 Inner loop 2	289.346733668	0.118245087969	4.97350641573e-16	-0.981747703874	1.27565126909	-0.294	9.64347834454e-05	-2.22044605009e-15
Outer loop 	69	0.118245087969	-2.22044605009e-15
	 Inner loop 2	290.351758794	0.118245087969	-1.47278700737e-14	-0.981747703874	1.27565126909	-0.294	9.64347834343e-05	2.22044605009e-15
	 Inner loop 2	290.351758794	0.118245087969	1.19326477952e-14	-0.981747703874	1.27565126909	-0.294	9.64347834454e-05	-2.22044605009e-15
Outer loop 	70	0.118245087969	-2.22044605009e-15
	 Inner loop 2	291.35678392	0.118245087969	9.71220174596e-15	-0.981747703874	1.27565126909	-0.294	9.64347834454e-05	-2.22044605009e-15
	 Inner loop 2	291.35678392	0.118245087969	4.97350641573e-16	-0.981747703874	1.27565126909	-0.294	9.64347834454e-05	-2.22044605009e-15
Outer loop 	71	0.118245087969	-2.22044605009e-15
	 Inner loop 2	292.361809045	0.118245087969	-1.47278700737e-14	-0.981747703874	1.27565126909	-0.294	9.64347834343e-05	2.22044605009e-15
	 Inner loop 2	292.361809045	0.118245087969	1.19326477952e-14	-0.981747703874	1.27565126909	-0.294	9.64347834454e-05	-2.22044605009e-15
Outer loop 	72	0.118245087969	-2.22044605009e-15
	 Inner loop 2	293.366834171	0.118245087969	9.71220174596e-15	-0.981747703874	1.27565126909	-0.294	9.64347834454e-05	-2.22044605009e-15
	 Inner loop 2	293.366834171	0.118245087969	4.97350641573e-16	-0.981747703874	1.27565126909	-0.294	9.64347834454e-05	-2.22044605009e-15
Outer loop 	73	0.118245087969	-2.22044605009e-15
	 Inner loop 2	294.371859296	0.118245087969	-1.47278700737e-14	-0.981747703874	1.27565126909	-0.294	9.64347834343e-05	2.22044605009e-15
	 Inner loop 2	294.371859296	0.118245087969	1.19326477952e-14	-0.981747703874	1.27565126909	-0.294	9.64347834454e-05	-2.22044605009e-15
Outer loop 	74	0.118245087969	-2.22044605009e-15
	 Inner loop 2	295.376884422	0.118245087969	9.71220174596e-15	-0.981747703874	1.27565126909	-0.294	9.64347834454e-05	-2.22044605009e-15
	 Inner loop 2	295.376884422	0.118245087969	4.97350641573e-16	-0.981747703874	1.27565126909	-0.294	9.64347834454e-05	-2.22044605009e-15
Outer loop 	75	0.118245087969	-2.22044605009e-15
	 Inner loop 2	296.381909548	0.118245087969	-1.47278700737e-14	-0.981747703874	1.27565126909	-0.294	9.64347834343e-05	2.22044605009e-15
	 Inner loop 2	296.381909548	0.118245087969	1.19326477952e-14	-0.981747703874	1.27565126909	-0.294	9.64347834454e-05	-2.22044605009e-15
Outer loop 	76	0.118245087969	-2.22044605009e-15
	 Inner loop 2	297.386934673	0.118245087969	9.71220174596e-15	-0.981747703874	1.27565126909	-0.294	9.64347834454e-05	-2.22044605009e-15
	 Inner loop 2	297.386934673	0.118245087969	4.97350641573e-16	-0.981747703874	1.27565126909	-0.294	9.64347834454e-05	-2.22044605009e-15
Outer loop 	77	0.118245087969	-2.22044605009e-15
	 Inner loop 2	298.391959799	0.118245087969	-1.47278700737e-14	-0.981747703874	1.27565126909	-0.294	9.64347834343e-05	2.22044605009e-15
	 Inner loop 2	298.391959799	0.118245087969	1.19326477952e-14	-0.981747703874	1.27565126909	-0.294	9.64347834454e-05	-2.22044605009e-15
Outer loop 	78	0.118245087969	-2.22044605009e-15
	 Inner loop 2	299.396984925	0.118245087969	9.71220174596e-15	-0.981747703874	1.27565126909	-0.294	9.64347834454e-05	-2.22044605009e-15
	 Inner loop 2	299.396984925	0.118245087969	4.97350641573e-16	-0.981747703874	1.27565126909	-0.294	9.64347834454e-05	-2.22044605009e-15
Outer loop 	79	0.118245087969	-2.22044605009e-15
	 Inner loop 2	300.40201005	0.118245087969	-1.47278700737e-14	-0.981747703874	1.27565126909	-0.294	9.64347834343e-05	2.22044605009e-15
	 Inner loop 2	300.40201005	0.118245087969	1.19326477952e-14	-0.981747703874	1.27565126909	-0.294	9.64347834454e-05	-2.22044605009e-15
Outer loop 	80	0.118245087969	-2.22044605009e-15
	 Inner loop 2	301.407035176	0.118245087969	9.71220174596e-15	-0.981747703874	1.27565126909	-0.294	9.64347834454e-05	-2.22044605009e-15
	 Inner loop 2	301.407035176	0.118245087969	4.97350641573e-16	-0.981747703874	1.27565126909	-0.294	9.64347834454e-05	-2.22044605009e-15
Outer loop 	81	0.118245087969	-2.22044605009e-15
	 Inner loop 2	302.412060302	0.118245087969	-1.47278700737e-14	-0.981747703874	1.27565126909	-0.294	9.64347834343e-05	2.22044605009e-15
	 Inner loop 2	302.412060302	0.118245087969	1.19326477952e-14	-0.981747703874	1.27565126909	-0.294	9.64347834454e-05	-2.22044605009e-15
Outer loop 	82	0.118245087969	-2.22044605009e-15
	 Inner loop 2	303.417085427	0.118245087969	9.71220174596e-15	-0.981747703874	1.27565126909	-0.294	9.64347834454e-05	-2.22044605009e-15
	 Inner loop 2	303.417085427	0.118245087969	4.97350641573e-16	-0.981747703874	1.27565126909	-0.294	9.64347834454e-05	-2.22044605009e-15
Outer loop 	83	0.118245087969	-2.22044605009e-15
	 Inner loop 2	304.422110553	0.118245087969	-1.47278700737e-14	-0.981747703874	1.27565126909	-0.294	9.64347834343e-05	2.22044605009e-15
	 Inner loop 2	304.422110553	0.118245087969	1.19326477952e-14	-0.981747703874	1.27565126909	-0.294	9.64347834454e-05	-2.22044605009e-15
Outer loop 	84	0.118245087969	-2.22044605009e-15
	 Inner loop 2	305.427135678	0.118245087969	9.71220174596e-15	-0.981747703874	1.27565126909	-0.294	9.64347834454e-05	-2.22044605009e-15
	 Inner loop 2	305.427135678	0.118245087969	4.97350641573e-16	-0.981747703874	1.27565126909	-0.294	9.64347834454e-05	-2.22044605009e-15
Outer loop 	85	0.118245087969	-2.22044605009e-15
	 Inner loop 2	306.432160804	0.118245087969	-1.47278700737e-14	-0.981747703874	1.27565126909	-0.294	9.64347834343e-05	2.22044605009e-15
	 Inner loop 2	306.432160804	0.118245087969	1.19326477952e-14	-0.981747703874	1.27565126909	-0.294	9.64347834454e-05	-2.22044605009e-15
Outer loop 	86	0.118245087969	-2.22044605009e-15
	 Inner loop 2	307.43718593	0.118245087969	9.71220174596e-15	-0.981747703874	1.27565126909	-0.294	9.64347834454e-05	-2.22044605009e-15
	 Inner loop 2	307.43718593	0.118245087969	4.97350641573e-16	-0.981747703874	1.27565126909	-0.294	9.64347834454e-05	-2.22044605009e-15
Outer loop 	87	0.118245087969	-2.22044605009e-15
	 Inner loop 2	308.442211055	0.118245087969	-1.47278700737e-14	-0.981747703874	1.27565126909	-0.294	9.64347834343e-05	2.22044605009e-15
	 Inner loop 2	308.442211055	0.118245087969	1.19326477952e-14	-0.981747703874	1.27565126909	-0.294	9.64347834454e-05	-2.22044605009e-15
Outer loop 	88	0.118245087969	-2.22044605009e-15
	 Inner loop 2	309.447236181	0.118245087969	9.71220174596e-15	-0.981747703874	1.27565126909	-0.294	9.64347834454e-05	-2.22044605009e-15
	 Inner loop 2	309.447236181	0.118245087969	4.97350641573e-16	-0.981747703874	1.27565126909	-0.294	9.64347834454e-05	-2.22044605009e-15
Outer loop 	89	0.118245087969	-2.22044605009e-15
	 Inner loop 2	310.452261307	0.118245087969	-1.47278700737e-14	-0.981747703874	1.27565126909	-0.294	9.64347834343e-05	2.22044605009e-15
	 Inner loop 2	310.452261307	0.118245087969	1.19326477952e-14	-0.981747703874	1.27565126909	-0.294	9.64347834454e-05	-2.22044605009e-15
Outer loop 	90	0.118245087969	-2.22044605009e-15
	 Inner loop 2	311.457286432	0.118245087969	9.71220174596e-15	-0.981747703874	1.27565126909	-0.294	9.64347834454e-05	-2.22044605009e-15
	 Inner loop 2	311.457286432	0.118245087969	4.97350641573e-16	-0.981747703874	1.27565126909	-0.294	9.64347834454e-05	-2.22044605009e-15
Outer loop 	91	0.118245087969	-2.22044605009e-15
	 Inner loop 2	312.462311558	0.118245087969	-1.47278700737e-14	-0.981747703874	1.27565126909	-0.294	9.64347834343e-05	2.22044605009e-15
	 Inner loop 2	312.462311558	0.118245087969	1.19326477952e-14	-0.981747703874	1.27565126909	-0.294	9.64347834454e-05	-2.22044605009e-15
Outer loop 	92	0.118245087969	-2.22044605009e-15
	 Inner loop 2	313.467336683	0.118245087969	9.71220174596e-15	-0.981747703874	1.27565126909	-0.294	9.64347834454e-05	-2.22044605009e-15
	 Inner loop 2	313.467336683	0.118245087969	4.97350641573e-16	-0.981747703874	1.27565126909	-0.294	9.64347834454e-05	-2.22044605009e-15
Outer loop 	93	0.118245087969	-2.22044605009e-15
	 Inner loop 2	314.472361809	0.118245087969	-1.47278700737e-14	-0.981747703874	1.27565126909	-0.294	9.64347834343e-05	2.22044605009e-15
	 Inner loop 2	314.472361809	0.118245087969	1.19326477952e-14	-0.981747703874	1.27565126909	-0.294	9.64347834454e-05	-2.22044605009e-15
Outer loop 	94	0.118245087969	-2.22044605009e-15
	 Inner loop 2	315.477386935	0.118245087969	9.71220174596e-15	-0.981747703874	1.27565126909	-0.294	9.64347834454e-05	-2.22044605009e-15
	 Inner loop 2	315.477386935	0.118245087969	4.97350641573e-16	-0.981747703874	1.27565126909	-0.294	9.64347834454e-05	-2.22044605009e-15
Outer loop 	95	0.118245087969	-2.22044605009e-15
	 Inner loop 2	316.48241206	0.118245087969	-1.47278700737e-14	-0.981747703874	1.27565126909	-0.294	9.64347834343e-05	2.22044605009e-15
	 Inner loop 2	316.48241206	0.118245087969	1.19326477952e-14	-0.981747703874	1.27565126909	-0.294	9.64347834454e-05	-2.22044605009e-15
Outer loop 	96	0.118245087969	-2.22044605009e-15
	 Inner loop 2	317.487437186	0.118245087969	9.71220174596e-15	-0.981747703874	1.27565126909	-0.294	9.64347834454e-05	-2.22044605009e-15
	 Inner loop 2	317.487437186	0.118245087969	4.97350641573e-16	-0.981747703874	1.27565126909	-0.294	9.64347834454e-05	-2.22044605009e-15
Outer loop 	97	0.118245087969	-2.22044605009e-15
	 Inner loop 2	318.492462312	0.118245087969	-1.47278700737e-14	-0.981747703874	1.27565126909	-0.294	9.64347834343e-05	2.22044605009e-15
	 Inner loop 2	318.492462312	0.118245087969	1.19326477952e-14	-0.981747703874	1.27565126909	-0.294	9.64347834454e-05	-2.22044605009e-15
Outer loop 	98	0.118245087969	-2.22044605009e-15
	 Inner loop 2	319.497487437	0.118245087969	9.71220174596e-15	-0.981747703874	1.27565126909	-0.294	9.64347834454e-05	-2.22044605009e-15
	 Inner loop 2	319.497487437	0.118245087969	4.97350641573e-16	-0.981747703874	1.27565126909	-0.294	9.64347834454e-05	-2.22044605009e-15
Outer loop 	99	0.118245087969	-2.22044605009e-15
	 Inner loop 2	320.502512563	0.118245087969	-1.47278700737e-14	-0.981747703874	1.27565126909	-0.294	9.64347834343e-05	2.22044605009e-15
	 Inner loop 2	320.502512563	0.118245087969	1.19326477952e-14	-0.981747703874	1.27565126909	-0.294	9.64347834454e-05	-2.22044605009e-15
Outer loop 	100	0.118245087969	-2.22044605009e-15
	 Inner loop 2	321.507537688	0.118245087969	9.71220174596e-15	-0.981747703874	1.27565126909	-0.294	9.64347834454e-05	-2.22044605009e-15
	 Inner loop 2	321.507537688	0.118245087969	4.97350641573e-16	-0.981747703874	1.27565126909	-0.294	9.64347834454e-05	-2.22044605009e-15
Outer loop 	101	0.118245087969	-2.22044605009e-15
	 Inner loop 2	322.512562814	0.118245087969	-1.47278700737e-14	-0.981747703874	1.27565126909	-0.294	9.64347834343e-05	2.22044605009e-15
	 Inner loop 2	322.512562814	0.118245087969	1.19326477952e-14	-0.981747703874	1.27565126909	-0.294	9.64347834454e-05	-2.22044605009e-15
Outer loop 	102	0.118245087969	-2.22044605009e-15
	 Inner loop 2	323.51758794	0.118245087969	9.71220174596e-15	-0.981747703874	1.27565126909	-0.294	9.64347834454e-05	-2.22044605009e-15
	 Inner loop 2	323.51758794	0.118245087969	4.97350641573e-16	-0.981747703874	1.27565126909	-0.294	9.64347834454e-05	-2.22044605009e-15
Outer loop 	103	0.118245087969	-2.22044605009e-15
	 Inner loop 2	324.522613065	0.118245087969	-1.47278700737e-14	-0.981747703874	1.27565126909	-0.294	9.64347834343e-05	2.22044605009e-15
	 Inner loop 2	324.522613065	0.118245087969	1.19326477952e-14	-0.981747703874	1.27565126909	-0.294	9.64347834454e-05	-2.22044605009e-15
Outer loop 	104	0.118245087969	-2.22044605009e-15
	 Inner loop 2	325.527638191	0.118245087969	9.71220174596e-15	-0.981747703874	1.27565126909	-0.294	9.64347834454e-05	-2.22044605009e-15
	 Inner loop 2	325.527638191	0.118245087969	4.97350641573e-16	-0.981747703874	1.27565126909	-0.294	9.64347834454e-05	-2.22044605009e-15
Outer loop 	105	0.118245087969	-2.22044605009e-15
	 Inner loop 2	326.532663317	0.118245087969	-1.47278700737e-14	-0.981747703874	1.27565126909	-0.294	9.64347834343e-05	2.22044605009e-15
	 Inner loop 2	326.532663317	0.118245087969	1.19326477952e-14	-0.981747703874	1.27565126909	-0.294	9.64347834454e-05	-2.22044605009e-15
Outer loop 	106	0.118245087969	-2.22044605009e-15
	 Inner loop 2	327.537688442	0.118245087969	9.71220174596e-15	-0.981747703874	1.27565126909	-0.294	9.64347834454e-05	-2.22044605009e-15
	 Inner loop 2	327.537688442	0.118245087969	4.97350641573e-16	-0.981747703874	1.27565126909	-0.294	9.64347834454e-05	-2.22044605009e-15
Outer loop 	107	0.118245087969	-2.22044605009e-15
	 Inner loop 2	328.542713568	0.118245087969	-1.47278700737e-14	-0.981747703874	1.27565126909	-0.294	9.64347834343e-05	2.22044605009e-15
	 Inner loop 2	328.542713568	0.118245087969	1.19326477952e-14	-0.981747703874	1.27565126909	-0.294	9.64347834454e-05	-2.22044605009e-15
Outer loop 	108	0.118245087969	-2.22044605009e-15
	 Inner loop 2	329.547738693	0.118245087969	9.71220174596e-15	-0.981747703874	1.27565126909	-0.294	9.64347834454e-05	-2.22044605009e-15
	 Inner loop 2	329.547738693	0.118245087969	4.97350641573e-16	-0.981747703874	1.27565126909	-0.294	9.64347834454e-05	-2.22044605009e-15
Outer loop 	109	0.118245087969	-2.22044605009e-15
	 Inner loop 2	330.552763819	0.118245087969	-1.47278700737e-14	-0.981747703874	1.27565126909	-0.294	9.64347834343e-05	2.22044605009e-15
	 Inner loop 2	330.552763819	0.118245087969	1.19326477952e-14	-0.981747703874	1.27565126909	-0.294	9.64347834454e-05	-2.22044605009e-15
Outer loop 	110	0.118245087969	-2.22044605009e-15
	 Inner loop 2	331.557788945	0.118245087969	9.71220174596e-15	-0.981747703874	1.27565126909	-0.294	9.64347834454e-05	-2.22044605009e-15
	 Inner loop 2	331.557788945	0.118245087969	4.97350641573e-16	-0.981747703874	1.27565126909	-0.294	9.64347834454e-05	-2.22044605009e-15
Outer loop 	111	0.118245087969	-2.22044605009e-15
	 Inner loop 2	332.56281407	0.118245087969	-1.47278700737e-14	-0.981747703874	1.27565126909	-0.294	9.64347834343e-05	2.22044605009e-15
	 Inner loop 2	332.56281407	0.118245087969	1.19326477952e-14	-0.981747703874	1.27565126909	-0.294	9.64347834454e-05	-2.22044605009e-15
Outer loop 	112	0.118245087969	-2.22044605009e-15
	 Inner loop 2	333.567839196	0.118245087969	9.71220174596e-15	-0.981747703874	1.27565126909	-0.294	9.64347834454e-05	-2.22044605009e-15
	 Inner loop 2	333.567839196	0.118245087969	4.97350641573e-16	-0.981747703874	1.27565126909	-0.294	9.64347834454e-05	-2.22044605009e-15
Outer loop 	113	0.118245087969	-2.22044605009e-15
	 Inner loop 2	334.572864322	0.118245087969	-1.47278700737e-14	-0.981747703874	1.27565126909	-0.294	9.64347834343e-05	2.22044605009e-15
	 Inner loop 2	334.572864322	0.118245087969	1.19326477952e-14	-0.981747703874	1.27565126909	-0.294	9.64347834454e-05	-2.22044605009e-15
Outer loop 	114	0.118245087969	-2.22044605009e-15
	 Inner loop 2	335.577889447	0.118245087969	9.71220174596e-15	-0.981747703874	1.27565126909	-0.294	9.64347834454e-05	-2.22044605009e-15
	 Inner loop 2	335.577889447	0.118245087969	4.97350641573e-16	-0.981747703874	1.27565126909	-0.294	9.64347834454e-05	-2.22044605009e-15
Outer loop 	115	0.118245087969	-2.22044605009e-15
	 Inner loop 2	336.582914573	0.118245087969	-1.47278700737e-14	-0.981747703874	1.27565126909	-0.294	9.64347834343e-05	2.22044605009e-15
	 Inner loop 2	336.582914573	0.118245087969	1.19326477952e-14	-0.981747703874	1.27565126909	-0.294	9.64347834454e-05	-2.22044605009e-15
Outer loop 	116	0.118245087969	-2.22044605009e-15
	 Inner loop 2	337.587939698	0.118245087969	9.71220174596e-15	-0.981747703874	1.27565126909	-0.294	9.64347834454e-05	-2.22044605009e-15
	 Inner loop 2	337.587939698	0.118245087969	4.97350641573e-16	-0.981747703874	1.27565126909	-0.294	9.64347834454e-05	-2.22044605009e-15
Outer loop 	117	0.118245087969	-2.22044605009e-15
	 Inner loop 2	338.592964824	0.118245087969	-1.47278700737e-14	-0.981747703874	1.27565126909	-0.294	9.64347834343e-05	2.22044605009e-15
	 Inner loop 2	338.592964824	0.118245087969	1.19326477952e-14	-0.981747703874	1.27565126909	-0.294	9.64347834454e-05	-2.22044605009e-15
Outer loop 	118	0.118245087969	-2.22044605009e-15
	 Inner loop 2	339.59798995	0.118245087969	9.71220174596e-15	-0.981747703874	1.27565126909	-0.294	9.64347834454e-05	-2.22044605009e-15
	 Inner loop 2	339.59798995	0.118245087969	4.97350641573e-16	-0.981747703874	1.27565126909	-0.294	9.64347834454e-05	-2.22044605009e-15
Outer loop 	119	0.118245087969	-2.22044605009e-15
	 Inner loop 2	340.603015075	0.118245087969	-1.47278700737e-14	-0.981747703874	1.27565126909	-0.294	9.64347834343e-05	2.22044605009e-15
	 Inner loop 2	340.603015075	0.118245087969	1.19326477952e-14	-0.981747703874	1.27565126909	-0.294	9.64347834454e-05	-2.22044605009e-15
Outer loop 	120	0.118245087969	-2.22044605009e-15
	 Inner loop 2	341.608040201	0.118245027985	-9.85009585614e-06	-0.98175755397	1.27565126909	-0.294	9.64347834454e-05	-2.22044605009e-15
	 Inner loop 2	341.608040201	0.11824504141	2.20462763281e-06	-0.98174771993	1.27565103563	-0.294	9.88889258319e-05	-9.80562129644e-07
	 Inner loop 2	341.608040201	0.118245038955	1.37212723822e-13	-0.981749518428	1.27565107833	-0.294	9.84401000973e-05	-8.01232063224e-07
	 Inner loop 2	341.608040201	0.118245038955	-3.43624190517e-14	-0.981749518428	1.27565107833	-0.294	9.84401000584e-05	-8.01232047681e-07
Outer loop 	121	0.118245038955	-8.01232052121e-07
	 Inner loop 2	342.613065327	0.118245050005	9.86321606808e-06	-0.981741469767	1.27565088757	-0.294	0.000100445416694	-1.60246410202e-06
	 Inner loop 2	342.613065327	0.118245036464	-2.22364243939e-06	-0.981751332983	1.27565112133	-0.294	9.79880054233e-05	-6.20595879366e-07
	 Inner loop 2	342.613065327	0.118245038955	-2.99215269532e-14	-0.981749518428	1.27565107833	-0.294	9.84401000584e-05	-8.01232047681e-07
	 Inner loop 2	342.613065327	0.118245038955	9.61756444883e-15	-0.981749518428	1.27565107833	-0.294	9.84401000695e-05	-8.01232052121e-07
Outer loop 	122	0.118245038955	-8.01232052121e-07
	 Inner loop 2	343.618090452	0.118243261914	-0.000291808717792	-0.982041327146	1.27565107833	-0.294	9.84401000695e-05	-8.01232052121e-07
	 Inner loop 2	343.618090452	0.118243651259	6.39345132983e-05	-0.981751372328	1.27564416208	-0.293999999869	0.000171144635455	-2.98506116983e-05
	 Inner loop 2	343.618090452	0.11824358129	6.89331547735e-10	-0.981803482577	1.27564540507	-0.293999999911	0.000158078106287	-2.46298291922e-05
	 Inner loop 2	343.618090452	0.118243581289	-1.51018216243e-10	-0.981803483262	1.27564540509	-0.293999999911	0.000158077934544	-2.46297605715e-05
Outer loop 	123	0.118243581289	-2.46297729017e-05
	 Inner loop 2	344.623115578	0.118241332691	-0.00012987763105	-0.981987325648	1.27563973184	-0.293999999655	0.000217715830744	-4.84583137534e-05
	 Inner loop 2	344.623115578	0.118241499861	2.74506658654e-05	-0.981859278861	1.27563665353	-0.293999999446	0.000250075444936	-6.13877233546e-05
	 Inner loop 2	344.623115578	0.118241470695	3.10533425905e-10	-0.98188162017	1.27563719063	-0.293999999486	0.000244429334124	-5.91317978385e-05
	 Inner loop 2	344.623115578	0.118241470695	-6.5632149509e-11	-0.981881620476	1.27563719064	-0.293999999486	0.000244429256749	-5.91317669232e-05
Outer loop 	124	0.118241470695	-5.91317723167e-05
	 Inner loop 2	345.628140704	0.118236240041	-0.000512324756839	-0.982472082814	1.27562897619	-0.293999998711	0.000330780575092	-9.36337717317e-05
	 Inner loop 2	345.628140704	0.118236847734	9.9785212918e-05	-0.981975483156	1.2756168329	-0.293999996925	0.000458432389794	-0.000144637550356
	 Inner loop 2	345.628140704	0.118236748724	9.1229827803e-09	-0.982056428875	1.27561881248	-0.293999997268	0.000437622781471	-0.000136322990483
	 Inner loop 2	345.628140704	0.118236748713	-1.77608839468e-09	-0.982056437717	1.2756188127	-0.293999997268	0.000437620508363	-0.000136322082254
Outer loop 	125	0.118236748715	-0.000136322230258
	 Inner loop 2	346.633165829	0.118225869946	-0.00101090452598	-0.983242158407	1.27560043469	-0.293999993299	0.000630812487323	-0.0002135126882
	 Inner loop 2	346.633165829	0.118226884287	0.000166547966195	-0.982292645825	1.27557647243	-0.293999985492	0.000882706851846	-0.000314158060417
	 Inner loop 2	346.633165829	0.118226741124	5.14552561402e-08	-0.982426900522	1.27557986184	-0.293999986777	0.000847076910819	-0.00029992197902
	 Inner loop 2	346.633165829	0.118226741073	-8.46188905859e-09	-0.982426948837	1.27557986306	-0.293999986777	0.000847064089319	-0.00029991685614
Outer loop 	126	0.11822674108	-0.000299917579626
	 Inner loop 2	347.638190955	0.118206463495	-0.00168606184785	-0.984483517468	1.27554091312	-0.293999968418	0.00125651092132	-0.000463512928993
	 Inner loop 2	347.638190955	0.118207687154	0.000200892287221	-0.982976796848	1.27550094241	-0.293999941397	0.00167668812318	-0.00063139636282
	 Inner loop 2	347.638190955	0.118207557809	1.52804640236e-07	-0.983137054634	1.27550519786	-0.293999944668	0.00163195424325	-0.000613522767257
	 Inner loop 2	347.638190955	0.118207557698	-1.80920693227e-08	-0.98313719107	1.27550520149	-0.29399994467	0.00163191616318	-0.000613507552218
Outer loop 	127	0.11820755771	-0.000613509162968
	 Inner loop 2	348.64321608	0.118173506857	-0.00244036824758	-0.986287808398	1.27543053931	-0.293999873651	0.00241677448904	-0.000927100746306
	 Inner loop 2	348.64321608	0.118174382799	0.000143776412423	-0.984254151604	1.27537267498	-0.293999798723	0.00302505175887	-0.00117014029325
	 Inner loop 2	348.64321608	0.118174335335	2.08892054624e-07	-0.984367090307	1.27537589447	-0.293999803349	0.00299120807763	-0.0011566179189
	 Inner loop 2	348.64321608	0.118174335262	-1.20048218315e-08	-0.984367264082	1.27537589942	-0.293999803356	0.00299115600934	-0.00115659711481
	 Inner loop 2	348.64321608	0.118174335266	-5.64869331865e-15	-0.984367254638	1.27537589915	-0.293999803355	0.00299115883903	-0.00115659824542
	 Inner loop 2	348.64321608	0.118174335266	-3.31722496694e-15	-0.984367254638	1.27537589915	-0.293999803355	0.00299115883903	-0.00115659824542
Outer loop 	128	0.118174335266	-0.00115659824543
	 Inner loop 2	349.648241206	0.118121791763	-0.00317037467399	-0.988767794038	1.27524659721	-0.293999575326	0.00435039748352	-0.00169968732789
	 Inner loop 2	349.648241206	0.118121555315	-3.87976773396e-05	-0.986351679465	1.27517139953	-0.293999402833	0.00514088509008	-0.00201552972295
	 Inner loop 2	349.648241206	0.118121551847	-8.83701722536e-08	-0.986321834546	1.27517046787	-0.293999400512	0.00515067881746	-0.00201944284479
	 Inner loop 2	349.648241206	0.118121551839	-1.28271752508e-09	-0.986321767402	1.27517046577	-0.293999400507	0.00515070085182	-0.0020194516487
Outer loop 	129	0.118121551839	-0.00201945177838
	 Inner loop 2	350.653266332	0.118045703152	-0.00378297304044	-0.992059470116	1.27496503233	-0.293998778771	0.0073102435137	-0.00288230531133
	 Inner loop 2	350.653266332	0.118043651956	-0.000336407580994	-0.989467150025	1.27487526221	-0.293998438363	0.00825391860117	-0.00325935435968
	 Inner loop 2	350.653266332	0.118043445493	-1.02423371486e-06	-0.989215152303	1.27486649969	-0.293998402896	0.00834603127399	-0.00329615833606
	 Inner loop 2	350.653266332	0.118043444919	-9.41790737723e-08	-0.98921445355	1.27486647539	-0.293998402798	0.00834628678287	-0.00329626042563
	 Inner loop 2	350.653266332	0.118043444861	-8.30256002837e-14	-0.989214382793	1.27486647292	-0.293998402788	0.00834631265617	-0.0032962707634
	 Inner loop 2	350.653266332	0.118043444861	4.85722573274e-17	-0.989214382793	1.27486647292	-0.293998402788	0.00834631265619	-0.00329627076342
Outer loop 	130	0.118043444861	-0.00329627076342
	 Inner loop 2	351.658291457	0.117939636738	-0.00421250771162	-0.99631998618	1.2745624801	-0.293996925772	0.011541924136	-0.00457308974845
	 Inner loop 2	351.658291457	0.117935379832	-0.000697686040224	-0.993757244037	1.2744624511	-0.293996334956	0.0125934418538	-0.00499322773884
	 Inner loop 2	351.658291457	0.117934519593	-2.49088776301e-06	-0.993251052826	1.27444259429	-0.2939962115	0.0128021791445	-0.0050766295345
	 Inner loop 2	351.658291457	0.117934517023	-4.21215871332e-07	-0.993249546182	1.27444253514	-0.293996211129	0.0128028009532	-0.00507687798057
	 Inner loop 2	351.658291457	0.1179345165	-8.88154133571e-13	-0.993249239554	1.2744425231	-0.293996211053	0.0128029275026	-0.00507692854387
	 Inner loop 2	351.658291457	0.1179345165	-1.45659526107e-13	-0.993249239553	1.2744425231	-0.293996211053	0.0128029275028	-0.00507692854396
Outer loop 	131	0.1179345165	-0.00507692854398
	 Inner loop 2	352.663316583	0.117798512825	-0.00443383453823	-1.00171886304	1.27401857328	-0.293993087133	0.0172595423495	-0.00685758632454
	 Inner loop 2	352.663316583	0.117792070888	-0.00105485966442	-0.999343171531	1.273913196	-0.293992166001	0.0183672818704	-0.00730018795483
	 Inner loop 2	352.663316583	0.117790035417	-3.96857473001e-06	-0.998605526908	1.2738802962	-0.293991866618	0.0187131287504	-0.00743837241973
	 Inner loop 2	352.663316583	0.117790029564	-9.58307413021e-07	-0.998603414763	1.27388020187	-0.293991865752	0.0187141203339	-0.00743876861075
	 Inner loop 2	352.663316583	0.117790027701	-3.24143489827e-12	-0.998602742373	1.27388017184	-0.293991865476	0.0187144360008	-0.0074388947367
	 Inner loop 2	352.663316583	0.117790027701	-7.82329062643e-13	-0.998602742371	1.27388017184	-0.293991865476	0.0187144360016	-0.00743889473702
Outer loop 	132	0.117790027701	-0.00743889473713
	 Inner loop 2	353.668341709	0.117618272733	-0.00446006654045	-1.00841795187	1.27331782059	-0.293985879752	0.0246259445009	-0.00980086093028
	 Inner loop 2	353.668341709	0.117610009184	-0.00135161164509	-1.00632023837	1.2732117005	-0.293984566245	0.0257414924751	-0.0102465824584
	 Inner loop 2	353.668341709	0.117606385595	-4.91847133944e-06	-1.00541309817	1.27316555272	-0.293983976826	0.0262266037987	-0.0104404105729
	 Inner loop 2	353.668341709	0.117606376381	-1.50687900348e-06	-1.00541080138	1.27316543568	-0.293983975317	0.0262278341324	-0.0104409021576
	 Inner loop 2	353.668341709	0.117606372312	-6.05633251882e-12	-1.00540978691	1.27316538399	-0.293983974651	0.0262283775632	-0.0104411192874
	 Inner loop 2	353.668341709	0.117606372312	-1.85189363844e-12	-1.0054097869	1.27316538399	-0.293983974651	0.0262283775647	-0.010441119288
Outer loop 	133	0.117606372312	-0.0104411192883
	 Inner loop 2	354.673366834	0.117396214074	-0.00432919913611	-1.01654868035	1.27245059613	-0.293973434047	0.0337423191289	-0.0134433438395
	 Inner loop 2	354.673366834	0.117386675997	-0.00155790697781	-1.01476029687	1.27234744689	-0.293971694182	0.0348266371865	-0.0138765873331
	 Inner loop 2	354.673366834	0.117381282026	-5.12713656483e-06	-1.01376016054	1.27228945344	-0.293970691748	0.0354362717091	-0.0141201691757
	 Inner loop 2	354.673366834	0.117381270639	-1.85986924901e-06	-1.01375805756	1.27228933127	-0.293970689618	0.0354375560424	-0.014120682336
	 Inner loop 2	354.673366834	0.117381264156	-7.24600934809e-12	-1.01375686046	1.27228926172	-0.293970688405	0.0354382871403	-0.014120974449
	 Inner loop 2	354.673366834	0.117381264156	-2.6280019827e-12	-1.01375686046	1.27228926172	-0.293970688405	0.0354382871421	-0.0141209744498
Outer loop 	134	0.117381264156	-0.0141209744502
	 Inner loop 2	355.67839196	0.117131302556	-0.00405305916481	-1.02619647379	1.27141313945	-0.293953421408	0.0446836965883	-0.0178008296121
	 Inner loop 2	355.67839196	0.117121199252	-0.00164749795919	-1.02472062558	1.27131640969	-0.293951271013	0.045707988946	-0.0182071102179
	 Inner loop 2	355.67839196	0.117114250725	-4.58802885546e-06	-1.02371456277	1.27125015338	-0.293949770072	0.0464095914346	-0.018485397449
	 Inner loop 2	355.67839196	0.117114239221	-1.87575432613e-06	-1.02371290313	1.27125004387	-0.293949767573	0.0464107510818	-0.0184858574175
	 Inner loop 2	355.67839196	0.117114231265	-5.90419380053e-12	-1.02371175536	1.27124996813	-0.293949765844	0.0464115530706	-0.0184861755224
	 Inner loop 2	355.67839196	0.117114231265	-2.41860004246e-12	-1.02371175536	1.27124996813	-0.293949765844	0.0464115530721	-0.018486175523
Outer loop 	135	0.117114231265	-0.0184861755234
	 Inner loop 2	356.683417085	0.116824191436	-0.00374474450911	-1.03744903533	1.27021067454	-0.293923242085	0.0574168583597	-0.0228513765967
	 Inner loop 2	356.683417085	0.116813901802	-0.0016746690776	-1.03624015576	1.27012113141	-0.293920694792	0.0583650500642	-0.0232274722468
	 Inner loop 2	356.683417085	0.116805552767	-3.84749602182e-06	-1.03526616247	1.27004868161	-0.293918603337	0.0591322367064	-0.023531773115
	 Inner loop 2	356.683417085	0.11680554215	-1.72781722209e-06	-1.0352649278	1.27004858959	-0.293918600664	0.0591332110547	-0.0235321595856
	 Inner loop 2	356.683417085	0.116805533496	-4.07000128044e-12	-1.03526392139	1.27004851459	-0.293918598485	0.0591340052769	-0.02353247461
	 Inner loop 2	356.683417085	0.116805533496	-1.82831527695e-12	-1.03526392139	1.27004851459	-0.293918598485	0.059134005278	-0.0235324746104
Outer loop 	136	0.116805533496	-0.0235324746107
	 Inner loop 2	357.688442211	0.116475664851	-0.00343841350061	-1.05026198557	1.26884706105	-0.293879946464	0.0718564574845	-0.028578773698
	 Inner loop 2	357.688442211	0.116465476539	-0.00165458243075	-1.04927120388	1.26876466388	-0.29387702143	0.0727289790037	-0.0289248551353
	 Inner loop 2	357.688442211	0.116456006102	-3.07510991814e-06	-1.04835542465	1.26868822561	-0.293874276459	0.073538400389	-0.02924590821
	 Inner loop 2	357.688442211	0.116455996962	-1.48425708119e-06	-1.04835454321	1.26868815191	-0.293874273798	0.0735391808345	-0.0292462177699
	 Inner loop 2	357.688442211	0.116455988434	-2.46094811196e-12	-1.04835372082	1.26868808315	-0.293874271315	0.073539908986	-0.0292465065877
	 Inner loop 2	357.688442211	0.116455988434	-1.18820231432e-12	-1.04835372082	1.26868808315	-0.293874271315	0.0735399089866	-0.0292465065879
Outer loop 	137	0.116455988434	-0.0292465065882
	 Inner loop 2	358.693467337	0.11608729534	-0.00310236434177	-1.06455547961	1.26732765171	-0.293820349128	0.0879458126955	-0.0349605385656
	 Inner loop 2	358.693467337	0.116077538145	-0.00158074750887	-1.06375172305	1.26725312745	-0.293817118108	0.0887349662022	-0.0352735524843
	 Inner loop 2	358.693467337	0.116067386027	-2.31214087044e-06	-1.06291918376	1.26717569584	-0.293813730545	0.0895549063279	-0.0355987777664
	 Inner loop 2	358.693467337	0.116067378739	-1.18068983644e-06	-1.06291858743	1.26717564029	-0.293813728103	0.0895554945569	-0.0355990110846
	 Inner loop 2	358.693467337	0.116067371133	-1.28544397349e-12	-1.06291796515	1.26717558232	-0.293813725556	0.0895561083847	-0.0355992545565
	 Inner loop 2	358.693467337	0.116067371133	-6.53851972565e-13	-1.06291796515	1.26717558232	-0.293813725556	0.0895561083851	-0.0355992545566
Outer loop 	138	0.116067371133	-0.0355992545567
	 Inner loop 2	359.698492462	0.115661544976	-0.00278080579971	-1.0802748728	1.2656630815	-0.293741322276	0.105572307784	-0.0419520025253
	 Inner loop 2	359.698492462	0.115652370028	-0.00148249570964	-1.07962229973	1.26559610453	-0.293737841974	0.106281541467	-0.0422333166328
	 Inner loop 2	359.698492462	0.115641881566	-1.68261985034e-06	-1.07887896483	1.26551961495	-0.293733838939	0.107091506199	-0.0425545852234
	 Inner loop 2	359.698492462	0.115641876005	-8.98458529505e-07	-1.07887857147	1.26551957442	-0.29373383681	0.107091935406	-0.0425547554661
	 Inner loop 2	359.698492462	0.115641869634	-6.02864980159e-13	-1.07887812078	1.26551952798	-0.29373383437	0.107092427172	-0.042554950523
	 Inner loop 2	359.698492462	0.115641869634	-3.26155769059e-13	-1.07887812078	1.26551952798	-0.29373383437	0.107092427172	-0.0425549505231
Outer loop 	139	0.115641869634	-0.0425549505231
	 Inner loop 2	360.703517588	0.115200742839	-0.00251770493323	-1.09733548772	1.26386347363	-0.293639731898	0.124594041059	-0.0495106464895
	 Inner loop 2	360.703517588	0.115192075854	-0.00139642563831	-1.09679645137	1.26380265989	-0.293636005801	0.125233371643	-0.0497660740288
	 Inner loop 2	360.703517588	0.115181272883	-1.24579602595e-06	-1.09612651612	1.2637269128	-0.293631337937	0.126029695455	-0.0500842240392
	 Inner loop 2	360.703517588	0.115181268589	-6.9178241538e-07	-1.09612625026	1.26372688271	-0.293631336077	0.126030011849	-0.0500843504459
	 Inner loop 2	360.703517588	0.115181263227	-2.99454905317e-13	-1.09612591829	1.26372684513	-0.293631333753	0.126030406921	-0.0500845082867
	 Inner loop 2	360.703517588	0.115181263227	-1.6928125568e-13	-1.09612591829	1.26372684513	-0.293631333753	0.126030406921	-0.0500845082867
Outer loop 	140	0.115181263227	-0.0500845082867
	 Inner loop 2	361.708542714	0.114706288217	-0.00230814107028	-1.1156068733	1.26193416228	-0.29351218601	0.144876755968	-0.0576140660503
	 Inner loop 2	361.708542714	0.114698081208	-0.00131827967073	-1.11515298503	1.26187823959	-0.293508201517	0.145464667294	-0.0578489503923
	 Inner loop 2	361.708542714	0.114687144036	-9.23271799097e-07	-1.11454954956	1.26180375269	-0.293502869177	0.14624774277	-0.058161807382
	 Inner loop 2	361.708542714	0.11468714075	-5.27786375909e-07	-1.11454936851	1.26180373032	-0.293502867571	0.146247977971	-0.05816190135
	 Inner loop 2	361.708542714	0.114687136365	-1.55264689994e-13	-1.11454912689	1.26180370046	-0.293502865427	0.146248291852	-0.0581620267529
	 Inner loop 2	361.708542714	0.114687136365	-9.01501095996e-14	-1.11454912689	1.26180370046	-0.293502865427	0.146248291852	-0.0581620267529
Outer loop 	141	0.114687136365	-0.0581620267529
	 Inner loop 2	362.713567839	0.114180633404	-0.00198162291749	-1.13497310827	1.2598805558	-0.293355247228	0.166466176783	-0.0662395452192
	 Inner loop 2	362.713567839	0.114173392726	-0.00115929639038	-1.13461294217	1.25983238795	-0.293351304181	0.166972562004	-0.0664418579731
	 Inner loop 2	362.713567839	0.114163180035	-5.93929464804e-07	-1.13410588242	1.25976447377	-0.293345724288	0.167686539005	-0.0667271085039
	 Inner loop 2	362.713567839	0.114163177863	-3.47680359669e-07	-1.13410577471	1.25976445933	-0.293345723099	0.167686690797	-0.0667271691482
	 Inner loop 2	362.713567839	0.114163174797	-5.77871084317e-14	-1.13410562264	1.25976443895	-0.29334572142	0.167686905112	-0.0667272547723
	 Inner loop 2	362.713567839	0.114163174797	-3.23352455922e-14	-1.13410562264	1.25976443895	-0.29334572142	0.167686905112	-0.0667272547723
Outer loop 	142	0.114163174797	-0.0667272547723
	 Inner loop 2	363.718592965	0.11362814011	-0.00176696433762	-1.15545060336	1.25772517743	-0.293167056784	0.189125518372	-0.0752924827916
	 Inner loop 2	363.718592965	0.113621532489	-0.00105434575725	-1.15515196802	1.25768208079	-0.293163048867	0.189578590343	-0.0754734956532
	 Inner loop 2	363.718592965	0.113611752594	-4.08363862087e-07	-1.15471062162	1.25761831045	-0.293157100707	0.190249003515	-0.0757413414146
	 Inner loop 2	363.718592965	0.113611751066	-2.43783221998e-07	-1.15471055273	1.25761830048	-0.293157099776	0.190249108237	-0.0757413832534
	 Inner loop 2	363.718592965	0.113611748803	-4.49917880729e-14	-1.15471045069	1.25761828573	-0.293157098397	0.190249263355	-0.0757414452265
	 Inner loop 2	363.718592965	0.113611748803	-1.92623694772e-14	-1.15471045069	1.25761828573	-0.293157098397	0.190249263355	-0.0757414452265
Outer loop 	143	0.113611748803	-0.0757414452265
	 Inner loop 2	364.72361809	0.113050844841	-0.00150705530173	-1.17691696856	1.25547213251	-0.292944654871	0.212882435616	-0.0847556356807
	 Inner loop 2	364.72361809	0.113045108378	-0.000912096704344	-1.17667880887	1.2554352442	-0.292940795234	0.213272263194	-0.0849105725424
	 Inner loop 2	364.72361809	0.113036311669	-2.51990581179e-07	-1.17631402063	1.25537868718	-0.292934863997	0.213869945458	-0.0851481211916
	 Inner loop 2	364.72361809	0.113036310709	-1.52559320343e-07	-1.17631398086	1.25537868101	-0.292934863349	0.213870010647	-0.0851481471008
	 Inner loop 2	364.72361809	0.113036309237	-1.70974345792e-14	-1.17631391985	1.25537867154	-0.292934862355	0.213870110667	-0.0851481868537
	 Inner loop 2	364.72361809	0.113036309237	-1.22124532709e-14	-1.17631391985	1.25537867154	-0.292934862355	0.213870110667	-0.0851481868537
Outer loop 	144	0.113036309237	-0.0851481868537
	 Inner loop 2	365.728643216	0.112452277307	-0.00136122083084	-1.19935143573	1.25313905736	-0.29268670564	0.237537863183	-0.094554928481
	 Inner loop 2	365.728643216	0.112447005287	-0.000835174649999	-1.1991492525	1.25310561583	-0.292682803905	0.237891265929	-0.0946953883039
	 Inner loop 2	365.728643216	0.112438633302	-1.74456150109e-07	-1.19882849189	1.25305251757	-0.29267659689	0.238452396756	-0.0949184095943
	 Inner loop 2	365.728643216	0.112438632626	-1.07063847926e-07	-1.19882846601	1.25305251328	-0.292676596388	0.238452442053	-0.0949184275975
	 Inner loop 2	365.728643216	0.112438631552	-1.45994327738e-14	-1.19882842489	1.25305250647	-0.292676595591	0.238452514014	-0.0949184561986
	 Inner loop 2	365.728643216	0.112438631552	-1.19348975147e-14	-1.19882842489	1.25305250647	-0.292676595591	0.238452514014	-0.0949184561986
Outer loop 	145	0.112438631552	-0.0949184561986
	 Inner loop 2	366.733668342	0.111832965284	-0.00126077032799	-1.22263163841	1.2507263414	-0.292390390679	0.263034917362	-0.104688725544
	 Inner loop 2	366.733668342	0.111828007257	-0.00078245669161	-1.22245481706	1.25069524978	-0.292386376167	0.263363486751	-0.104819315355
	 Inner loop 2	366.733668342	0.111819895071	-1.25603144663e-07	-1.22216574164	1.25064438353	-0.292379797626	0.263901030134	-0.105032961823
	 Inner loop 2	366.733668342	0.111819894577	-7.79666057826e-08	-1.22216572404	1.25064438043	-0.292379797225	0.26390106287	-0.105032974834
	 Inner loop 2	366.733668342	0.111819893768	8.93729534823e-15	-1.22216569524	1.25064437536	-0.292379796569	0.26390111645	-0.105032996129
	 Inner loop 2	366.733668342	0.111819893768	8.93729534823e-15	-1.22216569524	1.25064437536	-0.292379796569	0.26390111645	-0.105032996129
Outer loop 	146	0.111819893768	-0.105032996129
	 Inner loop 2	367.738693467	0.111193280111	-0.00123812959471	-1.24666643491	1.24823624426	-0.292053086203	0.289245147262	-0.115147536059
	 Inner loop 2	367.738693467	0.111188323676	-0.000779151949855	-1.24650179033	1.24820559131	-0.292048734877	0.289565781942	-0.115276283378
	 Inner loop 2	367.738693467	0.111179908308	-1.02661320001e-07	-1.24622245185	1.24815355072	-0.292041336388	0.290110134857	-0.115494862286
	 Inner loop 2	367.738693467	0.111179907897	-6.46148550221e-08	-1.24622243821	1.24815354818	-0.292041336027	0.290110161445	-0.115494872962
	 Inner loop 2	367.738693467	0.111179907199	-1.83186799063e-15	-1.24622241505	1.24815354386	-0.292041335412	0.290110206601	-0.115494891094
	 Inner loop 2	367.738693467	0.111179907199	-1.60982338571e-15	-1.24622241505	1.24815354386	-0.292041335412	0.290110206601	-0.115494891094
Outer loop 	147	0.111179907199	-0.115494891094
	 Inner loop 2	368.743718593	0.110532382306	-0.00118030180551	-1.27133680531	1.24566271236	-0.291670910259	0.316164701407	-0.125956786059
	 Inner loop 2	368.743718593	0.110527599537	-0.00074883079049	-1.2711874413	1.24563337316	-0.291666356758	0.31647159411	-0.126080015438
	 Inner loop 2	368.743718593	0.110519297678	-7.59760369617e-08	-1.27092834543	1.2455824496	-0.291658442806	0.317004262663	-0.126293902619
	 Inner loop 2	368.743718593	0.11051929737	-4.82084042686e-08	-1.27092833583	1.24558244771	-0.291658442513	0.317004282419	-0.126293910552
	 Inner loop 2	368.743718593	0.110519296836	-7.27196081129e-15	-1.27092831915	1.24558244443	-0.291658442003	0.317004316719	-0.126293924325
	 Inner loop 2	368.743718593	0.110519296836	-1.83186799063e-15	-1.27092831915	1.24558244443	-0.291658442003	0.317004316719	-0.126293924325
Outer loop 	148	0.110519296836	-0.126293924325
	 Inner loop 2	369.748743719	0.10985271062	-0.000931800254018	-1.29660003612	1.243011345	-0.291241535973	0.343898426838	-0.137092957556
	 Inner loop 2	369.748743719	0.109848893035	-0.00059525141632	-1.2964874386	1.24298808695	-0.291237609574	0.344141709806	-0.137190645148
	 Inner loop 2	369.748743719	0.109842140179	-3.76702643523e-08	-1.29628836088	1.24294694767	-0.291230657682	0.344572033222	-0.137363436768
	 Inner loop 2	369.748743719	0.109842140024	-2.40665000151e-08	-1.29628835633	1.24294694673	-0.291230657523	0.344572043058	-0.137363440718
Outer loop 	149	0.109842139751	-0.137363447705
	 Inner loop 2	370.753768844	0.109156737808	-0.00128020578534	-1.32252797184	1.2403114457	-0.290767187087	0.371703507441	-0.148432971085
	 Inner loop 2	370.753768844	0.109151372848	-0.000833005059359	-1.32237976268	1.24027935666	-0.290761324354	0.372028725311	-0.14856775023
	 Inner loop 2	370.753768844	0.109141378081	-6.00078149948e-08	-1.32210382288	1.24021957802	-0.290750388587	0.372634573439	-0.148818830198
	 Inner loop 2	370.753768844	0.10914137783	-3.9049803835e-08	-1.32210381594	1.24021957651	-0.290750388312	0.372634588684	-0.148818836516
	 Inner loop 2	370.753768844	0.109141377361	7.66053886991e-15	-1.322103803	1.24021957371	-0.290750387799	0.372634617091	-0.148818848289
	 Inner loop 2	370.753768844	0.109141377361	4.99600361081e-15	-1.322103803	1.24021957371	-0.290750387799	0.372634617091	-0.148818848289
Outer loop 	150	0.109141377361	-0.148818848289
	 Inner loop 2	371.75879397	0.108432858578	-0.00119912981066	-1.34873550869	1.23749220235	-0.290231964703	0.40027614123	-0.160274248872
	 Inner loop 2	371.75879397	0.108427786584	-0.000784098322661	-1.34860219109	1.23746201443	-0.290226013295	0.400582091638	-0.160401043056
	 Inner loop 2	371.75879397	0.108418203138	-3.89145266011e-08	-1.34835042399	1.23740497635	-0.29021475577	0.401160164496	-0.160640612195
	 Inner loop 2	371.75879397	0.108418202974	-2.54477575123e-08	-1.34835041967	1.23740497537	-0.290214755576	0.401160174426	-0.16064061631
Outer loop 	151	0.108418202663	-0.160640624087
	 Inner loop 2	372.763819095	0.107690364	-0.00071783758348	-1.37535541589	1.23459037333	-0.289638564311	0.429685769289	-0.172462399885
	 Inner loop 2	372.763819095	0.107687301598	-0.000471329145281	-1.37527857252	1.23457222115	-0.28963471683	0.429869739051	-0.172538641966
	 Inner loop 2	372.763819095	0.107681445819	-9.52123618836e-09	-1.37513167969	1.23453751178	-0.289627355248	0.430221513645	-0.172684426941
	 Inner loop 2	372.763819095	0.107681445778	-6.25182872138e-09	-1.37513167868	1.23453751154	-0.289627355197	0.430221516086	-0.172684427952
Outer loop 	152	0.1076814457	-0.172684429886
	 Inner loop 2	373.768844221	0.106943894923	-0.000121630223791	-1.40260875448	1.23167004863	-0.288997944104	0.459815019725	-0.184728235685
	 Inner loop 2	373.768844221	0.106943376355	-7.9456061976e-05	-1.40259618088	1.2316669591	-0.288997243324	0.459847009044	-0.18474121222
	 Inner loop 2	373.768844221	0.106942399361	-1.41454514768e-10	-1.40257249307	1.23166113837	-0.288995922911	0.459907277472	-0.184765660235
	 Inner loop 2	373.768844221	0.106942399361	-9.24041954065e-11	-1.40257249306	1.23166113836	-0.28899592291	0.45990727751	-0.18476566025
Outer loop 	153	0.10694239936	-0.184765660279
	 Inner loop 2	374.773869347	0.106200142213	-0.000489780109172	-1.43064175679	1.22878476564	-0.288322310505	0.489689521549	-0.196846890672
	 Inner loop 2	374.773869347	0.106198038953	-0.00032082928722	-1.43059271763	1.22877226916	-0.288319292095	0.489818911277	-0.19689937789
	 Inner loop 2	374.773869347	0.1061940448	-7.30348836964e-10	-1.43049960678	1.22874853802	-0.288313557865	0.490064625898	-0.196999052546
	 Inner loop 2	374.773869347	0.106194044797	-4.78424522221e-10	-1.43049960671	1.228748538	-0.288313557861	0.49006462609	-0.196999052625
Outer loop 	154	0.106194044791	-0.196999052773
	 Inner loop 2	375.778894472	0.105439822824	-0.000890972257388	-1.45900465889	1.22583593757	-0.287588045512	0.51986579458	-0.209232445267
	 Inner loop 2	375.778894472	0.105435894892	-0.000596446470024	-1.45891808413	1.22581310162	-0.287582187016	0.520090723056	-0.209328359949
	 Inner loop 2	375.778894472	0.105427939801	6.98126667587e-10	-1.45874280064	1.2257668528	-0.287570313915	0.520546262452	-0.209522612438
	 Inner loop 2	375.778894472	0.105427939804	4.67358485245e-10	-1.45874280071	1.22576685282	-0.287570313919	0.520546262275	-0.209522612363
Outer loop 	155	0.10542793981	-0.20952261221
	 Inner loop 2	376.783919598	0.104651188034	-0.00160922906396	-1.4875275534	1.22278516776	-0.286781968198	0.549915124779	-0.222046171648
	 Inner loop 2	376.783919598	0.104644047231	-0.00107925977064	-1.48737556785	1.22274373036	-0.286770695141	0.550323272861	-0.222220215388
	 Inner loop 2	376.783919598	0.104629503376	1.75613465991e-08	-1.48706617271	1.2226593331	-0.286747707969	0.551154565144	-0.222574697561
	 Inner loop 2	376.783919598	0.104629503454	1.17782247289e-08	-1.48706617437	1.22265933355	-0.286747708092	0.551154560689	-0.222574695662
Outer loop 	156	0.104629503613	-0.222574691793
	 Inner loop 2	377.788944724	0.103827926024	-0.000472511155853	-1.51591091451	1.21955181608	-0.285876254034	0.581762841315	-0.235626771375
	 Inner loop 2	377.788944724	0.103825816103	-0.000317358717259	-1.51586748688	1.21953958977	-0.285872729078	0.581883267478	-0.235678123865
	 Inner loop 2	377.788944724	0.103821500175	2.7220952159e-09	-1.5157786663	1.21951458025	-0.28586551626	0.58212960503	-0.235783167869
	 Inner loop 2	377.788944724	0.103821500187	1.828285634e-09	-1.51577866655	1.21951458032	-0.28586551628	0.582129604336	-0.235783167574
Outer loop 	157	0.103821500212	-0.235783166968
	 Inner loop 2	378.793969849	0.102993790677	-0.00294989677535	-1.54497443904	1.21636982646	-0.284933451837	0.610588167636	-0.248991642144
	 Inner loop 2	378.793969849	0.102980047164	-0.00205715134599	-1.54471004306	1.21629313008	-0.284910098377	0.611269860012	-0.249313779369
	 Inner loop 2	378.793969849	0.102948370013	1.3319807235e-07	-1.54410118208	1.21611634912	-0.284856157327	0.612841123487	-0.250056287973
	 Inner loop 2	378.793969849	0.102948370633	9.2890964476e-08	-1.544101194	1.21611635258	-0.284856158385	0.612841092697	-0.250056273423
	 Inner loop 2	378.793969849	0.102948372064	2.02060590482e-14	-1.54410122148	1.21611636056	-0.284856160825	0.612841021741	-0.250056239892
	 Inner loop 2	378.793969849	0.102948372064	1.73194791842e-14	-1.54410122148	1.21611636056	-0.284856160825	0.612841021741	-0.250056239892
Outer loop 	158	0.102948372064	-0.250056239892
	 Inner loop 2	379.798994975	0.102068927889	-0.000940457237191	-1.57291488247	1.21271814066	-0.283788775241	0.643045059812	-0.264329312816
	 Inner loop 2	379.798994975	0.10206451917	-0.000656440864056	-1.57283270593	1.21269355865	-0.283780843112	0.64326354953	-0.264432561251
	 Inner loop 2	379.798994975	0.102054328603	1.85234499961e-08	-1.57264280813	1.21263673766	-0.283762496527	0.643768585523	-0.264671218597
	 Inner loop 2	379.798994975	0.10205432869	1.29294870366e-08	-1.57264280975	1.21263673814	-0.283762496683	0.643768581219	-0.264671216563
Outer loop 	159	0.102054328891	-0.264671211863
	 Inner loop 2	380.804020101	0.10116818408	0.00116994802162	-1.6016477292	1.20915711796	-0.28260822341	0.676268782672	-0.279286183833
	 Inner loop 2	380.804020101	0.101173556507	0.000795819815621	-1.60174765411	1.20918785843	-0.282618685415	0.675974300905	-0.279157068874
	 Inner loop 2	380.804020101	0.101184983391	3.54697879956e-08	-1.60196024957	1.20925324052	-0.282640921446	0.67534796597	-0.278882453537
	 Inner loop 2	380.804020101	0.101184983554	2.41272333223e-08	-1.6019602526	1.20925324145	-0.282640921763	0.675347957044	-0.278882449623
Outer loop 	160	0.101184983901	-0.278882441297
	 Inner loop 2	381.809045226	0.100318908862	0.000481989640954	-1.63168600144	1.20586974761	-0.2814622669	0.707760510372	-0.293093670732
	 Inner loop 2	381.809045226	0.100321133401	0.000327900755885	-1.6317263604	1.20588247428	-0.281466806946	0.70763859383	-0.293040216661
	 Inner loop 2	381.809045226	0.100325867052	6.87667567334e-09	-1.63181225059	1.20590955541	-0.281476465052	0.707379167111	-0.292926471519
	 Inner loop 2	381.809045226	0.100325867084	4.67826288819e-09	-1.63181225117	1.20590955559	-0.281476465117	0.707379165372	-0.292926470757
Outer loop 	161	0.100325867151	-0.292926469134
	 Inner loop 2	382.814070352	0.0994612839365	-0.000801795203625	-1.66203415229	1.20256586852	-0.280256492054	0.738922980622	-0.306970496971
	 Inner loop 2	382.814070352	0.099457511455	-0.000553316754064	-1.66196823675	1.20254459301	-0.280248552263	0.739118879251	-0.307059857576
	 Inner loop 2	382.814070352	0.0994491103313	2.15450153274e-08	-1.66182147186	1.20249721269	-0.280230862404	0.73955514312	-0.307258862559
	 Inner loop 2	382.814070352	0.0994491104326	1.48680624479e-08	-1.66182147363	1.20249721326	-0.280230862617	0.739555137855	-0.307258860157
Outer loop 	162	0.0994491106584	-0.30725885481
	 Inner loop 2	383.819095477	0.0985651612675	-0.00104963579324	-1.69218176378	1.19908487309	-0.278927697655	0.770974952553	-0.321591240486
	 Inner loop 2	383.819095477	0.0985601987128	-0.000724146975757	-1.69209697646	1.19905687829	-0.278916769176	0.771232720366	-0.321708823176
	 Inner loop 2	383.819095477	0.0985491572152	4.05995456143e-08	-1.69190836798	1.19899458934	-0.278892439273	0.771806258504	-0.32197044683
	 Inner loop 2	383.819095477	0.0985491574072	2.80094250016e-08	-1.69190837125	1.19899459043	-0.278892439696	0.771806248533	-0.321970442282
Outer loop 	163	0.0985491578343	-0.321970432162
	 Inner loop 2	384.824120603	0.0976466617134	-0.000369197720359	-1.72233139635	1.19549197114	-0.277493658437	0.803963885927	-0.336682009515
	 Inner loop 2	384.824120603	0.0976449002833	-0.000255695278409	-1.72230206088	1.19548207261	-0.277489620185	0.804053913175	-0.336723584924
	 Inner loop 2	384.824120603	0.0976409320785	5.48071843465e-09	-1.72223597767	1.19545977269	-0.277480520841	0.804256731299	-0.336817248193
	 Inner loop 2	384.824120603	0.0976409321046	3.79576137188e-09	-1.7222359781	1.19545977284	-0.277480520901	0.804256729963	-0.336817247575
Outer loop 	164	0.0976409321635	-0.336817246185
	 Inner loop 2	385.829145729	0.096728864009	-0.000554902345504	-1.75287838521	1.1919249535	-0.276007438113	0.836405967475	-0.351664060208
	 Inner loop 2	385.829145729	0.0967262045937	-0.00038404631115	-1.75283495162	1.19190999853	-0.276001076379	0.83654198316	-0.351726873498
	 Inner loop 2	385.829145729	0.0967202265958	1.32433376487e-08	-1.75273732849	1.19187638131	-0.275986771887	0.836847732306	-0.351868071257
	 Inner loop 2	385.829145729	0.0967202266592	9.16558551278e-09	-1.75273732952	1.19187638167	-0.275986772039	0.836847729059	-0.351868069758
Outer loop 	165	0.0967202268019	-0.351868066388
	 Inner loop 2	386.834170854	0.0957969261167	-0.000372830244344	-1.78353568056	1.18829299177	-0.274430506398	0.869300364941	-0.366918886591
	 Inner loop 2	386.834170854	0.0957951108903	-0.000260762815565	-1.78350690097	1.18828289076	-0.274426031496	0.869389278897	-0.366961312485
	 Inner loop 2	386.834170854	0.0957908870426	6.49523035356e-09	-1.78343993802	1.18825938647	-0.274415616831	0.869596174873	-0.367060034294
	 Inner loop 2	386.834170854	0.0957908870742	4.54282711448e-09	-1.78343993852	1.18825938665	-0.274415616909	0.869596173324	-0.367060033555
Outer loop 	166	0.0957908871478	-0.367060031835
	 Inner loop 2	387.83919598	0.0948536718973	-0.00112541595642	-1.81442137028	1.18464239164	-0.272781129044	0.901434691723	-0.382251997283
	 Inner loop 2	387.83919598	0.0948481688061	-0.000786360895378	-1.8143355966	1.18461173977	-0.272767008179	0.90170450411	-0.382380740082
	 Inner loop 2	387.83919598	0.0948354046713	6.23087464957e-08	-1.81413668392	1.18454064192	-0.272734237039	0.902330341347	-0.38267936254
	 Inner loop 2	387.83919598	0.0948354049759	4.35358503692e-08	-1.81413668867	1.18454064362	-0.272734237822	0.902330326408	-0.382679355411
	 Inner loop 2	387.83919598	0.0948354056826	9.21485110439e-15	-1.81413669968	1.18454064756	-0.272734239637	0.902330291761	-0.382679338879
	 Inner loop 2	387.83919598	0.0948354056826	1.44328993201e-15	-1.81413669968	1.18454064756	-0.272734239637	0.902330291761	-0.382679338879
Outer loop 	167	0.0948354056826	-0.382679338879
	 Inner loop 2	388.844221106	0.0938774158303	-0.000356499093598	-1.8451017718	1.18082190806	-0.270986326539	0.934909691183	-0.398298645923
	 Inner loop 2	388.844221106	0.0938756378634	-0.000252687055554	-1.84507492328	1.1808121454	-0.270981650619	0.934991741439	-0.398339650661
	 Inner loop 2	388.844221106	0.0938713100366	6.8056444924e-09	-1.84500957364	1.18078838143	-0.270970266726	0.935191465746	-0.398439463182
	 Inner loop 2	388.844221106	0.0938713100706	4.82380368982e-09	-1.84500957416	1.18078838162	-0.270970266816	0.93519146418	-0.398439462399
Outer loop 	168	0.0938713101532	-0.398439460494
	 Inner loop 2	389.849246231	0.0928965345328	-0.00150971140866	-1.87613421347	1.17703611658	-0.269138991839	0.966727377321	-0.414199582108
	 Inner loop 2	389.849246231	0.0928889733619	-0.00106878076588	-1.87602172732	1.17699454961	-0.269118330054	0.967076727002	-0.414374170133
	 Inner loop 2	389.849246231	0.092870643781	1.27187021248e-07	-1.87574909852	1.17689377915	-0.269068205821	0.967923652385	-0.414797422359
	 Inner loop 2	389.849246231	0.0928706444181	9.00368892776e-08	-1.875749108	1.17689378265	-0.269068207564	0.967923622949	-0.414797407648
	 Inner loop 2	389.849246231	0.092870645962	-8.10462807976e-15	-1.87574913096	1.17689379114	-0.269068211788	0.967923551609	-0.414797371995
	 Inner loop 2	389.849246231	0.092870645962	1.11022302463e-16	-1.87574913096	1.17689379114	-0.269068211788	0.967923551609	-0.414797371995
Outer loop 	169	0.092870645962	-0.414797371995
