l_s	l_l	R	theta	
	 0.19489	 0.19635	 0.01576	 -0.21795
	 0.45538	 0.32750	 0.00419	 -0.05560
	 0.32565	 0.34526	 0.00252	 -0.02518
	 0.11062	 0.22541	 0.00976	 -0.11584
	 0.37754	 0.49098	 0.00493	 -0.06749
	 0.33963	 0.42816	 0.00497	 -0.06786
	 0.30728	 0.41720	 0.02464	 -0.36793
	 0.46546	 0.29945	 0.01495	 -0.24376
	 0.17850	 0.35790	 0.02410	 -0.32648
	 0.12899	 0.48398	 0.00502	 -0.05674
	 0.42036	 0.38644	 0.00404	 -0.05352
	 0.15486	 0.43485	 0.01852	 -0.24469
	 0.28870	 0.13737	 0.00886	 -0.12753
	 0.26037	 0.49574	 0.00895	 -0.12740
	 0.16620	 0.23903	 0.00896	 -0.11630
	 0.45755	 0.46092	 0.02385	 -0.36947
	 0.24810	 0.16133	 0.00747	 -0.10464
	 0.48665	 0.22755	 0.02339	 -0.36923
	 0.30845	 0.14573	 0.01247	 -0.19150
	 0.12052	 0.43549	 0.01687	 -0.20777
	 0.28827	 0.21431	 0.01690	 -0.25941
	 0.11488	 0.49294	 0.00579	 -0.06630
	 0.23851	 0.35833	 0.00748	 -0.10437
	 0.37871	 0.44733	 0.02009	 -0.31162
	 0.24595	 0.30935	 0.00144	 -0.00702
	 0.33791	 0.32626	 0.00136	 -0.00598
	 0.37005	 0.31217	 0.01263	 -0.19773
	 0.10847	 0.14849	 0.01315	 -0.15729
	 0.23208	 0.27213	 0.01214	 -0.17366
	 0.13998	 0.44191	 0.01373	 -0.17876
	 0.15019	 0.27905	 0.00238	 -0.01972
	 0.38166	 0.14841	 0.01386	 -0.21422
	 0.42026	 0.42968	 0.00852	 -0.13170
	 0.21964	 0.23465	 0.02349	 -0.33479
	 0.37805	 0.34916	 0.01984	 -0.30866
	 0.47818	 0.17906	 0.01124	 -0.17724
	 0.13632	 0.36003	 0.01007	 -0.12821
	 0.17862	 0.22328	 0.01386	 -0.18929
	 0.10923	 0.19129	 0.02400	 -0.28123
	 0.46647	 0.27861	 0.01057	 -0.16752
	 0.15993	 0.24356	 0.01411	 -0.18710
	 0.11786	 0.19145	 0.02372	 -0.28200
	 0.49740	 0.46092	 0.02440	 -0.38347
	 0.34062	 0.42816	 0.00402	 -0.05072
	 0.33346	 0.41720	 0.02464	 -0.37692
	 0.42036	 0.38644	 0.00404	 -0.05352
	 0.30845	 0.14819	 0.01247	 -0.19150
	 0.37805	 0.34677	 0.01984	 -0.30866
	 0.24149	 0.34924	 0.02004	 -0.29118
	 0.37506	 0.35824	 0.00728	 -0.10923
	 0.46647	 0.28116	 0.00899	 -0.13918
	 0.17282	 0.23649	 0.01128	 -0.15061
	 0.46066	 0.16113	 0.00833	 -0.12976
	 0.24478	 0.46074	 0.02325	 -0.33183
	 0.23851	 0.22046	 0.00748	 -0.10437
	 0.48665	 0.36542	 0.02339	 -0.36923
	 0.26037	 0.49574	 0.00895	 -0.12740
	 0.21964	 0.23465	 0.02349	 -0.33479
	 0.28827	 0.30058	 0.01690	 -0.25941
	 0.46546	 0.21319	 0.01495	 -0.24376
	 0.10847	 0.14849	 0.01495	 -0.18285
	 0.46546	 0.29945	 0.01315	 -0.20980
	 0.37871	 0.47401	 0.02009	 -0.31162
	 0.10923	 0.19129	 0.02400	 -0.28123
	 0.17688	 0.35790	 0.02410	 -0.32533
	 0.37871	 0.44733	 0.02009	 -0.31162
	 0.30728	 0.41720	 0.02463	 -0.36779
	 0.23208	 0.27213	 0.01191	 -0.17109
	 0.48665	 0.22755	 0.02033	 -0.33058
	 0.46647	 0.27861	 0.01057	 -0.16752
	 0.17850	 0.36212	 0.02410	 -0.32648
	 0.38166	 0.14435	 0.01386	 -0.21422
	 0.32766	 0.44191	 0.01387	 -0.20985
	 0.16842	 0.14841	 0.01373	 -0.18593
	 0.12052	 0.43549	 0.01687	 -0.20777
	 0.15828	 0.43485	 0.01852	 -0.24639
	 0.16415	 0.43189	 0.01852	 -0.24920
	 0.46733	 0.17906	 0.01064	 -0.16843
	 0.21964	 0.23465	 0.02349	 -0.33479
	 0.10847	 0.14849	 0.01315	 -0.15729
	 0.21964	 0.23934	 0.02349	 -0.33479
	 0.48326	 0.45019	 0.02440	 -0.38087
	 0.26802	 0.22236	 0.01690	 -0.25543
	 0.17850	 0.35790	 0.02410	 -0.32648
	 0.17522	 0.40275	 0.02004	 -0.27645
	 0.37871	 0.47401	 0.02009	 -0.31162
	 0.46139	 0.25592	 0.02349	 -0.36593
	 0.21860	 0.23516	 0.02339	 -0.33353
	 0.31232	 0.38898	 0.02312	 -0.34141
	 0.23974	 0.46074	 0.02476	 -0.35431
	 0.17664	 0.31374	 0.02411	 -0.32521
	 0.21988	 0.23465	 0.02348	 -0.33485
	 0.17497	 0.35790	 0.02489	 -0.32795
	 0.19489	 0.19635	 0.01576	 -0.21795
	 0.21753	 0.23465	 0.02349	 -0.33371
	 0.30428	 0.41720	 0.02475	 -0.36782
	 0.30728	 0.41720	 0.02464	 -0.36793
	 0.48985	 0.36542	 0.02339	 -0.36978
	 0.16327	 0.36071	 0.01863	 -0.24965
	 0.24058	 0.42338	 0.01993	 -0.28989
	 0.33346	 0.41720	 0.02464	 -0.37692
	 0.17688	 0.35790	 0.02410	 -0.32533
	 0.10923	 0.19129	 0.02399	 -0.28123
	 0.45755	 0.46001	 0.02385	 -0.36952
	 0.36126	 0.46092	 0.02385	 -0.36240
	 0.37871	 0.44733	 0.02009	 -0.31162
	 0.49740	 0.45606	 0.02440	 -0.38347
	 0.10923	 0.23343	 0.02405	 -0.28130
	 0.37249	 0.43485	 0.01877	 -0.29522
	 0.16048	 0.35886	 0.01852	 -0.24745
	 0.24478	 0.46074	 0.02392	 -0.35025
	 0.48665	 0.36542	 0.02278	 -0.36166
	 0.18139	 0.43189	 0.01852	 -0.25678
	 0.28827	 0.30058	 0.01690	 -0.25941
	 0.19231	 0.36091	 0.02408	 -0.33564
	 0.31966	 0.46455	 0.02466	 -0.37249
	 0.10923	 0.19129	 0.02400	 -0.28123
	 0.21964	 0.23465	 0.02349	 -0.33479
	 0.37871	 0.44733	 0.02009	 -0.31162
	 0.29019	 0.41720	 0.02463	 -0.36148
	 0.48665	 0.36542	 0.02344	 -0.36981
	 0.48326	 0.45019	 0.02435	 -0.38031
	 0.15451	 0.45019	 0.02045	 -0.26808
	 0.49383	 0.35790	 0.02409	 -0.37906
	 0.20823	 0.41720	 0.02484	 -0.35048
	 0.31358	 0.23465	 0.02339	 -0.34441
	 0.47915	 0.36542	 0.02272	 -0.35971
	 0.29950	 0.41720	 0.02406	 -0.35976
	 0.49061	 0.35111	 0.02408	 -0.37836
	 0.19333	 0.45606	 0.02434	 -0.33791
	 0.36126	 0.46092	 0.02339	 -0.35762
	 0.48985	 0.36542	 0.02385	 -0.37546
	 0.30728	 0.45987	 0.02384	 -0.36037
	 0.45755	 0.41734	 0.02321	 -0.36190
	 0.48665	 0.22755	 0.02033	 -0.33058
	 0.21964	 0.23465	 0.02349	 -0.33479
	 0.48665	 0.45549	 0.02210	 -0.35327
	 0.48665	 0.19060	 0.02339	 -0.36923
	 0.45755	 0.46001	 0.02385	 -0.36952
	 0.26579	 0.46074	 0.02363	 -0.34352
	 0.33346	 0.41720	 0.02464	 -0.37692
	 0.48665	 0.22755	 0.02043	 -0.33189
	 0.19231	 0.32921	 0.02408	 -0.33564
	 0.33346	 0.41720	 0.02464	 -0.37692
	 0.23150	 0.46471	 0.02476	 -0.35010
	 0.31914	 0.41323	 0.02464	 -0.37212
	 0.33346	 0.44150	 0.02464	 -0.37692
	 0.48790	 0.22755	 0.02339	 -0.36945
	 0.45755	 0.46092	 0.02411	 -0.37252
	 0.46139	 0.25592	 0.02349	 -0.36593
	 0.44680	 0.45719	 0.02385	 -0.36736
	 0.47206	 0.46092	 0.02440	 -0.37873
	 0.34407	 0.46092	 0.02385	 -0.35774
	 0.30728	 0.41720	 0.02463	 -0.36779
	 0.30655	 0.36236	 0.02339	 -0.35581
	 0.48637	 0.42026	 0.02464	 -0.38439
	 0.31966	 0.46455	 0.02466	 -0.37249
	 0.31232	 0.39723	 0.02373	 -0.36099
	 0.24155	 0.45601	 0.02439	 -0.35240
	 0.48980	 0.46078	 0.02477	 -0.38654
	 0.48326	 0.45019	 0.02440	 -0.38087
	 0.33346	 0.41720	 0.02464	 -0.37692
	 0.48326	 0.45019	 0.02435	 -0.38031
	 0.47206	 0.46092	 0.02440	 -0.37873
	 0.47196	 0.46587	 0.02441	 -0.37882
	 0.45766	 0.45655	 0.02425	 -0.37419
	 0.48326	 0.44934	 0.02440	 -0.38087
	 0.48980	 0.46077	 0.02477	 -0.38654
	 0.33346	 0.41720	 0.02464	 -0.37692
	 0.31914	 0.41323	 0.02464	 -0.37212
	 0.49383	 0.34353	 0.02491	 -0.38900
	 0.33346	 0.42519	 0.02493	 -0.37978
	 0.49018	 0.44150	 0.02437	 -0.38188
	 0.32442	 0.45019	 0.02462	 -0.37368
	 0.34016	 0.46155	 0.02464	 -0.37907
	 0.49577	 0.44255	 0.02440	 -0.38318
	 0.30728	 0.41720	 0.02464	 -0.36793
	 0.49383	 0.34638	 0.02409	 -0.37906
	 0.30728	 0.41720	 0.02440	 -0.36567
	 0.31914	 0.43305	 0.02464	 -0.37212
	 0.48637	 0.42026	 0.02464	 -0.38439
	 0.49061	 0.35111	 0.02408	 -0.37836
	 0.49060	 0.35111	 0.02408	 -0.37836
	 0.48987	 0.36542	 0.02385	 -0.37546
	 0.49740	 0.45606	 0.02440	 -0.38347
	 0.48665	 0.19060	 0.02339	 -0.36923
	 0.49740	 0.45606	 0.02478	 -0.38809
	 0.30728	 0.41720	 0.02464	 -0.36793
	 0.48509	 0.37773	 0.02344	 -0.36959
	 0.49884	 0.48807	 0.02439	 -0.38368
	 0.47011	 0.41727	 0.02340	 -0.36646
	 0.23042	 0.42019	 0.02464	 -0.34868
	 0.32208	 0.41372	 0.02339	 -0.34693
	 0.48916	 0.36890	 0.02464	 -0.38492
	 0.45755	 0.46095	 0.02410	 -0.37244
	 0.45755	 0.45998	 0.02386	 -0.36961
	 0.48980	 0.46093	 0.02388	 -0.37583
	 0.40758	 0.46077	 0.02473	 -0.38387
	 0.48568	 0.37449	 0.02385	 -0.37473
	 0.45852	 0.45184	 0.02450	 -0.37724
	 0.45852	 0.44446	 0.02450	 -0.37731
	 0.34016	 0.46155	 0.02307	 -0.34883
	 0.49018	 0.43801	 0.02437	 -0.38188
	 0.45852	 0.45184	 0.02464	 -0.37890
	 0.49577	 0.40928	 0.02440	 -0.38326
	 0.48916	 0.36417	 0.02354	 -0.37156
	 0.49740	 0.45606	 0.02440	 -0.38347
	 0.49740	 0.46092	 0.02440	 -0.38347
	 0.49776	 0.44150	 0.02437	 -0.38326
	 0.46771	 0.47950	 0.02441	 -0.37799
	 0.47196	 0.46587	 0.02441	 -0.37882
	 0.49071	 0.46078	 0.02484	 -0.38755
	 0.49267	 0.48807	 0.02478	 -0.38726
	 0.33346	 0.42519	 0.02493	 -0.37978
	 0.49884	 0.48807	 0.02439	 -0.38368
	 0.48980	 0.46077	 0.02477	 -0.38654
	 0.49383	 0.35790	 0.02409	 -0.37906
	 0.49383	 0.34353	 0.02491	 -0.38900
	 0.34016	 0.46155	 0.02464	 -0.37907
	 0.47206	 0.46919	 0.02440	 -0.37873
	 0.33346	 0.41720	 0.02464	 -0.37692
	 0.40758	 0.46077	 0.02473	 -0.38387
	 0.49740	 0.45606	 0.02478	 -0.38809
	 0.40758	 0.46077	 0.02350	 -0.36990
	 0.49740	 0.46941	 0.02440	 -0.38347
	 0.49926	 0.45606	 0.02478	 -0.38844
	 0.48637	 0.42026	 0.02485	 -0.38688
	 0.49060	 0.35111	 0.02191	 -0.35147
	 0.49740	 0.46076	 0.02477	 -0.38798
	 0.49968	 0.45608	 0.02439	 -0.38387
	 0.46404	 0.44990	 0.02440	 -0.37716
	 0.49519	 0.44199	 0.02440	 -0.38307
	 0.48325	 0.42026	 0.02475	 -0.38513
	 0.48638	 0.45019	 0.02461	 -0.38406
	 0.49383	 0.36928	 0.02404	 -0.37848
	 0.48916	 0.34601	 0.02469	 -0.38549
	 0.49783	 0.42071	 0.02464	 -0.38656
	 0.48593	 0.42601	 0.02473	 -0.38534
	 0.48265	 0.35517	 0.02435	 -0.38019
	 0.49444	 0.45237	 0.02491	 -0.38911
	 0.48593	 0.42601	 0.02494	 -0.38785
	 0.49884	 0.49236	 0.02439	 -0.38368
	 0.49776	 0.43545	 0.02434	 -0.38283
	 0.48980	 0.46077	 0.02480	 -0.38696
	 0.42806	 0.46077	 0.02473	 -0.38873
	 0.49814	 0.42026	 0.02465	 -0.38664
	 0.49926	 0.46042	 0.02478	 -0.38843
	 0.48980	 0.45642	 0.02474	 -0.38624
	 0.41321	 0.46223	 0.02452	 -0.38288
	 0.49066	 0.46997	 0.02441	 -0.38236
	 0.48637	 0.42026	 0.02485	 -0.38688
	 0.49740	 0.45606	 0.02462	 -0.38620
	 0.48637	 0.42026	 0.02464	 -0.38439
	 0.48916	 0.34601	 0.02469	 -0.38549
	 0.44935	 0.45752	 0.02473	 -0.39347
	 0.49383	 0.26262	 0.02491	 -0.38900
	 0.49383	 0.48833	 0.02478	 -0.38744
	 0.49267	 0.34249	 0.02491	 -0.38881
	 0.49163	 0.43206	 0.02469	 -0.38595
	 0.48638	 0.34210	 0.02461	 -0.38407
	 0.49740	 0.45606	 0.02440	 -0.38351
	 0.49740	 0.45606	 0.02477	 -0.38805
	 0.49444	 0.45237	 0.02491	 -0.38911
	 0.49740	 0.46076	 0.02477	 -0.38798
	 0.48995	 0.45237	 0.02491	 -0.38826
	 0.49429	 0.46077	 0.02490	 -0.38904
	 0.49383	 0.34353	 0.02497	 -0.38971
	 0.40758	 0.46077	 0.02473	 -0.38387
	 0.48957	 0.44258	 0.02440	 -0.38204
	 0.49732	 0.46720	 0.02477	 -0.38795
	 0.48593	 0.42601	 0.02473	 -0.38534
	 0.49267	 0.43297	 0.02478	 -0.38726
	 0.49383	 0.36808	 0.02491	 -0.38901
	 0.49071	 0.46078	 0.02484	 -0.38754
	 0.49783	 0.42071	 0.02278	 -0.36344
	 0.49740	 0.46092	 0.02467	 -0.38675
	 0.49783	 0.42071	 0.02464	 -0.38656
	 0.46560	 0.48437	 0.02478	 -0.38190
	 0.48325	 0.42026	 0.02475	 -0.38513
	 0.49968	 0.45608	 0.02469	 -0.38750
	 0.49383	 0.42742	 0.02497	 -0.38971
	 0.49444	 0.46134	 0.02360	 -0.37315
	 0.49740	 0.46076	 0.02477	 -0.38798
	 0.49732	 0.46720	 0.02477	 -0.38795
	 0.49378	 0.33990	 0.02491	 -0.38899
	 0.49930	 0.46042	 0.02478	 -0.38844
	 0.49444	 0.45237	 0.02491	 -0.38911
	 0.49740	 0.45606	 0.02478	 -0.38809
	 0.49821	 0.46077	 0.02490	 -0.38978
	 0.49740	 0.46617	 0.02477	 -0.38798
	 0.49255	 0.42090	 0.02464	 -0.38553
	 0.49825	 0.48738	 0.02479	 -0.38837
	 0.49267	 0.43297	 0.02489	 -0.38861
	 0.48995	 0.45559	 0.02491	 -0.38826
	 0.49740	 0.45606	 0.02478	 -0.38809
	 0.44935	 0.45752	 0.02473	 -0.39347
	 0.48415	 0.44915	 0.02477	 -0.38547
	 0.48980	 0.46077	 0.02500	 -0.38930
	 0.49267	 0.45115	 0.02491	 -0.38881
	 0.48980	 0.35210	 0.02493	 -0.38847
	 0.49078	 0.47337	 0.02483	 -0.38750
	 0.49376	 0.49093	 0.02410	 -0.37919
	 0.49444	 0.45581	 0.02491	 -0.38911
	 0.49071	 0.46078	 0.02488	 -0.38808
	 0.49879	 0.46702	 0.02405	 -0.37948
	 0.49740	 0.45624	 0.02447	 -0.38437
	 0.49926	 0.45506	 0.02490	 -0.38995
	 0.49383	 0.36808	 0.02317	 -0.36767
	 0.49385	 0.45830	 0.02491	 -0.38900
	 0.49737	 0.34128	 0.02478	 -0.38808
	 0.49331	 0.48833	 0.02246	 -0.35873
	 0.49383	 0.34791	 0.02497	 -0.38971
	 0.44873	 0.36808	 0.02269	 -0.35427
	 0.49433	 0.45752	 0.02481	 -0.38789
	 0.49383	 0.26262	 0.02491	 -0.38900
	 0.49383	 0.34353	 0.02498	 -0.38980
	 0.46185	 0.46769	 0.02484	 -0.38189
	 0.49423	 0.46089	 0.02490	 -0.38900
	 0.49383	 0.33958	 0.02491	 -0.38900
	 0.49479	 0.46485	 0.02490	 -0.38913
	 0.49479	 0.46485	 0.02490	 -0.38913
	 0.49821	 0.46077	 0.02490	 -0.38978
	 0.49383	 0.36808	 0.02491	 -0.38901
	 0.49444	 0.45237	 0.02491	 -0.38911
	 0.49429	 0.45504	 0.02490	 -0.38904
	 0.49444	 0.42935	 0.02491	 -0.38911
	 0.49926	 0.46153	 0.02478	 -0.38843
	 0.49429	 0.46077	 0.02490	 -0.38898
	 0.44935	 0.45752	 0.02473	 -0.39347
	 0.49423	 0.46089	 0.02490	 -0.38900
	 0.49383	 0.34353	 0.02491	 -0.38900
	 0.49378	 0.33990	 0.02491	 -0.38899
	 0.49378	 0.30554	 0.02491	 -0.38899
	 0.49383	 0.33912	 0.02491	 -0.38900
	 0.49780	 0.46077	 0.02490	 -0.38970
	 0.49308	 0.43297	 0.02490	 -0.38870
	 0.48557	 0.45237	 0.02478	 -0.38588
	 0.43794	 0.34249	 0.02491	 -0.39309
	 0.49454	 0.34353	 0.02497	 -0.38984
	 0.49444	 0.45237	 0.02496	 -0.38975
	 0.49926	 0.45506	 0.02490	 -0.38995
	 0.49383	 0.34353	 0.02494	 -0.38943
	 0.49383	 0.34353	 0.02498	 -0.38980
	 0.44599	 0.45752	 0.02473	 -0.39274
	 0.49447	 0.46071	 0.02499	 -0.39015
	 0.48918	 0.46900	 0.02491	 -0.38814
	 0.49423	 0.46089	 0.02465	 -0.38601
	 0.49479	 0.46485	 0.02490	 -0.38913
	 0.44935	 0.42973	 0.02472	 -0.39344
	 0.49383	 0.34353	 0.02497	 -0.38973
	 0.49383	 0.34784	 0.02491	 -0.38904
	 0.48616	 0.39734	 0.02497	 -0.38822
	 0.49383	 0.36808	 0.02491	 -0.38901
	 0.49383	 0.33958	 0.02491	 -0.38900
	 0.49444	 0.45771	 0.02491	 -0.38911
	 0.44935	 0.45562	 0.02473	 -0.39347
	 0.49383	 0.34394	 0.02497	 -0.38971
	 0.49383	 0.34749	 0.02498	 -0.38980
	 0.49926	 0.45506	 0.02490	 -0.38995
	 0.49249	 0.34353	 0.02498	 -0.38963
	 0.49018	 0.33986	 0.02277	 -0.36210
	 0.49328	 0.46482	 0.02500	 -0.38997
	 0.49454	 0.44450	 0.02497	 -0.38984
	 0.48980	 0.35979	 0.02500	 -0.38930
	 0.45030	 0.45764	 0.02490	 -0.39577
	 0.49641	 0.49582	 0.02283	 -0.36380
	 0.49383	 0.34791	 0.02497	 -0.38971
	 0.49821	 0.46077	 0.02490	 -0.38978
	 0.49444	 0.45242	 0.02491	 -0.38911
	 0.44935	 0.45747	 0.02473	 -0.39347
	 0.44935	 0.45752	 0.02473	 -0.39347
	 0.44935	 0.42973	 0.02472	 -0.39344
	 0.46782	 0.45483	 0.02490	 -0.38374
	 0.49821	 0.46156	 0.02473	 -0.38773
	 0.44935	 0.45562	 0.02363	 -0.36532
	 0.49444	 0.42935	 0.02491	 -0.38911
	 0.44599	 0.33612	 0.02473	 -0.39274
	 0.49383	 0.46882	 0.02498	 -0.38980
	 0.49926	 0.45506	 0.02490	 -0.38995
	 0.49821	 0.38641	 0.02490	 -0.38978
	 0.44935	 0.42973	 0.02472	 -0.39344
	 0.49464	 0.47196	 0.02491	 -0.38915
	 0.44935	 0.45752	 0.02473	 -0.39347
	 0.44935	 0.45752	 0.02499	 -0.39663
	 0.49383	 0.34791	 0.02219	 -0.35550
	 0.49383	 0.34656	 0.02498	 -0.38980
	 0.47800	 0.45513	 0.02490	 -0.38585
	 0.49452	 0.45230	 0.02491	 -0.38913
	 0.49822	 0.46071	 0.02500	 -0.39089
	 0.49446	 0.46077	 0.02490	 -0.38907
	 0.49423	 0.33393	 0.02498	 -0.38993
	 0.44599	 0.46517	 0.02499	 -0.39578
	 0.48399	 0.45757	 0.02473	 -0.38495
	 0.44935	 0.45502	 0.02220	 -0.34855
	 0.49171	 0.34353	 0.02497	 -0.38930
	 0.49383	 0.34353	 0.02497	 -0.38973
	 0.49429	 0.46077	 0.02490	 -0.38904
	 0.49383	 0.34353	 0.02494	 -0.38943
	 0.49447	 0.45480	 0.02499	 -0.39015
	 0.49249	 0.34353	 0.02498	 -0.38962
	 0.49926	 0.45506	 0.02490	 -0.38995
	 0.44935	 0.45752	 0.02473	 -0.39347
	 0.49082	 0.45562	 0.02497	 -0.38918
	 0.45290	 0.45237	 0.02496	 -0.39704
	 0.49387	 0.45506	 0.02490	 -0.38893
	 0.49921	 0.35124	 0.02498	 -0.39083
	 0.44935	 0.45747	 0.02473	 -0.39347
	 0.46436	 0.45752	 0.02473	 -0.38107
	 0.44935	 0.45752	 0.02473	 -0.39347
	 0.41112	 0.42973	 0.02472	 -0.38463
	 0.49433	 0.46882	 0.02472	 -0.38686
	 0.44874	 0.45752	 0.02498	 -0.39631
	 0.41399	 0.45314	 0.02499	 -0.38835
	 0.44932	 0.47004	 0.02490	 -0.39556
	 0.49926	 0.45564	 0.02500	 -0.39107
	 0.49447	 0.46013	 0.02490	 -0.38902
	 0.38576	 0.33952	 0.02371	 -0.36717
	 0.44935	 0.46048	 0.02492	 -0.39573
	 0.43911	 0.45752	 0.02473	 -0.39121
	 0.49822	 0.42165	 0.02500	 -0.39089
	 0.49454	 0.34353	 0.02497	 -0.38984
	 0.49821	 0.46077	 0.02490	 -0.38978
	 0.44935	 0.42973	 0.02487	 -0.39517
	 0.44935	 0.45752	 0.02499	 -0.39663
	 0.49627	 0.45506	 0.02473	 -0.38731
	 0.45143	 0.42973	 0.02490	 -0.39593
	 0.49423	 0.33393	 0.02349	 -0.37173
	 0.44935	 0.45752	 0.02498	 -0.39649
	 0.44935	 0.44838	 0.02473	 -0.39347
	 0.44599	 0.46517	 0.02499	 -0.39578
	 0.45030	 0.45764	 0.02490	 -0.39577
	 0.44935	 0.42973	 0.02472	 -0.39344
	 0.49044	 0.43048	 0.02472	 -0.38612
	 0.45331	 0.45405	 0.02499	 -0.39751
	 0.44594	 0.42796	 0.02474	 -0.39285
	 0.44941	 0.24238	 0.02473	 -0.39348
	 0.49822	 0.45423	 0.02473	 -0.38769
	 0.42222	 0.33394	 0.02499	 -0.39027
	 0.44599	 0.35311	 0.02499	 -0.39578
	 0.49383	 0.45954	 0.02498	 -0.38981
	 0.44599	 0.37108	 0.02473	 -0.39274
	 0.45813	 0.45037	 0.02499	 -0.38283
	 0.44935	 0.45752	 0.02499	 -0.39663
	 0.49926	 0.45564	 0.02500	 -0.39107
	 0.44935	 0.45752	 0.02499	 -0.39663
	 0.44935	 0.45752	 0.02499	 -0.39663
	 0.45306	 0.42973	 0.02487	 -0.39598
	 0.44919	 0.45237	 0.02496	 -0.39621
	 0.44874	 0.22611	 0.02454	 -0.39109
	 0.44941	 0.47264	 0.02472	 -0.39343
	 0.45030	 0.45764	 0.02490	 -0.39577
	 0.46227	 0.45764	 0.02500	 -0.38374
	 0.43734	 0.42973	 0.02465	 -0.38989
	 0.44680	 0.47004	 0.02490	 -0.39500
	 0.44936	 0.47004	 0.02490	 -0.39557
	 0.45138	 0.42973	 0.02490	 -0.39592
	 0.44935	 0.45752	 0.02473	 -0.39347
	 0.45287	 0.45752	 0.02473	 -0.37870
	 0.44935	 0.45752	 0.02498	 -0.39649
	 0.44599	 0.46517	 0.02499	 -0.39578
	 0.44183	 0.35311	 0.02499	 -0.39484
	 0.44599	 0.46517	 0.02334	 -0.36130
	 0.46323	 0.47370	 0.02473	 -0.38084
	 0.44935	 0.45988	 0.02492	 -0.39573
	 0.44935	 0.45752	 0.02497	 -0.39629
	 0.42531	 0.45752	 0.02474	 -0.38823
	 0.44935	 0.45752	 0.02499	 -0.39663
	 0.44263	 0.45752	 0.02434	 -0.38742
	 0.45612	 0.45588	 0.02473	 -0.37938
	 0.44935	 0.45727	 0.02473	 -0.39347
	 0.44599	 0.46517	 0.02499	 -0.39578
	 0.44874	 0.45752	 0.02498	 -0.39631
	 0.44935	 0.43297	 0.02487	 -0.39517
	 0.44599	 0.46193	 0.02499	 -0.39580
	 0.46673	 0.45361	 0.02499	 -0.38462
	 0.45336	 0.45797	 0.02473	 -0.37880
	 0.45022	 0.45778	 0.02496	 -0.39644
	 0.45297	 0.45223	 0.02490	 -0.39636
	 0.42866	 0.43147	 0.02473	 -0.38883
	 0.44935	 0.45773	 0.02472	 -0.39344
	 0.44935	 0.45752	 0.02499	 -0.39663
	 0.45331	 0.45405	 0.02499	 -0.39751
	 0.43507	 0.43270	 0.02499	 -0.39339
	 0.44935	 0.45780	 0.02472	 -0.39334
	 0.44935	 0.45752	 0.02499	 -0.39663
	 0.44935	 0.45752	 0.02498	 -0.39649
	 0.44935	 0.45752	 0.02499	 -0.39663
	 0.44935	 0.46048	 0.02492	 -0.39573
	 0.45037	 0.46903	 0.02499	 -0.39684
	 0.45299	 0.42973	 0.02382	 -0.36819
	 0.44919	 0.45237	 0.02496	 -0.39621
	 0.44935	 0.45752	 0.02499	 -0.39663
	 0.44935	 0.45752	 0.02499	 -0.39663
	 0.45138	 0.42973	 0.02491	 -0.39606
	 0.39548	 0.45405	 0.02499	 -0.38362
	 0.44183	 0.33083	 0.02410	 -0.36923
	 0.44988	 0.46193	 0.02499	 -0.39666
	 0.44546	 0.45752	 0.02498	 -0.39562
	 0.45290	 0.48482	 0.02487	 -0.39595
	 0.43348	 0.42973	 0.02499	 -0.39294
	 0.44590	 0.46517	 0.02499	 -0.39576
	 0.45152	 0.42409	 0.02490	 -0.39596
	 0.44598	 0.48662	 0.02499	 -0.39578
	 0.44936	 0.32248	 0.02497	 -0.39629
	 0.45290	 0.45237	 0.02496	 -0.39704
	 0.44935	 0.45752	 0.02499	 -0.39663
	 0.44935	 0.45752	 0.02499	 -0.39663
	 0.44599	 0.46517	 0.02474	 -0.39284
	 0.44919	 0.45237	 0.02496	 -0.39621
	 0.43470	 0.45223	 0.02490	 -0.39226
	 0.44874	 0.45752	 0.02498	 -0.39631
	 0.45143	 0.42973	 0.02490	 -0.39593
	 0.44881	 0.45763	 0.02160	 -0.34118
	 0.45023	 0.45753	 0.02499	 -0.39679
	 0.45022	 0.46514	 0.02499	 -0.39677
	 0.44599	 0.45781	 0.02496	 -0.39545
	 0.44935	 0.35329	 0.02499	 -0.39663
	 0.44183	 0.45734	 0.02499	 -0.39484
	 0.44936	 0.47004	 0.02490	 -0.39556
	 0.44935	 0.45752	 0.02498	 -0.39650
	 0.44933	 0.45752	 0.02499	 -0.39662
	 0.44990	 0.46193	 0.02499	 -0.39667
	 0.44919	 0.45237	 0.02496	 -0.39621
	 0.44935	 0.45752	 0.02500	 -0.39668
	 0.45017	 0.45754	 0.02496	 -0.39643
	 0.44940	 0.45776	 0.02499	 -0.39664
	 0.44935	 0.48491	 0.02499	 -0.39663
	 0.45331	 0.45405	 0.02499	 -0.39751
	 0.44935	 0.45752	 0.02499	 -0.39663
	 0.43860	 0.46514	 0.02500	 -0.39424
	 0.46149	 0.45237	 0.02496	 -0.38318
	 0.44935	 0.45752	 0.02498	 -0.39650
	 0.44935	 0.43518	 0.02498	 -0.39650
	 0.44935	 0.45752	 0.02499	 -0.39663
	 0.45289	 0.45223	 0.02491	 -0.39637
	 0.48846	 0.45237	 0.02496	 -0.38858
	 0.40959	 0.45752	 0.02441	 -0.38076
	 0.42318	 0.44535	 0.02500	 -0.39063
	 0.44935	 0.45752	 0.02498	 -0.39649
	 0.44935	 0.45342	 0.02499	 -0.39663
	 0.44935	 0.45752	 0.02499	 -0.39663
	 0.44935	 0.45752	 0.02499	 -0.39663
	 0.44935	 0.35329	 0.02499	 -0.39663
	 0.45331	 0.45405	 0.02496	 -0.39709
	 0.45326	 0.45405	 0.02499	 -0.39750
	 0.45320	 0.45752	 0.02498	 -0.39736
	 0.44935	 0.46030	 0.02499	 -0.39663
	 0.44935	 0.45752	 0.02499	 -0.39663
	 0.45300	 0.45231	 0.02499	 -0.39742
	 0.45012	 0.45758	 0.02496	 -0.39642
	 0.45105	 0.45778	 0.02490	 -0.39586
	 0.44940	 0.45752	 0.02496	 -0.39626
	 0.44935	 0.45752	 0.02499	 -0.39663
	 0.45290	 0.43865	 0.02496	 -0.39704
	 0.41306	 0.45752	 0.02499	 -0.38812
	 0.45037	 0.46903	 0.02499	 -0.39684
	 0.45034	 0.45752	 0.02499	 -0.39685
	 0.44939	 0.46903	 0.02499	 -0.39661
	 0.44988	 0.46201	 0.02499	 -0.39666
	 0.45023	 0.45745	 0.02499	 -0.39679
	 0.44935	 0.45752	 0.02499	 -0.39663
	 0.44566	 0.47290	 0.02499	 -0.39580
	 0.43394	 0.46201	 0.02499	 -0.39305
	 0.45022	 0.44574	 0.02499	 -0.39677
	 0.45331	 0.45405	 0.02496	 -0.39709
	 0.45290	 0.45237	 0.02496	 -0.39704
	 0.45332	 0.45397	 0.02499	 -0.39748
	 0.45300	 0.45240	 0.02499	 -0.39745
	 0.44345	 0.45745	 0.02499	 -0.39527
	 0.42715	 0.45237	 0.02496	 -0.39116
	 0.45023	 0.45745	 0.02499	 -0.39679
	 0.45891	 0.45753	 0.02499	 -0.38298
	 0.45037	 0.46903	 0.02499	 -0.39684
	 0.45326	 0.45405	 0.02499	 -0.39750
	 0.45320	 0.45756	 0.02498	 -0.39737
	 0.44940	 0.45772	 0.02499	 -0.39663
	 0.46749	 0.45405	 0.02499	 -0.38478
	 0.44935	 0.45752	 0.02499	 -0.39663
	 0.44990	 0.47044	 0.02499	 -0.39667
	 0.46197	 0.45237	 0.02496	 -0.38329
	 0.41520	 0.45752	 0.02499	 -0.38865
	 0.42951	 0.42725	 0.02499	 -0.39209
	 0.45290	 0.43865	 0.02496	 -0.39704
	 0.45037	 0.47301	 0.02301	 -0.35832
	 0.45320	 0.40378	 0.02498	 -0.39736
	 0.44940	 0.45776	 0.02500	 -0.39666
	 0.44998	 0.45444	 0.02499	 -0.39675
	 0.45384	 0.46154	 0.02499	 -0.39757
	 0.44934	 0.48491	 0.02499	 -0.39663
	 0.45039	 0.46903	 0.02499	 -0.39684
	 0.44935	 0.45752	 0.02499	 -0.39663
	 0.45290	 0.45237	 0.02496	 -0.39704
	 0.45300	 0.45231	 0.02499	 -0.39742
	 0.44530	 0.45405	 0.02499	 -0.39570
	 0.44944	 0.45752	 0.02499	 -0.39665
	 0.45025	 0.45752	 0.02499	 -0.39683
	 0.45290	 0.43865	 0.02496	 -0.39704
	 0.45331	 0.45405	 0.02499	 -0.39751
	 0.45326	 0.45405	 0.02499	 -0.39750
	 0.44935	 0.45752	 0.02499	 -0.39663
	 0.45290	 0.45292	 0.02500	 -0.39750
	 0.45290	 0.43810	 0.02497	 -0.39718
	 0.45290	 0.45237	 0.02496	 -0.39704
	 0.45290	 0.43865	 0.02499	 -0.39733
	 0.45299	 0.45766	 0.02499	 -0.39745
	 0.45320	 0.46614	 0.02498	 -0.39736
	 0.46193	 0.36299	 0.02498	 -0.38351
	 0.45320	 0.45752	 0.02498	 -0.39736
	 0.45290	 0.45237	 0.02418	 -0.37243
	 0.45331	 0.45405	 0.02499	 -0.39751
	 0.45326	 0.46168	 0.02499	 -0.39750
	 0.45384	 0.45391	 0.02499	 -0.39757
	 0.45025	 0.46903	 0.02499	 -0.39681
	 0.45343	 0.45405	 0.02472	 -0.37876
	 0.45037	 0.46903	 0.02499	 -0.39684
	 0.45332	 0.45397	 0.02500	 -0.39760
	 0.45300	 0.48547	 0.02350	 -0.36444
	 0.45300	 0.45231	 0.02499	 -0.39743
	 0.45034	 0.45744	 0.02499	 -0.39685
	 0.45331	 0.45414	 0.02499	 -0.39751
	 0.45326	 0.45405	 0.02426	 -0.37341
	 0.45326	 0.45405	 0.02499	 -0.39750
	 0.45300	 0.44768	 0.02499	 -0.39742
	 0.45331	 0.45232	 0.02499	 -0.39751
	 0.45331	 0.46079	 0.02499	 -0.39751
	 0.45023	 0.45745	 0.02499	 -0.39679
	 0.43671	 0.45405	 0.02499	 -0.39374
	 0.45331	 0.45405	 0.02499	 -0.39751
	 0.47918	 0.46154	 0.02499	 -0.38711
	 0.45290	 0.43865	 0.02496	 -0.39704
	 0.43192	 0.45190	 0.02496	 -0.39228
	 0.45036	 0.45791	 0.02499	 -0.39682
	 0.45331	 0.45405	 0.02496	 -0.39709
	 0.45331	 0.45405	 0.02496	 -0.39709
	 0.45290	 0.45720	 0.02498	 -0.39731
	 0.45320	 0.43902	 0.02496	 -0.39710
	 0.45333	 0.45405	 0.02499	 -0.39751
	 0.45318	 0.40378	 0.02498	 -0.39736
	 0.45301	 0.45409	 0.02482	 -0.39540
	 0.42564	 0.45236	 0.02499	 -0.39115
	 0.45331	 0.44928	 0.02499	 -0.39751
	 0.40289	 0.46168	 0.02499	 -0.38554
	 0.45326	 0.45405	 0.02499	 -0.39750
	 0.45384	 0.45391	 0.02481	 -0.39539
	 0.45485	 0.45231	 0.02499	 -0.39785
	 0.45384	 0.46154	 0.02499	 -0.39757
	 0.45320	 0.44757	 0.02498	 -0.39736
	 0.44370	 0.46626	 0.02499	 -0.39532
	 0.45331	 0.45405	 0.02499	 -0.39751
	 0.45300	 0.45231	 0.02499	 -0.39742
	 0.45332	 0.40740	 0.02241	 -0.35169
	 0.45320	 0.40378	 0.02498	 -0.39736
	 0.45685	 0.46064	 0.02499	 -0.39831
	 0.45332	 0.46545	 0.02499	 -0.39748
	 0.45330	 0.46200	 0.02499	 -0.39751
	 0.45385	 0.45359	 0.02499	 -0.39757
	 0.45320	 0.45405	 0.02499	 -0.39748
	 0.43876	 0.45752	 0.02498	 -0.39410
	 0.43692	 0.45405	 0.02499	 -0.39379
	 0.45332	 0.45397	 0.02499	 -0.39748
	 0.45326	 0.45405	 0.02499	 -0.39750
	 0.45326	 0.45405	 0.02499	 -0.39750
	 0.45299	 0.46079	 0.02499	 -0.39744
	 0.45332	 0.45240	 0.02217	 -0.34889
	 0.45331	 0.45232	 0.02499	 -0.39751
	 0.45331	 0.49381	 0.02499	 -0.39751
	 0.45290	 0.45292	 0.02500	 -0.39750
	 0.45320	 0.45756	 0.02498	 -0.39737
	 0.45384	 0.45391	 0.02500	 -0.39768
	 0.45331	 0.45405	 0.02499	 -0.39751
	 0.45331	 0.45405	 0.02499	 -0.39751
	 0.45326	 0.45405	 0.02352	 -0.36470
	 0.45332	 0.45397	 0.02500	 -0.39760
	 0.46102	 0.43843	 0.02500	 -0.38352
	 0.45326	 0.45405	 0.02499	 -0.39750
	 0.45300	 0.45231	 0.02499	 -0.39742
	 0.45302	 0.45240	 0.02499	 -0.39745
	 0.45051	 0.45405	 0.02499	 -0.39687
	 0.45331	 0.44644	 0.02499	 -0.39751
	 0.42710	 0.45766	 0.02499	 -0.39151
	 0.45384	 0.46188	 0.02499	 -0.39757
	 0.45384	 0.46308	 0.02499	 -0.39757
	 0.45329	 0.46297	 0.02434	 -0.37433
	 0.45387	 0.45361	 0.02499	 -0.39764
	 0.45384	 0.44420	 0.02500	 -0.39768
	 0.45333	 0.46285	 0.02445	 -0.37566
	 0.45388	 0.45419	 0.02499	 -0.39764
	 0.45322	 0.46140	 0.02499	 -0.39742
	 0.45332	 0.45405	 0.02499	 -0.39750
	 0.43282	 0.45397	 0.02500	 -0.39293
	 0.46573	 0.46101	 0.02499	 -0.38442
	 0.45331	 0.45383	 0.02499	 -0.39751
	 0.45385	 0.45359	 0.02472	 -0.37881
	 0.45384	 0.47968	 0.02385	 -0.36879
	 0.45332	 0.45397	 0.02500	 -0.39760
	 0.45326	 0.45405	 0.02499	 -0.39750
	 0.45331	 0.45232	 0.02499	 -0.39751
	 0.45331	 0.45405	 0.02499	 -0.39751
	 0.45324	 0.49525	 0.02499	 -0.39749
	 0.45492	 0.45232	 0.02499	 -0.39787
	 0.45331	 0.45397	 0.02500	 -0.39760
	 0.45332	 0.46079	 0.02500	 -0.39755
	 0.45331	 0.49810	 0.02499	 -0.39751
	 0.49789	 0.42925	 0.02500	 -0.39082
	 0.45331	 0.45228	 0.02499	 -0.39751
	 0.45331	 0.45409	 0.02499	 -0.39751
	 0.45326	 0.45405	 0.02500	 -0.39759
	 0.44678	 0.46257	 0.02133	 -0.33756
	 0.45331	 0.42910	 0.02499	 -0.39751
	 0.45331	 0.49080	 0.02499	 -0.39751
	 0.45331	 0.42761	 0.02500	 -0.39757
	 0.45331	 0.45405	 0.02499	 -0.39751
	 0.45331	 0.45405	 0.02499	 -0.39751
	 0.45485	 0.45231	 0.02499	 -0.39785
	 0.45326	 0.45403	 0.02499	 -0.39750
	 0.45331	 0.45235	 0.02499	 -0.39751
	 0.43107	 0.46064	 0.02500	 -0.39250
	 0.45326	 0.45405	 0.02499	 -0.39750
	 0.45300	 0.46064	 0.02441	 -0.37509
	 0.45681	 0.45391	 0.02499	 -0.39824
	 0.45485	 0.40910	 0.02500	 -0.39792
	 0.44365	 0.45391	 0.02499	 -0.39527
	 0.45326	 0.45383	 0.02500	 -0.39759
	 0.45332	 0.46102	 0.02500	 -0.39755
	 0.44502	 0.45405	 0.02499	 -0.39564
	 0.45384	 0.44837	 0.02500	 -0.39768
	 0.45384	 0.46188	 0.02499	 -0.39757
	 0.45685	 0.46064	 0.02499	 -0.39831
	 0.45331	 0.49810	 0.02499	 -0.39751
	 0.45331	 0.49381	 0.02499	 -0.39751
	 0.45330	 0.45392	 0.02499	 -0.39751
	 0.45683	 0.46017	 0.02499	 -0.39824
	 0.45388	 0.45419	 0.02472	 -0.37880
	 0.45492	 0.46192	 0.02499	 -0.39787
	 0.45384	 0.45391	 0.02499	 -0.39757
	 0.45384	 0.46154	 0.02499	 -0.39757
	 0.45331	 0.45397	 0.02500	 -0.39760
	 0.45331	 0.49274	 0.02457	 -0.37704
	 0.45492	 0.45232	 0.02499	 -0.39787
	 0.45331	 0.45232	 0.02499	 -0.39751
	 0.45332	 0.45397	 0.02500	 -0.39760
	 0.45326	 0.45405	 0.02500	 -0.39759
	 0.44838	 0.45231	 0.02499	 -0.39638
	 0.45539	 0.44420	 0.02500	 -0.39806
	 0.45336	 0.45361	 0.02500	 -0.39761
	 0.45383	 0.45397	 0.02499	 -0.39763
	 0.45387	 0.45359	 0.02499	 -0.39758
	 0.45385	 0.45361	 0.02499	 -0.39763
	 0.45390	 0.45391	 0.02499	 -0.39758
	 0.45675	 0.45391	 0.02500	 -0.39834
	 0.45384	 0.45388	 0.02499	 -0.39763
	 0.45388	 0.45422	 0.02500	 -0.39769
	 0.45384	 0.46188	 0.02499	 -0.39757
	 0.45685	 0.46064	 0.02499	 -0.39831
	 0.45332	 0.45881	 0.02500	 -0.39760
	 0.45331	 0.45232	 0.02500	 -0.39756
	 0.45331	 0.46079	 0.02499	 -0.39751
	 0.43681	 0.46154	 0.02499	 -0.39371
	 0.45384	 0.46308	 0.02499	 -0.39757
	 0.45485	 0.45231	 0.02499	 -0.39785
	 0.45485	 0.45231	 0.02499	 -0.39785
	 0.45675	 0.45391	 0.02500	 -0.39837
	 0.45668	 0.45397	 0.02500	 -0.39836
	 0.45349	 0.48440	 0.02499	 -0.39755
	 0.45546	 0.43457	 0.02500	 -0.39809
	 0.43266	 0.44420	 0.02500	 -0.39288
	 0.45539	 0.44420	 0.02500	 -0.39806
	 0.45485	 0.40910	 0.02500	 -0.39792
	 0.45683	 0.46017	 0.02499	 -0.39824
	 0.45685	 0.46064	 0.02499	 -0.39831
	 0.45485	 0.43246	 0.02469	 -0.37865
	 0.45492	 0.46633	 0.02499	 -0.39787
	 0.43668	 0.45387	 0.02499	 -0.39368
	 0.45681	 0.45885	 0.02500	 -0.39839
	 0.45675	 0.45391	 0.02347	 -0.36486
	 0.45683	 0.46017	 0.02499	 -0.39824
	 0.45685	 0.46064	 0.02499	 -0.39831
	 0.45384	 0.44837	 0.02500	 -0.39768
	 0.45685	 0.46052	 0.02499	 -0.39832
	 0.45326	 0.45417	 0.02500	 -0.39758
	 0.45388	 0.45453	 0.02499	 -0.39764
	 0.45491	 0.47075	 0.02499	 -0.39787
	 0.45492	 0.45232	 0.02499	 -0.39779
	 0.45492	 0.43162	 0.02499	 -0.39787
	 0.45384	 0.41462	 0.02500	 -0.39768
	 0.45388	 0.45419	 0.02499	 -0.39764
	 0.49396	 0.45913	 0.02500	 -0.39009
	 0.45384	 0.44837	 0.02500	 -0.39768
	 0.45487	 0.45231	 0.02499	 -0.39786
	 0.45386	 0.45422	 0.02500	 -0.39768
	 0.43936	 0.46064	 0.02499	 -0.39435
	 0.45385	 0.45611	 0.02499	 -0.39763
	 0.45492	 0.45232	 0.02499	 -0.39787
	 0.45685	 0.46064	 0.02500	 -0.39836
	 0.40385	 0.44420	 0.02500	 -0.38583
	 0.43508	 0.45397	 0.02500	 -0.39345
	 0.45485	 0.46337	 0.02500	 -0.39793
	 0.45383	 0.40885	 0.02499	 -0.39764
	 0.45386	 0.45418	 0.02499	 -0.39764
	 0.45334	 0.45644	 0.02500	 -0.39761
	 0.41981	 0.40781	 0.02500	 -0.38983
	 0.45540	 0.41914	 0.02500	 -0.39805
	 0.45685	 0.46064	 0.02499	 -0.39833
	 0.45388	 0.43008	 0.02474	 -0.37910
	 0.45685	 0.46052	 0.02499	 -0.39831
	 0.45685	 0.46064	 0.02499	 -0.39831
	 0.45492	 0.40722	 0.02499	 -0.39787
	 0.45485	 0.45808	 0.02500	 -0.39792
	 0.45496	 0.47075	 0.02429	 -0.37406
	 0.45676	 0.45885	 0.02499	 -0.39829
	 0.45683	 0.46017	 0.02499	 -0.39824
	 0.45492	 0.46633	 0.02499	 -0.39787
	 0.45685	 0.45989	 0.02500	 -0.39836
	 0.45364	 0.45391	 0.02500	 -0.39763
	 0.45485	 0.40910	 0.02499	 -0.39786
	 0.45685	 0.46064	 0.02500	 -0.39838
	 0.44527	 0.45397	 0.02500	 -0.39578
	 0.45675	 0.45391	 0.02500	 -0.39837
	 0.45685	 0.46064	 0.02500	 -0.39840
	 0.45681	 0.45885	 0.02499	 -0.39830
	 0.45685	 0.45490	 0.02499	 -0.39825
	 0.48413	 0.45391	 0.02499	 -0.38812
	 0.46428	 0.45075	 0.02499	 -0.38412
	 0.45485	 0.46337	 0.02500	 -0.39793
	 0.48287	 0.46340	 0.02500	 -0.38794
	 0.49348	 0.43455	 0.02500	 -0.39002
	 0.45493	 0.43456	 0.02499	 -0.39788
	 0.45543	 0.47076	 0.02379	 -0.36835
	 0.45492	 0.43162	 0.02499	 -0.39787
	 0.45492	 0.46633	 0.02499	 -0.39787
	 0.45675	 0.45391	 0.02500	 -0.39838
	 0.45668	 0.45397	 0.02500	 -0.39832
	 0.45683	 0.46017	 0.02499	 -0.39824
	 0.43566	 0.46017	 0.02499	 -0.39345
	 0.48454	 0.46052	 0.02500	 -0.38824
	 0.45492	 0.45232	 0.02499	 -0.39779
	 0.45539	 0.46426	 0.02500	 -0.39807
	 0.45685	 0.46064	 0.02365	 -0.36693
	 0.45675	 0.46067	 0.02500	 -0.39837
	 0.45685	 0.44525	 0.02499	 -0.39831
	 0.47955	 0.46052	 0.02499	 -0.38723
	 0.45685	 0.46064	 0.02499	 -0.39831
	 0.48410	 0.45391	 0.02478	 -0.38562
	 0.45681	 0.45885	 0.02500	 -0.39839
	 0.45675	 0.45391	 0.02500	 -0.39837
	 0.45685	 0.46064	 0.02499	 -0.39831
	 0.45546	 0.43457	 0.02500	 -0.39809
	 0.44151	 0.46064	 0.02500	 -0.39493
	 0.45675	 0.46067	 0.02500	 -0.39837
	 0.45685	 0.44574	 0.02500	 -0.39840
	 0.44711	 0.45391	 0.02500	 -0.39619
	 0.45685	 0.46052	 0.02499	 -0.39832
	 0.45998	 0.46064	 0.02266	 -0.35587
	 0.45675	 0.45391	 0.02500	 -0.39837
	 0.45685	 0.46064	 0.02499	 -0.39831
	 0.45685	 0.46064	 0.02499	 -0.39831
	 0.45668	 0.45397	 0.02500	 -0.39836
	 0.45668	 0.45397	 0.02500	 -0.39832
	 0.45669	 0.45362	 0.02499	 -0.39829
	 0.45684	 0.46099	 0.02477	 -0.38001
	 0.45681	 0.45885	 0.02499	 -0.39831
	 0.46732	 0.45885	 0.02500	 -0.38482
	 0.44783	 0.44525	 0.02499	 -0.39626
	 0.45685	 0.45104	 0.02499	 -0.39825
	 0.47503	 0.46064	 0.02383	 -0.37254
	 0.45685	 0.46052	 0.02499	 -0.39831
	 0.45685	 0.42296	 0.02499	 -0.39831
	 0.45675	 0.46067	 0.02500	 -0.39837
	 0.45675	 0.45292	 0.02500	 -0.39838
	 0.40769	 0.45989	 0.02500	 -0.38681
	 0.45683	 0.46017	 0.02499	 -0.39824
	 0.46844	 0.39333	 0.02500	 -0.38502
	 0.46893	 0.46048	 0.02499	 -0.38507
	 0.45685	 0.41734	 0.02500	 -0.39836
	 0.44578	 0.46064	 0.02500	 -0.39586
	 0.45685	 0.46064	 0.02500	 -0.39838
	 0.45683	 0.44925	 0.02499	 -0.39824
	 0.45685	 0.46015	 0.02499	 -0.39831
	 0.45675	 0.45391	 0.02500	 -0.39834
	 0.45685	 0.46064	 0.02499	 -0.39831
	 0.45685	 0.41881	 0.02500	 -0.39836
	 0.45685	 0.45917	 0.02500	 -0.39840
	 0.45675	 0.43373	 0.02500	 -0.39837
	 0.45681	 0.49703	 0.02500	 -0.39840
	 0.45675	 0.46067	 0.02500	 -0.39837
	 0.45685	 0.48572	 0.02499	 -0.39831
	 0.46047	 0.43852	 0.02500	 -0.38340
	 0.45681	 0.47555	 0.02500	 -0.39839
	 0.45669	 0.46064	 0.02500	 -0.39832
	 0.45684	 0.45397	 0.02500	 -0.39837
	 0.45668	 0.45397	 0.02500	 -0.39836
	 0.45685	 0.46052	 0.02499	 -0.39832
	 0.45685	 0.46086	 0.02499	 -0.39833
	 0.45675	 0.44980	 0.02500	 -0.39838
	 0.45685	 0.44672	 0.02500	 -0.39840
	 0.44590	 0.45966	 0.02500	 -0.39592
	 0.45681	 0.45885	 0.02444	 -0.37622
	 0.45668	 0.45397	 0.02500	 -0.39836
	 0.45685	 0.45989	 0.02500	 -0.39836
	 0.45685	 0.46064	 0.02500	 -0.39838
	 0.45685	 0.43092	 0.02500	 -0.39840
	 0.45657	 0.45341	 0.02500	 -0.39834
	 0.48038	 0.43466	 0.02500	 -0.38747
	 0.45082	 0.46064	 0.02499	 -0.39693
	 0.45675	 0.45391	 0.02500	 -0.39837
	 0.39711	 0.44703	 0.02500	 -0.38413
	 0.45668	 0.46087	 0.02218	 -0.34951
	 0.45685	 0.45355	 0.02500	 -0.39836
	 0.45479	 0.46052	 0.02500	 -0.39793
	 0.45668	 0.45397	 0.02500	 -0.39836
	 0.45676	 0.44034	 0.02500	 -0.39837
	 0.45191	 0.46064	 0.02500	 -0.39726
	 0.45675	 0.46067	 0.02500	 -0.39837
	 0.45681	 0.46373	 0.02500	 -0.39839
	 0.45675	 0.45391	 0.02463	 -0.37839
	 0.45685	 0.47192	 0.02499	 -0.39831
	 0.45676	 0.45391	 0.02500	 -0.39838
	 0.45040	 0.45397	 0.02500	 -0.39694
	 0.46834	 0.41813	 0.02500	 -0.38503
	 0.45675	 0.45988	 0.02500	 -0.39834
	 0.45685	 0.43092	 0.02500	 -0.39840
	 0.45676	 0.44034	 0.02500	 -0.39837
	 0.47016	 0.43373	 0.02398	 -0.37341
	 0.45675	 0.43707	 0.02500	 -0.39838
	 0.45681	 0.49703	 0.02500	 -0.39840
	 0.45675	 0.46067	 0.02500	 -0.39837
	 0.42779	 0.47177	 0.02500	 -0.39174
	 0.45675	 0.46067	 0.02500	 -0.39837
	 0.45675	 0.45292	 0.02500	 -0.39838
	 0.45675	 0.46067	 0.02500	 -0.39837
	 0.45685	 0.45771	 0.02500	 -0.39839
	 0.45675	 0.45391	 0.02500	 -0.39837
	 0.45676	 0.45391	 0.02500	 -0.39838
	 0.45681	 0.47555	 0.02500	 -0.39839
	 0.45675	 0.44980	 0.02333	 -0.36317
	 0.45675	 0.45391	 0.02500	 -0.39837
	 0.45685	 0.46064	 0.02500	 -0.39838
	 0.45681	 0.45885	 0.02500	 -0.39839
	 0.45685	 0.44574	 0.02445	 -0.37637
	 0.45685	 0.46064	 0.02500	 -0.39840
	 0.45685	 0.44683	 0.02500	 -0.39839
	 0.45675	 0.46057	 0.02500	 -0.39838
	 0.45676	 0.43092	 0.02500	 -0.39838
	 0.45685	 0.45391	 0.02500	 -0.39839
	 0.45675	 0.44980	 0.02500	 -0.39838
	 0.46496	 0.44574	 0.02500	 -0.38434
	 0.45677	 0.44672	 0.02500	 -0.39838
	 0.49758	 0.49056	 0.02500	 -0.39080
	 0.47971	 0.46373	 0.02476	 -0.38446
	 0.45685	 0.46126	 0.02500	 -0.39840
	 0.45681	 0.45885	 0.02500	 -0.39839
	 0.45681	 0.45885	 0.02500	 -0.39839
	 0.45675	 0.46120	 0.02500	 -0.39837
	 0.45675	 0.45338	 0.02500	 -0.39838
	 0.45301	 0.46067	 0.02500	 -0.39752
	 0.45968	 0.45391	 0.02500	 -0.38324
	 0.45685	 0.45917	 0.02500	 -0.39840
	 0.45685	 0.46064	 0.02500	 -0.39838
	 0.45686	 0.49703	 0.02500	 -0.39841
	 0.45680	 0.45917	 0.02500	 -0.39839
	 0.46029	 0.49618	 0.02500	 -0.38337
	 0.45685	 0.43113	 0.02500	 -0.39841
	 0.45685	 0.43433	 0.02500	 -0.39839
	 0.45681	 0.45881	 0.02500	 -0.39839
	 0.45684	 0.44574	 0.02500	 -0.39840
	 0.45676	 0.43707	 0.02500	 -0.39838
	 0.45681	 0.45885	 0.02500	 -0.39839
	 0.45685	 0.46126	 0.02500	 -0.39840
	 0.45681	 0.49703	 0.02500	 -0.39840
	 0.45680	 0.45917	 0.02500	 -0.39839
	 0.46381	 0.48354	 0.02500	 -0.38411
	 0.45685	 0.43001	 0.02500	 -0.39840
	 0.45681	 0.45885	 0.02500	 -0.39839
	 0.45681	 0.45885	 0.02500	 -0.39839
	 0.44989	 0.44672	 0.02500	 -0.39682
	 0.45685	 0.46064	 0.02500	 -0.39840
	 0.45685	 0.45917	 0.02500	 -0.39840
	 0.45675	 0.45292	 0.02500	 -0.39838
	 0.45685	 0.44672	 0.02500	 -0.39840
	 0.46867	 0.47555	 0.02500	 -0.38510
	 0.45681	 0.46191	 0.02500	 -0.39840
	 0.45681	 0.49741	 0.02500	 -0.39839
	 0.47369	 0.44574	 0.02500	 -0.38613
	 0.45681	 0.45885	 0.02500	 -0.39839
	 0.47140	 0.45917	 0.02500	 -0.38566
	 0.45685	 0.46064	 0.02500	 -0.39840
	 0.45681	 0.45780	 0.02460	 -0.37803
	 0.45685	 0.46364	 0.02500	 -0.39839
	 0.45685	 0.44777	 0.02500	 -0.39839
	 0.45685	 0.45527	 0.02500	 -0.39840
	 0.45685	 0.45917	 0.02500	 -0.39840
	 0.45685	 0.44683	 0.02500	 -0.39839
	 0.45685	 0.43262	 0.02500	 -0.39840
	 0.45682	 0.45715	 0.02500	 -0.39839
	 0.45686	 0.49703	 0.02500	 -0.39841
	 0.45680	 0.45917	 0.02500	 -0.39839
	 0.45685	 0.44682	 0.02500	 -0.39840
	 0.45812	 0.44673	 0.02500	 -0.38291
	 0.49279	 0.46064	 0.02500	 -0.38989
	 0.45681	 0.49703	 0.02500	 -0.39840
	 0.45771	 0.44123	 0.02500	 -0.38283
	 0.45685	 0.46064	 0.02500	 -0.39840
	 0.45685	 0.45917	 0.02500	 -0.39840
	 0.45685	 0.46126	 0.02500	 -0.39840
	 0.45685	 0.45940	 0.02500	 -0.39840
	 0.45685	 0.47103	 0.02500	 -0.39840
	 0.45686	 0.49703	 0.02500	 -0.39841
	 0.45685	 0.46064	 0.02500	 -0.39840
	 0.45685	 0.43001	 0.02500	 -0.39839
	 0.47856	 0.44774	 0.02500	 -0.38710
	 0.45652	 0.45391	 0.02500	 -0.39833
	 0.45685	 0.46030	 0.02500	 -0.39840
	 0.45685	 0.46064	 0.02500	 -0.39840
	 0.45685	 0.46126	 0.02465	 -0.37863
	 0.46904	 0.45527	 0.02500	 -0.38518
	 0.41536	 0.44672	 0.02451	 -0.38325
	 0.44677	 0.45527	 0.02500	 -0.39612
	 0.44821	 0.42667	 0.02500	 -0.39643
	 0.42495	 0.46791	 0.02500	 -0.39107
	 0.49204	 0.43092	 0.02500	 -0.38975
	 0.45686	 0.49703	 0.02500	 -0.39841
	 0.45686	 0.49703	 0.02500	 -0.39841
	 0.41826	 0.45917	 0.02500	 -0.38946
	 0.45686	 0.49703	 0.02500	 -0.39841
	 0.45685	 0.45917	 0.02500	 -0.39840
	 0.45685	 0.43113	 0.02500	 -0.39840
	 0.45685	 0.46064	 0.02500	 -0.39840
	 0.45685	 0.39283	 0.02500	 -0.39840
	 0.45681	 0.49703	 0.02500	 -0.39840
	 0.43195	 0.44682	 0.02500	 -0.39272
	 0.45685	 0.43092	 0.02500	 -0.39840
	 0.45685	 0.46064	 0.02500	 -0.39840
	 0.45685	 0.46064	 0.02500	 -0.39840
	 0.45645	 0.40232	 0.02500	 -0.39831
	 0.46697	 0.43950	 0.02500	 -0.38475
	 0.45685	 0.45917	 0.02500	 -0.39840
	 0.45685	 0.44672	 0.02500	 -0.39840
	 0.45685	 0.45917	 0.02500	 -0.39840
	 0.45685	 0.45978	 0.02500	 -0.39840
	 0.46036	 0.46064	 0.02500	 -0.38338
	 0.45816	 0.49703	 0.02500	 -0.38292
	 0.45686	 0.49703	 0.02500	 -0.39841
	 0.45550	 0.49703	 0.02500	 -0.39810
	 0.45686	 0.45917	 0.02500	 -0.39841
	 0.45686	 0.49703	 0.02500	 -0.39841
	 0.45685	 0.45917	 0.02500	 -0.39841
	 0.45685	 0.45527	 0.02500	 -0.39840
	 0.45685	 0.45917	 0.02500	 -0.39840
	 0.45685	 0.46126	 0.02340	 -0.36404
	 0.47123	 0.43113	 0.02500	 -0.38563
	 0.45685	 0.46064	 0.02500	 -0.39840
	 0.45686	 0.49703	 0.02500	 -0.39841
	 0.45685	 0.46064	 0.02500	 -0.39840
	 0.45471	 0.45917	 0.02500	 -0.39792
	 0.45685	 0.49498	 0.02500	 -0.39841
	 0.45686	 0.46106	 0.02500	 -0.39841
	 0.45685	 0.44672	 0.02447	 -0.37658
	 0.45685	 0.45527	 0.02500	 -0.39840
	 0.46490	 0.49693	 0.02500	 -0.38433
	 0.44047	 0.45908	 0.02500	 -0.39470
	 0.45685	 0.45410	 0.02500	 -0.39840
	 0.45686	 0.49950	 0.02500	 -0.39841
	 0.45686	 0.49703	 0.02500	 -0.39841
	 0.45686	 0.49703	 0.02500	 -0.39841
	 0.45686	 0.49703	 0.02448	 -0.37669
	 0.45685	 0.38623	 0.02500	 -0.39840
	 0.45685	 0.48822	 0.02500	 -0.39840
	 0.45685	 0.45917	 0.02500	 -0.39840
	 0.45685	 0.43113	 0.02500	 -0.39840
	 0.45685	 0.45917	 0.02500	 -0.39840
	 0.45214	 0.45700	 0.02500	 -0.39733
	 0.45685	 0.45917	 0.02500	 -0.39840
	 0.45686	 0.49703	 0.02500	 -0.39841
	 0.45685	 0.45917	 0.02500	 -0.39840
	 0.45685	 0.43113	 0.02500	 -0.39841
	 0.45685	 0.43113	 0.02500	 -0.39840
	 0.45685	 0.37736	 0.02500	 -0.39840
	 0.44578	 0.46025	 0.02290	 -0.35620
	 0.47842	 0.46064	 0.02500	 -0.38708
	 0.47571	 0.39538	 0.02500	 -0.38654
	 0.45962	 0.45394	 0.02500	 -0.38323
	 0.45685	 0.49693	 0.02500	 -0.39841
	 0.45685	 0.45917	 0.02500	 -0.39840
	 0.45686	 0.49703	 0.02387	 -0.36958
	 0.46300	 0.49501	 0.02500	 -0.38394
	 0.45685	 0.46102	 0.02500	 -0.39840
	 0.45868	 0.49950	 0.02500	 -0.38303
	 0.45686	 0.49703	 0.02500	 -0.39841
	 0.45686	 0.49950	 0.02500	 -0.39841
	 0.45686	 0.49703	 0.02500	 -0.39841
	 0.45686	 0.49703	 0.02500	 -0.39841
	 0.44430	 0.46106	 0.02500	 -0.39556
	 0.46634	 0.47769	 0.02500	 -0.38463
	 0.45686	 0.48584	 0.02500	 -0.39841
	 0.45855	 0.45496	 0.02500	 -0.38301
	 0.45685	 0.39704	 0.02500	 -0.39840
	 0.45685	 0.45917	 0.02500	 -0.39840
	 0.45685	 0.45917	 0.02500	 -0.39841
	 0.45686	 0.49703	 0.02500	 -0.39841
	 0.45592	 0.43113	 0.02500	 -0.39819
	 0.45685	 0.45917	 0.02500	 -0.39840
	 0.45686	 0.48774	 0.02500	 -0.39841
	 0.45686	 0.49703	 0.02323	 -0.36206
	 0.45685	 0.41690	 0.02479	 -0.38023
	 0.45685	 0.49498	 0.02500	 -0.39841
	 0.45685	 0.45917	 0.02500	 -0.39840
	 0.45685	 0.49498	 0.02500	 -0.39841
	 0.45686	 0.49703	 0.02500	 -0.39841
	 0.45685	 0.43113	 0.02500	 -0.39841
	 0.46073	 0.49824	 0.02500	 -0.38346
	 0.45686	 0.42512	 0.02500	 -0.39841
	 0.45685	 0.49908	 0.02500	 -0.39841
	 0.45686	 0.49732	 0.02500	 -0.39841
	 0.45686	 0.46573	 0.02500	 -0.39841
	 0.43504	 0.49703	 0.02500	 -0.39345
	 0.45686	 0.49703	 0.02500	 -0.39841
	 0.45686	 0.49703	 0.02463	 -0.37838
	 0.45685	 0.43113	 0.02500	 -0.39840
	 0.45686	 0.49703	 0.02500	 -0.39841
	 0.45686	 0.49703	 0.02500	 -0.39841
	 0.45686	 0.49786	 0.02466	 -0.37871
	 0.45686	 0.45234	 0.02500	 -0.39841
	 0.45686	 0.49730	 0.02500	 -0.39841
	 0.42911	 0.42107	 0.02500	 -0.39206
	 0.45686	 0.49923	 0.02500	 -0.39841
	 0.45686	 0.49729	 0.02257	 -0.35429
	 0.45686	 0.49703	 0.02500	 -0.39841
	 0.45686	 0.49703	 0.02500	 -0.39841
	 0.45686	 0.49703	 0.02500	 -0.39841
	 0.45686	 0.46573	 0.02500	 -0.39841
	 0.45686	 0.49703	 0.02500	 -0.39841
	 0.45686	 0.49159	 0.02500	 -0.39841
	 0.45686	 0.49390	 0.02500	 -0.39841
	 0.45686	 0.42754	 0.02418	 -0.37324
	 0.45686	 0.45129	 0.02500	 -0.39841
	 0.45686	 0.49703	 0.02500	 -0.39841
	 0.45686	 0.49703	 0.02500	 -0.39841
	 0.45686	 0.49720	 0.02500	 -0.39841
	 0.45686	 0.49703	 0.02500	 -0.39841
	 0.45686	 0.49904	 0.02500	 -0.39841
	 0.45686	 0.49907	 0.02500	 -0.39841
	 0.45686	 0.49703	 0.02500	 -0.39841
	 0.45686	 0.49732	 0.02500	 -0.39841
	 0.42485	 0.48774	 0.02471	 -0.38772
	 0.45686	 0.49703	 0.02500	 -0.39841
	 0.46160	 0.49498	 0.02500	 -0.38365
	 0.45685	 0.43113	 0.02500	 -0.39841
	 0.45686	 0.49703	 0.02500	 -0.39841
	 0.45686	 0.48584	 0.02500	 -0.39841
	 0.45686	 0.49703	 0.02500	 -0.39841
	 0.45686	 0.49702	 0.02500	 -0.39841
	 0.45686	 0.49951	 0.02500	 -0.39841
	 0.45686	 0.49703	 0.02500	 -0.39841
	 0.45686	 0.49703	 0.02500	 -0.39841
	 0.45686	 0.49703	 0.02500	 -0.39841
	 0.45686	 0.49731	 0.02404	 -0.37157
	 0.45685	 0.46385	 0.02500	 -0.39841
	 0.45686	 0.49703	 0.02500	 -0.39841
	 0.48100	 0.49703	 0.02500	 -0.38760
	 0.45686	 0.49703	 0.02500	 -0.39841
	 0.45686	 0.46959	 0.02500	 -0.39841
	 0.45686	 0.49703	 0.02500	 -0.39841
	 0.45686	 0.49904	 0.02500	 -0.39841
	 0.45686	 0.49907	 0.02500	 -0.39841
	 0.45686	 0.49856	 0.02500	 -0.39841
	 0.45686	 0.48584	 0.02500	 -0.39841
	 0.45686	 0.49720	 0.02500	 -0.39841
	 0.45686	 0.43402	 0.02500	 -0.39841
	 0.45686	 0.49700	 0.02436	 -0.37527
	 0.45686	 0.48587	 0.02500	 -0.39841
	 0.45686	 0.49703	 0.02500	 -0.39841
	 0.45686	 0.45477	 0.02500	 -0.39841
	 0.45686	 0.48774	 0.02500	 -0.39841
	 0.45686	 0.49703	 0.02500	 -0.39841
	 0.45686	 0.49703	 0.02500	 -0.39841
	 0.45686	 0.47202	 0.02500	 -0.39841
	 0.45686	 0.49519	 0.02500	 -0.39841
	 0.45686	 0.46748	 0.02500	 -0.39841
	 0.48114	 0.46875	 0.02500	 -0.38762
	 0.45686	 0.49688	 0.02500	 -0.39841
	 0.45686	 0.49703	 0.02307	 -0.36020
	 0.45686	 0.45234	 0.02500	 -0.39841
	 0.45686	 0.48572	 0.02500	 -0.39841
	 0.45686	 0.49715	 0.02500	 -0.39841
	 0.45686	 0.49703	 0.02469	 -0.37910
	 0.45686	 0.45129	 0.02500	 -0.39841
	 0.45686	 0.49947	 0.02500	 -0.39841
	 0.45686	 0.47330	 0.02500	 -0.39841
	 0.45686	 0.49703	 0.02500	 -0.39841
	 0.45686	 0.49703	 0.02355	 -0.36574
	 0.45686	 0.49703	 0.02500	 -0.39841
	 0.45686	 0.49703	 0.02326	 -0.36242
	 0.45686	 0.49703	 0.02500	 -0.39841
	 0.45686	 0.49907	 0.02500	 -0.39841
	 0.45686	 0.49703	 0.02500	 -0.39841
	 0.45686	 0.49703	 0.02187	 -0.34577
	 0.45686	 0.49886	 0.02464	 -0.37852
	 0.45686	 0.49706	 0.02500	 -0.39841
	 0.45024	 0.46573	 0.02500	 -0.39690
	 0.45686	 0.49277	 0.02500	 -0.39841
	 0.46923	 0.48165	 0.02500	 -0.38522
	 0.45686	 0.49706	 0.02500	 -0.39841
	 0.45686	 0.49856	 0.02500	 -0.39841
	 0.45686	 0.49904	 0.02500	 -0.39841
	 0.45686	 0.49703	 0.02500	 -0.39841
	 0.45686	 0.45234	 0.02500	 -0.39841
	 0.40781	 0.49701	 0.02500	 -0.38687
	 0.45686	 0.49734	 0.02312	 -0.36075
	 0.45686	 0.48584	 0.02500	 -0.39841
	 0.45686	 0.49703	 0.02500	 -0.39841
	 0.46152	 0.43726	 0.02500	 -0.38363
	 0.45686	 0.49991	 0.02500	 -0.39841
	 0.45686	 0.44511	 0.02500	 -0.39841
	 0.45686	 0.41841	 0.02500	 -0.39841
	 0.45686	 0.49703	 0.02500	 -0.39841
	 0.45686	 0.49907	 0.02500	 -0.39841
	 0.46565	 0.49907	 0.02500	 -0.38449
	 0.45686	 0.49856	 0.02500	 -0.39841
	 0.45686	 0.45459	 0.02500	 -0.39841
	 0.45686	 0.49732	 0.02500	 -0.39841
	 0.45686	 0.49907	 0.02500	 -0.39841
	 0.45686	 0.49904	 0.02500	 -0.39841
	 0.46904	 0.46573	 0.02500	 -0.38519
	 0.44992	 0.49907	 0.02500	 -0.39683
	 0.45686	 0.49681	 0.02500	 -0.39841
	 0.49323	 0.49914	 0.02500	 -0.38998
	 0.45686	 0.41090	 0.02500	 -0.39841
	 0.45686	 0.49703	 0.02500	 -0.39841
	 0.45686	 0.47189	 0.02500	 -0.39841
	 0.45686	 0.49817	 0.02500	 -0.39841
	 0.45686	 0.49679	 0.02500	 -0.39841
	 0.45686	 0.49931	 0.02500	 -0.39841
	 0.45686	 0.49904	 0.02500	 -0.39841
	 0.45686	 0.46573	 0.02500	 -0.39841
	 0.45686	 0.49642	 0.02500	 -0.39841
	 0.45612	 0.45616	 0.02500	 -0.39824
	 0.45686	 0.49732	 0.02500	 -0.39841
	 0.45686	 0.49519	 0.02500	 -0.39841
	 0.45686	 0.48584	 0.02500	 -0.39841
	 0.45686	 0.44755	 0.02500	 -0.39841
	 0.45686	 0.49642	 0.02500	 -0.39841
	 0.45686	 0.49703	 0.02500	 -0.39841
	 0.45686	 0.47671	 0.02500	 -0.39841
	 0.45686	 0.49687	 0.02500	 -0.39841
	 0.45686	 0.49907	 0.02500	 -0.39841
	 0.45686	 0.41841	 0.02490	 -0.38152
	 0.45686	 0.49931	 0.02500	 -0.39841
	 0.45686	 0.49703	 0.02500	 -0.39841
	 0.45521	 0.49932	 0.02500	 -0.39803
	 0.46203	 0.49856	 0.02500	 -0.38374
	 0.45900	 0.44215	 0.02500	 -0.38310
	 0.44848	 0.49904	 0.02500	 -0.39650
	 0.45686	 0.47779	 0.02500	 -0.39841
	 0.45686	 0.49715	 0.02500	 -0.39841
	 0.44819	 0.44456	 0.02500	 -0.39644
	 0.45686	 0.49764	 0.02500	 -0.39841
	 0.42877	 0.46573	 0.02500	 -0.39198
	 0.45686	 0.49519	 0.02500	 -0.39841
	 0.46120	 0.49856	 0.02500	 -0.38356
	 0.45686	 0.49991	 0.02500	 -0.39841
	 0.45686	 0.49350	 0.02232	 -0.35129
	 0.45686	 0.42909	 0.02500	 -0.39841
	 0.45686	 0.49703	 0.02500	 -0.39841
	 0.46601	 0.44511	 0.02500	 -0.38456
	 0.45553	 0.45129	 0.02500	 -0.39811
	 0.45686	 0.46157	 0.02500	 -0.39841
	 0.45686	 0.49652	 0.02500	 -0.39841
	 0.47377	 0.49509	 0.02500	 -0.38615
	 0.45686	 0.43402	 0.02500	 -0.39841
	 0.45686	 0.44511	 0.02495	 -0.38213
	 0.45686	 0.49907	 0.02500	 -0.39841
	 0.45686	 0.46573	 0.02500	 -0.39841
	 0.48346	 0.49991	 0.02500	 -0.38808
	 0.46496	 0.49222	 0.02500	 -0.38435
	 0.45686	 0.47189	 0.02500	 -0.39841
	 0.42732	 0.49953	 0.02500	 -0.39164
	 0.45686	 0.49907	 0.02500	 -0.39841
	 0.45686	 0.49703	 0.02500	 -0.39841
	 0.45686	 0.49717	 0.02500	 -0.39841
	 0.45686	 0.49908	 0.02500	 -0.39841
	 0.45686	 0.49681	 0.02427	 -0.37423
	 0.45686	 0.49645	 0.02500	 -0.39841
	 0.45686	 0.49940	 0.02500	 -0.39841
	 0.45686	 0.46706	 0.02500	 -0.39841
	 0.45686	 0.49679	 0.02500	 -0.39841
	 0.45686	 0.49907	 0.02499	 -0.39830
	 0.45686	 0.46573	 0.02500	 -0.39841
	 0.45686	 0.49991	 0.02500	 -0.39841
	 0.45686	 0.49652	 0.02500	 -0.39841
	 0.45686	 0.49703	 0.02500	 -0.39841
	 0.45686	 0.43402	 0.02500	 -0.39841
	 0.45686	 0.49687	 0.02500	 -0.39841
	 0.44633	 0.43845	 0.02500	 -0.39602
	 0.45686	 0.47337	 0.02500	 -0.39841
	 0.45686	 0.48986	 0.02500	 -0.39841
	 0.45686	 0.46363	 0.02500	 -0.39841
	 0.45686	 0.46573	 0.02500	 -0.39841
	 0.45686	 0.46573	 0.02500	 -0.39841
	 0.45686	 0.49681	 0.02500	 -0.39841
	 0.45686	 0.41469	 0.02500	 -0.39841
	 0.45686	 0.49947	 0.02500	 -0.39841
	 0.45686	 0.48691	 0.02500	 -0.39841
	 0.45686	 0.49703	 0.02472	 -0.37947
	 0.45241	 0.49907	 0.02500	 -0.39740
	 0.41850	 0.49572	 0.02500	 -0.38952
	 0.45686	 0.49991	 0.02453	 -0.37723
	 0.45686	 0.42791	 0.02500	 -0.39841
	 0.45686	 0.49309	 0.02500	 -0.39841
	 0.44235	 0.46573	 0.02500	 -0.39512
	 0.45686	 0.49519	 0.02500	 -0.39841
	 0.45686	 0.47779	 0.02500	 -0.39841
	 0.45686	 0.45800	 0.02437	 -0.37546
	 0.45686	 0.49993	 0.02500	 -0.39841
	 0.45087	 0.49752	 0.02500	 -0.39704
	 0.45686	 0.49907	 0.02500	 -0.39841
	 0.45686	 0.49991	 0.02500	 -0.39841
	 0.45686	 0.46157	 0.02500	 -0.39841
	 0.45686	 0.49717	 0.02500	 -0.39841
	 0.45686	 0.46157	 0.02500	 -0.39841
	 0.45686	 0.49717	 0.02500	 -0.39841
	 0.45686	 0.49676	 0.02500	 -0.39841
	 0.45686	 0.46538	 0.02500	 -0.39841
	 0.45686	 0.49519	 0.02237	 -0.35188
	 0.45686	 0.49519	 0.02500	 -0.39841
	 0.45686	 0.49652	 0.02500	 -0.39841
	 0.45686	 0.49681	 0.02500	 -0.39841
	 0.45686	 0.47026	 0.02442	 -0.37604
	 0.47830	 0.49652	 0.02500	 -0.38706
	 0.45686	 0.47780	 0.02500	 -0.39841
	 0.45686	 0.46572	 0.02500	 -0.39841
	 0.45686	 0.47960	 0.02500	 -0.39841
	 0.45686	 0.49993	 0.02500	 -0.39841
	 0.42426	 0.47865	 0.02500	 -0.39091
	 0.45618	 0.46157	 0.02500	 -0.39825
	 0.45686	 0.49681	 0.02345	 -0.36457
	 0.45686	 0.49994	 0.02500	 -0.39841
	 0.45686	 0.49993	 0.02442	 -0.37605
	 0.45686	 0.49991	 0.02474	 -0.37973
	 0.45686	 0.46573	 0.02500	 -0.39841
	 0.45686	 0.49991	 0.02500	 -0.39841
	 0.45686	 0.49463	 0.02500	 -0.39841
	 0.45686	 0.48080	 0.02500	 -0.39841
	 0.45686	 0.49524	 0.02500	 -0.39841
	 0.45686	 0.45093	 0.02500	 -0.39841
	 0.45686	 0.42909	 0.02500	 -0.39841
	 0.45686	 0.43215	 0.02500	 -0.39841
	 0.45686	 0.47779	 0.02500	 -0.39841
	 0.45686	 0.46573	 0.02500	 -0.39841
	 0.45686	 0.46574	 0.02500	 -0.39841
	 0.45686	 0.46706	 0.02500	 -0.39841
	 0.45686	 0.49380	 0.02382	 -0.36897
	 0.45069	 0.48986	 0.02500	 -0.39700
	 0.44678	 0.49160	 0.02500	 -0.39612
	 0.45686	 0.45982	 0.02500	 -0.39841
	 0.45686	 0.46690	 0.02500	 -0.39841
	 0.45686	 0.49555	 0.02500	 -0.39841
	 0.45686	 0.46573	 0.02500	 -0.39841
	 0.45686	 0.49519	 0.02500	 -0.39841
	 0.45686	 0.49220	 0.02500	 -0.39841
	 0.45686	 0.46157	 0.02500	 -0.39841
	 0.45686	 0.46052	 0.02500	 -0.39841
	 0.45686	 0.49676	 0.02500	 -0.39841
	 0.45686	 0.46573	 0.02500	 -0.39841
	 0.45686	 0.47779	 0.02500	 -0.39841
	 0.45686	 0.46573	 0.02500	 -0.39841
	 0.45686	 0.47779	 0.02500	 -0.39841
	 0.45686	 0.46573	 0.02354	 -0.36563
	 0.40721	 0.46573	 0.02500	 -0.38672
	 0.45686	 0.46573	 0.02500	 -0.39841
	 0.45686	 0.46157	 0.02500	 -0.39841
	 0.45686	 0.46157	 0.02500	 -0.39841
	 0.41646	 0.49916	 0.02500	 -0.38902
	 0.45686	 0.49991	 0.02500	 -0.39841
	 0.45686	 0.49652	 0.02500	 -0.39841
	 0.45686	 0.49662	 0.02500	 -0.39841
	 0.43902	 0.49927	 0.02500	 -0.39436
	 0.45686	 0.46573	 0.02500	 -0.39841
	 0.47917	 0.46690	 0.02500	 -0.38723
	 0.46528	 0.46580	 0.02500	 -0.38441
	 0.45686	 0.45976	 0.02500	 -0.39841
	 0.46153	 0.47192	 0.02500	 -0.38363
	 0.47926	 0.46573	 0.02500	 -0.38725
	 0.48983	 0.46157	 0.02500	 -0.38932
	 0.45686	 0.46573	 0.02500	 -0.39841
	 0.45686	 0.42449	 0.02500	 -0.39841
	 0.44700	 0.49463	 0.02500	 -0.39617
	 0.45686	 0.46543	 0.02500	 -0.39841
	 0.45686	 0.46568	 0.02500	 -0.39841
	 0.45686	 0.49995	 0.02500	 -0.39841
	 0.43384	 0.45982	 0.02500	 -0.39317
	 0.42835	 0.45319	 0.02500	 -0.39188
	 0.45686	 0.49676	 0.02500	 -0.39841
	 0.45686	 0.46632	 0.02500	 -0.39841
	 0.44798	 0.46594	 0.02382	 -0.36730
	 0.45686	 0.47768	 0.02500	 -0.39841
	 0.45686	 0.46717	 0.02500	 -0.39841
	 0.45686	 0.46538	 0.02500	 -0.39841
	 0.45686	 0.44416	 0.02500	 -0.39841
	 0.45686	 0.46706	 0.02500	 -0.39841
	 0.45686	 0.46573	 0.02500	 -0.39841
	 0.45686	 0.46574	 0.02500	 -0.39841
	 0.45686	 0.47779	 0.02500	 -0.39841
	 0.45686	 0.46538	 0.02500	 -0.39841
	 0.45686	 0.42679	 0.02365	 -0.36702
	 0.42278	 0.46573	 0.02500	 -0.39056
	 0.45686	 0.46538	 0.02500	 -0.39841
	 0.45686	 0.46720	 0.02500	 -0.39841
	 0.45686	 0.46571	 0.02500	 -0.39841
	 0.45686	 0.46771	 0.02500	 -0.39841
	 0.45686	 0.49592	 0.02500	 -0.39841
	 0.45686	 0.47779	 0.02500	 -0.39841
	 0.45686	 0.49652	 0.02500	 -0.39841
	 0.47418	 0.46052	 0.02500	 -0.38623
	 0.45686	 0.46573	 0.02500	 -0.39841
	 0.45686	 0.45976	 0.02500	 -0.39841
	 0.45686	 0.49676	 0.02500	 -0.39841
	 0.43849	 0.46157	 0.02500	 -0.39424
	 0.45686	 0.49676	 0.02500	 -0.39841
	 0.48693	 0.49652	 0.02500	 -0.38876
	 0.45686	 0.45756	 0.02500	 -0.39841
	 0.45686	 0.47768	 0.02500	 -0.39841
	 0.45686	 0.49463	 0.02500	 -0.39841
	 0.45686	 0.47779	 0.02500	 -0.39841
	 0.45686	 0.47768	 0.02500	 -0.39841
	 0.45686	 0.45976	 0.02500	 -0.39841
	 0.45686	 0.49676	 0.02500	 -0.39841
	 0.46241	 0.46052	 0.02500	 -0.38382
	 0.45686	 0.46706	 0.02500	 -0.39841
	 0.45686	 0.46207	 0.02500	 -0.39841
	 0.45686	 0.47554	 0.02500	 -0.39841
	 0.45686	 0.46155	 0.02500	 -0.39841
	 0.45686	 0.46576	 0.02380	 -0.36874
	 0.45686	 0.46573	 0.02500	 -0.39841
	 0.45686	 0.47779	 0.02500	 -0.39841
	 0.45686	 0.46568	 0.02500	 -0.39841
	 0.46304	 0.49676	 0.02500	 -0.38395
	 0.45686	 0.46618	 0.02500	 -0.39841
	 0.45686	 0.46171	 0.02500	 -0.39841
	 0.45686	 0.49570	 0.02500	 -0.39841
	 0.45686	 0.46038	 0.02500	 -0.39841
	 0.45686	 0.46086	 0.02500	 -0.39841
	 0.45686	 0.49676	 0.02500	 -0.39841
	 0.46795	 0.49652	 0.02500	 -0.38496
	 0.45686	 0.46574	 0.02500	 -0.39841
	 0.45686	 0.46574	 0.02500	 -0.39841
	 0.45686	 0.46720	 0.02500	 -0.39841
	 0.45686	 0.45976	 0.02500	 -0.39841
	 0.45686	 0.47779	 0.02500	 -0.39841
	 0.45686	 0.47779	 0.02500	 -0.39841
	 0.43269	 0.47779	 0.02500	 -0.39290
	 0.45686	 0.45442	 0.02500	 -0.39841
	 0.45686	 0.47643	 0.02500	 -0.39841
	 0.45686	 0.46771	 0.02500	 -0.39841
	 0.47124	 0.46538	 0.02500	 -0.38564
	 0.45686	 0.47779	 0.02500	 -0.39841
	 0.45686	 0.46618	 0.02500	 -0.39841
	 0.45826	 0.47868	 0.02500	 -0.38294
	 0.45686	 0.49562	 0.02500	 -0.39841
	 0.45686	 0.49465	 0.02500	 -0.39841
	 0.45686	 0.47465	 0.02500	 -0.39841
	 0.45686	 0.46718	 0.02500	 -0.39841
	 0.45686	 0.49449	 0.02500	 -0.39841
	 0.44447	 0.46771	 0.02500	 -0.39560
	 0.45686	 0.46574	 0.02500	 -0.39841
	 0.45686	 0.47737	 0.02500	 -0.39841
	 0.45074	 0.42972	 0.02500	 -0.39702
	 0.45686	 0.47626	 0.02500	 -0.39841
	 0.45686	 0.49717	 0.02500	 -0.39841
	 0.45686	 0.49722	 0.02500	 -0.39841
	 0.45686	 0.41664	 0.02500	 -0.39841
	 0.45686	 0.49676	 0.02500	 -0.39841
	 0.45686	 0.49988	 0.02500	 -0.39841
	 0.45686	 0.46638	 0.02500	 -0.39841
	 0.45686	 0.47858	 0.02500	 -0.39841
	 0.46173	 0.46646	 0.02500	 -0.38367
	 0.44976	 0.49353	 0.02500	 -0.39679
	 0.45686	 0.45526	 0.02500	 -0.39841
	 0.45686	 0.49570	 0.02500	 -0.39841
	 0.45686	 0.47759	 0.02500	 -0.39841
	 0.45686	 0.46740	 0.02500	 -0.39841
	 0.45686	 0.47465	 0.02473	 -0.37957
	 0.45686	 0.49722	 0.02500	 -0.39841
	 0.45686	 0.47540	 0.02500	 -0.39841
	 0.45686	 0.41903	 0.02500	 -0.39841
	 0.45686	 0.49570	 0.02500	 -0.39841
	 0.45686	 0.49293	 0.02500	 -0.39841
	 0.44737	 0.49449	 0.02500	 -0.39625
	 0.45686	 0.47465	 0.02500	 -0.39841
	 0.45686	 0.47085	 0.02500	 -0.39841
	 0.45686	 0.47759	 0.02500	 -0.39841
	 0.45686	 0.49717	 0.02500	 -0.39841
	 0.45686	 0.49098	 0.02347	 -0.36489
	 0.45686	 0.49491	 0.02474	 -0.37969
	 0.45686	 0.46158	 0.02500	 -0.39841
	 0.45686	 0.47930	 0.02500	 -0.39841
	 0.45686	 0.49648	 0.02500	 -0.39841
	 0.45686	 0.47688	 0.02500	 -0.39841
	 0.45686	 0.49463	 0.02500	 -0.39841
	 0.45686	 0.49567	 0.02386	 -0.36941
	 0.38399	 0.49398	 0.02500	 -0.38064
	 0.45686	 0.47733	 0.02500	 -0.39841
	 0.45502	 0.49641	 0.02500	 -0.39799
	 0.45686	 0.49463	 0.02350	 -0.36523
	 0.45686	 0.47736	 0.02500	 -0.39841
	 0.45686	 0.47737	 0.02500	 -0.39841
	 0.45686	 0.49465	 0.02500	 -0.39841
	 0.45686	 0.46771	 0.02500	 -0.39841
	 0.45686	 0.46771	 0.02500	 -0.39841
	 0.45686	 0.47756	 0.02500	 -0.39841
	 0.39495	 0.46676	 0.02452	 -0.37833
	 0.45686	 0.46052	 0.02500	 -0.39841
	 0.45686	 0.45665	 0.02422	 -0.37362
	 0.45686	 0.46740	 0.02500	 -0.39841
	 0.45686	 0.47626	 0.02500	 -0.39841
	 0.45686	 0.43397	 0.02500	 -0.39841
	 0.46747	 0.48295	 0.02457	 -0.37987
	 0.45686	 0.46903	 0.02500	 -0.39841
	 0.45686	 0.49478	 0.02500	 -0.39841
	 0.45686	 0.47846	 0.02500	 -0.39841
	 0.45686	 0.47608	 0.02500	 -0.39841
	 0.45686	 0.47737	 0.02500	 -0.39841
	 0.45686	 0.47737	 0.02456	 -0.37759
	 0.45686	 0.42113	 0.02500	 -0.39841
	 0.45686	 0.47016	 0.02500	 -0.39841
	 0.45686	 0.49570	 0.02500	 -0.39841
	 0.45686	 0.49570	 0.02500	 -0.39841
	 0.45686	 0.47085	 0.02500	 -0.39841
	 0.45686	 0.49463	 0.02500	 -0.39841
	 0.45686	 0.49543	 0.02500	 -0.39841
	 0.44416	 0.41664	 0.02500	 -0.39553
	 0.45686	 0.49536	 0.02500	 -0.39841
	 0.45686	 0.47573	 0.02442	 -0.37597
	 0.45686	 0.49478	 0.02500	 -0.39841
	 0.45686	 0.46771	 0.02500	 -0.39841
	 0.45686	 0.47756	 0.02500	 -0.39841
	 0.45686	 0.49463	 0.02500	 -0.39841
	 0.47830	 0.49682	 0.02500	 -0.38706
	 0.44710	 0.49305	 0.02500	 -0.39619
	 0.45686	 0.46771	 0.02500	 -0.39841
	 0.45686	 0.46771	 0.02500	 -0.39841
	 0.44590	 0.47736	 0.02500	 -0.39593
	 0.45686	 0.49449	 0.02500	 -0.39841
	 0.45686	 0.49358	 0.02500	 -0.39841
	 0.42723	 0.49808	 0.02500	 -0.39162
	 0.45686	 0.49648	 0.02500	 -0.39841
	 0.45686	 0.48873	 0.02500	 -0.39841
	 0.45686	 0.49478	 0.02500	 -0.39841
	 0.45686	 0.49722	 0.02500	 -0.39841
	 0.45686	 0.47608	 0.02500	 -0.39841
	 0.45686	 0.47085	 0.02500	 -0.39841
	 0.45686	 0.47717	 0.02500	 -0.39841
	 0.45686	 0.47485	 0.02500	 -0.39841
	 0.45686	 0.47465	 0.02500	 -0.39841
	 0.44709	 0.46771	 0.02500	 -0.39619
	 0.45686	 0.47577	 0.02343	 -0.36438
	 0.45686	 0.47023	 0.02500	 -0.39841
	 0.45686	 0.49453	 0.02500	 -0.39841
	 0.45686	 0.47474	 0.02500	 -0.39841
	 0.45686	 0.47736	 0.02405	 -0.37171
	 0.45686	 0.48887	 0.02500	 -0.39841
	 0.44098	 0.47717	 0.02500	 -0.39481
	 0.45686	 0.49478	 0.02500	 -0.39841
	 0.45686	 0.47575	 0.02500	 -0.39841
	 0.45659	 0.46988	 0.02500	 -0.39835
	 0.43968	 0.49341	 0.02500	 -0.39447
	 0.45686	 0.47207	 0.02500	 -0.39841
	 0.45686	 0.49645	 0.02500	 -0.39841
	 0.45686	 0.47537	 0.02500	 -0.39841
	 0.45686	 0.47540	 0.02500	 -0.39841
	 0.45686	 0.44911	 0.02500	 -0.39841
	 0.48076	 0.47608	 0.02500	 -0.38755
	 0.45686	 0.47737	 0.02469	 -0.37916
	 0.45686	 0.46771	 0.02500	 -0.39841
	 0.45686	 0.49478	 0.02500	 -0.39841
	 0.45686	 0.49463	 0.02500	 -0.39841
	 0.45686	 0.47717	 0.02500	 -0.39841
	 0.45686	 0.46771	 0.02500	 -0.39841
	 0.45686	 0.47736	 0.02500	 -0.39841
	 0.45686	 0.48887	 0.02500	 -0.39841
	 0.45686	 0.49463	 0.02500	 -0.39841
	 0.45686	 0.49722	 0.02470	 -0.37924
	 0.45686	 0.49453	 0.02500	 -0.39841
	 0.45686	 0.49478	 0.02500	 -0.39841
	 0.45686	 0.47801	 0.02500	 -0.39841
	 0.45686	 0.47009	 0.02136	 -0.33954
	 0.45686	 0.47622	 0.02500	 -0.39841
	 0.45686	 0.44867	 0.02500	 -0.39841
	 0.45686	 0.47015	 0.02500	 -0.39841
	 0.46474	 0.47608	 0.02500	 -0.38430
	 0.45686	 0.47465	 0.02500	 -0.39841
	 0.45621	 0.48590	 0.02500	 -0.39826
	 0.45686	 0.47085	 0.02500	 -0.39841
	 0.45686	 0.47737	 0.02500	 -0.39841
	 0.45686	 0.49478	 0.02500	 -0.39841
	 0.45686	 0.48269	 0.02500	 -0.39841
	 0.45686	 0.47737	 0.02354	 -0.36564
	 0.45686	 0.47737	 0.02500	 -0.39841
	 0.45686	 0.45388	 0.02500	 -0.39841
	 0.45686	 0.49477	 0.02497	 -0.38231
	 0.45686	 0.49464	 0.02500	 -0.39841
	 0.45686	 0.47715	 0.02346	 -0.36470
	 0.42991	 0.49499	 0.02500	 -0.39225
	 0.45686	 0.49477	 0.02500	 -0.39841
	 0.45686	 0.48887	 0.02500	 -0.39841
	 0.45686	 0.46677	 0.02500	 -0.39841
	 0.45911	 0.47575	 0.02500	 -0.38312
	 0.45686	 0.47015	 0.02410	 -0.37232
	 0.45656	 0.47608	 0.02500	 -0.39834
	 0.45686	 0.47207	 0.02500	 -0.39841
	 0.45686	 0.49478	 0.02500	 -0.39841
	 0.45686	 0.47717	 0.02500	 -0.39841
	 0.45686	 0.46771	 0.02500	 -0.39841
	 0.44842	 0.47015	 0.02500	 -0.39649
	 0.45686	 0.49463	 0.02500	 -0.39841
	 0.45686	 0.49547	 0.02500	 -0.39841
	 0.45686	 0.49463	 0.02500	 -0.39841
	 0.45686	 0.45667	 0.02500	 -0.39841
	 0.45686	 0.47540	 0.02500	 -0.39841
	 0.45686	 0.47085	 0.02500	 -0.39841
	 0.46347	 0.49543	 0.02500	 -0.38404
	 0.45686	 0.47717	 0.02500	 -0.39841
	 0.45686	 0.47717	 0.02500	 -0.39841
	 0.46176	 0.47736	 0.02500	 -0.38368
	 0.45686	 0.47716	 0.02500	 -0.39841
	 0.45686	 0.47502	 0.02500	 -0.39841
	 0.45686	 0.49478	 0.02500	 -0.39841
	 0.45686	 0.47107	 0.02500	 -0.39841
	 0.46752	 0.47737	 0.02500	 -0.38487
	 0.45686	 0.49478	 0.02500	 -0.39841
	 0.45686	 0.47474	 0.02500	 -0.39841
	 0.45686	 0.47421	 0.02500	 -0.39841
	 0.45686	 0.47191	 0.02500	 -0.39841
	 0.45686	 0.42370	 0.02329	 -0.36271
	 0.45686	 0.47622	 0.02368	 -0.36736
	 0.45686	 0.47631	 0.02500	 -0.39841
	 0.45686	 0.49798	 0.02500	 -0.39841
	 0.45686	 0.49190	 0.02500	 -0.39841
	 0.45686	 0.49165	 0.02500	 -0.39841
	 0.45686	 0.43479	 0.02449	 -0.37678
	 0.45686	 0.49478	 0.02500	 -0.39841
	 0.44704	 0.49478	 0.02500	 -0.39618
	 0.45686	 0.47290	 0.02500	 -0.39841
	 0.45686	 0.47655	 0.02500	 -0.39841
	 0.45686	 0.46991	 0.02500	 -0.39841
	 0.45686	 0.49168	 0.02500	 -0.39841
	 0.45686	 0.47714	 0.02500	 -0.39841
	 0.45686	 0.47736	 0.02500	 -0.39841
	 0.48000	 0.47608	 0.02462	 -0.38290
	 0.45686	 0.47603	 0.02500	 -0.39841
	 0.45686	 0.47722	 0.02500	 -0.39841
	 0.45686	 0.47717	 0.02500	 -0.39841
	 0.45686	 0.49478	 0.02500	 -0.39841
	 0.45686	 0.47023	 0.02500	 -0.39841
	 0.45686	 0.47540	 0.02500	 -0.39841
	 0.44884	 0.47320	 0.02500	 -0.39658
	 0.45686	 0.47716	 0.02500	 -0.39841
	 0.45686	 0.47620	 0.02319	 -0.36160
	 0.45686	 0.47136	 0.02361	 -0.36656
	 0.45686	 0.47717	 0.02500	 -0.39841
	 0.45686	 0.43029	 0.02500	 -0.39841
	 0.45686	 0.49478	 0.02500	 -0.39841
	 0.45686	 0.47608	 0.02500	 -0.39841
	 0.45686	 0.48079	 0.02500	 -0.39841
	 0.45686	 0.47107	 0.02178	 -0.34464
	 0.45686	 0.47085	 0.02500	 -0.39841
	 0.45686	 0.47717	 0.02500	 -0.39841
	 0.45686	 0.47023	 0.02500	 -0.39841
	 0.46179	 0.47207	 0.02500	 -0.38369
	 0.44362	 0.47602	 0.02376	 -0.36572
	 0.45686	 0.47137	 0.02500	 -0.39841
	 0.45686	 0.47608	 0.02500	 -0.39841
	 0.45686	 0.49478	 0.02500	 -0.39841
	 0.45686	 0.47191	 0.02500	 -0.39841
	 0.45686	 0.43896	 0.02500	 -0.39841
	 0.45686	 0.47717	 0.02500	 -0.39841
	 0.45686	 0.39092	 0.02500	 -0.39841
	 0.45686	 0.47421	 0.02500	 -0.39841
	 0.45686	 0.47717	 0.02500	 -0.39841
	 0.45661	 0.47622	 0.02500	 -0.39835
	 0.35675	 0.47421	 0.02500	 -0.37287
	 0.45686	 0.46065	 0.02500	 -0.39841
	 0.45686	 0.47722	 0.02500	 -0.39841
	 0.45686	 0.47622	 0.02500	 -0.39841
	 0.45686	 0.47137	 0.02500	 -0.39841
	 0.46479	 0.47421	 0.02500	 -0.38431
	 0.45686	 0.45676	 0.02500	 -0.39841
	 0.45686	 0.47717	 0.02500	 -0.39841
	 0.45686	 0.47340	 0.02500	 -0.39841
	 0.45686	 0.47137	 0.02500	 -0.39841
	 0.45686	 0.48951	 0.02500	 -0.39841
	 0.45924	 0.47717	 0.02500	 -0.38315
	 0.45686	 0.48079	 0.02500	 -0.39841
	 0.45686	 0.49168	 0.02500	 -0.39841
	 0.45700	 0.43540	 0.02500	 -0.39844
	 0.45686	 0.47668	 0.02500	 -0.39841
	 0.45686	 0.49403	 0.02500	 -0.39841
	 0.45686	 0.48345	 0.02500	 -0.39841
	 0.45686	 0.46991	 0.02320	 -0.36174
	 0.45686	 0.47714	 0.02500	 -0.39841
	 0.45686	 0.47608	 0.02500	 -0.39841
	 0.45686	 0.45524	 0.02500	 -0.39841
	 0.45811	 0.47717	 0.02500	 -0.38291
	 0.45841	 0.46490	 0.02327	 -0.36284
	 0.45686	 0.47717	 0.02500	 -0.39841
	 0.45686	 0.48621	 0.02500	 -0.39841
	 0.45686	 0.47608	 0.02500	 -0.39841
	 0.45686	 0.48084	 0.02500	 -0.39841
	 0.45686	 0.47023	 0.02500	 -0.39841
	 0.45481	 0.47714	 0.02500	 -0.39795
	 0.45686	 0.47631	 0.02500	 -0.39841
	 0.45686	 0.47023	 0.02500	 -0.39841
	 0.45686	 0.47608	 0.02500	 -0.39841
	 0.45686	 0.47025	 0.02500	 -0.39841
	 0.46916	 0.47606	 0.02500	 -0.38521
	 0.45686	 0.48216	 0.02500	 -0.39841
	 0.45686	 0.49168	 0.02500	 -0.39841
	 0.45686	 0.47023	 0.02500	 -0.39841
	 0.45686	 0.47023	 0.02407	 -0.37188
	 0.45686	 0.47717	 0.02500	 -0.39841
	 0.45686	 0.47023	 0.02500	 -0.39841
	 0.49811	 0.47608	 0.02500	 -0.39091
	 0.45686	 0.47668	 0.02466	 -0.37875
	 0.45686	 0.47608	 0.02500	 -0.39841
	 0.47142	 0.45687	 0.02500	 -0.38567
	 0.45686	 0.48927	 0.02462	 -0.37826
	 0.45686	 0.47608	 0.02500	 -0.39841
	 0.45686	 0.47576	 0.02500	 -0.39841
	 0.45686	 0.47054	 0.02500	 -0.39841
	 0.45686	 0.47608	 0.02500	 -0.39841
	 0.45686	 0.47608	 0.02500	 -0.39841
	 0.45686	 0.48232	 0.02500	 -0.39841
	 0.45686	 0.48382	 0.02500	 -0.39841
	 0.43533	 0.47023	 0.02500	 -0.39352
	 0.45686	 0.44071	 0.02500	 -0.39841
	 0.48560	 0.48084	 0.02500	 -0.38850
	 0.45686	 0.47023	 0.02500	 -0.39841
	 0.45686	 0.47722	 0.02500	 -0.39841
	 0.45686	 0.48621	 0.02500	 -0.39841
	 0.46002	 0.44495	 0.02405	 -0.37235
	 0.45686	 0.47668	 0.02500	 -0.39841
	 0.45686	 0.47134	 0.02500	 -0.39841
	 0.45686	 0.44704	 0.02500	 -0.39841
	 0.45686	 0.43540	 0.02500	 -0.39841
	 0.45700	 0.47505	 0.02500	 -0.39844
	 0.45686	 0.47589	 0.02500	 -0.39841
	 0.45686	 0.47010	 0.02500	 -0.39841
	 0.45686	 0.48128	 0.02500	 -0.39841
	 0.45686	 0.45236	 0.02500	 -0.39841
	 0.45686	 0.49168	 0.02500	 -0.39841
	 0.45686	 0.47608	 0.02500	 -0.39841
	 0.45686	 0.46358	 0.02500	 -0.39841
	 0.45686	 0.48192	 0.02500	 -0.39841
	 0.45686	 0.47137	 0.02500	 -0.39841
	 0.45686	 0.47107	 0.02476	 -0.37992
	 0.45686	 0.46996	 0.02500	 -0.39841
	 0.45686	 0.47635	 0.02500	 -0.39841
	 0.45700	 0.42776	 0.02500	 -0.39844
	 0.45686	 0.48393	 0.02500	 -0.39841
	 0.45686	 0.47025	 0.02500	 -0.39841
	 0.45686	 0.47137	 0.02500	 -0.39841
	 0.45686	 0.47668	 0.02500	 -0.39841
	 0.45686	 0.47134	 0.02500	 -0.39841
	 0.45686	 0.48044	 0.02500	 -0.39841
	 0.44306	 0.47608	 0.02500	 -0.39529
	 0.45700	 0.47505	 0.02500	 -0.39844
	 0.45686	 0.48621	 0.02500	 -0.39841
	 0.47823	 0.47023	 0.02500	 -0.38704
	 0.45700	 0.47930	 0.02500	 -0.39844
	 0.45686	 0.47608	 0.02500	 -0.39841
	 0.43212	 0.47608	 0.02500	 -0.39277
	 0.46603	 0.48232	 0.02500	 -0.38457
	 0.45686	 0.45236	 0.02500	 -0.39841
	 0.46306	 0.47608	 0.02500	 -0.38395
	 0.45700	 0.43540	 0.02500	 -0.39844
	 0.45686	 0.47134	 0.02500	 -0.39841
	 0.45686	 0.49168	 0.02500	 -0.39841
	 0.45686	 0.48431	 0.02494	 -0.38201
	 0.45686	 0.47618	 0.02500	 -0.39841
	 0.45686	 0.48369	 0.02500	 -0.39841
	 0.46282	 0.47644	 0.02500	 -0.38390
	 0.45686	 0.47025	 0.02500	 -0.39841
	 0.45686	 0.47608	 0.02500	 -0.39841
	 0.45700	 0.47505	 0.02500	 -0.39844
	 0.45686	 0.48621	 0.02500	 -0.39841
	 0.48194	 0.47619	 0.02500	 -0.38778
	 0.45686	 0.47125	 0.02269	 -0.35571
	 0.47827	 0.42776	 0.02500	 -0.38705
	 0.45686	 0.47589	 0.02500	 -0.39841
	 0.45686	 0.48621	 0.02500	 -0.39841
	 0.45686	 0.45876	 0.02500	 -0.39841
	 0.42531	 0.47023	 0.02500	 -0.39116
	 0.45686	 0.47608	 0.02479	 -0.38027
	 0.45700	 0.42776	 0.02500	 -0.39844
	 0.45686	 0.47608	 0.02500	 -0.39841
	 0.45686	 0.47608	 0.02500	 -0.39841
	 0.45686	 0.47635	 0.02500	 -0.39841
	 0.45686	 0.48393	 0.02500	 -0.39841
	 0.45686	 0.47556	 0.02500	 -0.39841
	 0.45686	 0.46475	 0.02500	 -0.39841
	 0.46984	 0.48621	 0.02500	 -0.38535
	 0.45686	 0.48077	 0.02460	 -0.37804
	 0.45686	 0.44676	 0.02500	 -0.39841
	 0.45700	 0.49385	 0.02500	 -0.39844
	 0.45700	 0.42313	 0.02500	 -0.39844
	 0.45700	 0.47920	 0.02500	 -0.39844
	 0.45700	 0.43550	 0.02500	 -0.39844
	 0.44048	 0.47608	 0.02389	 -0.36655
	 0.45686	 0.47134	 0.02478	 -0.38019
	 0.45343	 0.47608	 0.02500	 -0.39763
	 0.45700	 0.45899	 0.02500	 -0.39844
	 0.45686	 0.46972	 0.02500	 -0.39841
	 0.45686	 0.46526	 0.02500	 -0.39841
	 0.45686	 0.45090	 0.02500	 -0.39841
	 0.45686	 0.47023	 0.02500	 -0.39841
	 0.45686	 0.45876	 0.02500	 -0.39841
	 0.45686	 0.47892	 0.02500	 -0.39841
	 0.45700	 0.42776	 0.02500	 -0.39844
	 0.47009	 0.44085	 0.02500	 -0.38540
	 0.45700	 0.43540	 0.02500	 -0.39844
	 0.45686	 0.47608	 0.02500	 -0.39841
	 0.44256	 0.47505	 0.02500	 -0.39517
	 0.45700	 0.43540	 0.02500	 -0.39844
	 0.45686	 0.48286	 0.02500	 -0.39841
	 0.46967	 0.47668	 0.02500	 -0.38532
	 0.45686	 0.47635	 0.02500	 -0.39841
	 0.45686	 0.47608	 0.02500	 -0.39841
	 0.44125	 0.47478	 0.02500	 -0.39487
	 0.43789	 0.42776	 0.02500	 -0.39411
	 0.45686	 0.48382	 0.02500	 -0.39841
	 0.45686	 0.47608	 0.02500	 -0.39841
	 0.45700	 0.47505	 0.02500	 -0.39844
	 0.43002	 0.47556	 0.02500	 -0.39228
	 0.45686	 0.47608	 0.02500	 -0.39841
	 0.45686	 0.48232	 0.02500	 -0.39841
	 0.45686	 0.41693	 0.02500	 -0.39841
	 0.45700	 0.47930	 0.02500	 -0.39844
	 0.45686	 0.47668	 0.02500	 -0.39841
	 0.45686	 0.45895	 0.02500	 -0.39841
	 0.45686	 0.49814	 0.02500	 -0.39841
	 0.45686	 0.47608	 0.02500	 -0.39841
	 0.45700	 0.42776	 0.02500	 -0.39844
	 0.45700	 0.43540	 0.02500	 -0.39844
	 0.45700	 0.47930	 0.02334	 -0.36338
	 0.45700	 0.49385	 0.02500	 -0.39844
	 0.45687	 0.42737	 0.02500	 -0.39841
	 0.45699	 0.49385	 0.02500	 -0.39844
	 0.45563	 0.43540	 0.02500	 -0.39813
	 0.45700	 0.43540	 0.02500	 -0.39844
	 0.45700	 0.47920	 0.02500	 -0.39844
	 0.45700	 0.42313	 0.02500	 -0.39844
	 0.45700	 0.42776	 0.02500	 -0.39844
	 0.44605	 0.42313	 0.02500	 -0.39596
	 0.45686	 0.47334	 0.02500	 -0.39841
	 0.45700	 0.43958	 0.02500	 -0.39844
	 0.45686	 0.48382	 0.02500	 -0.39841
	 0.45700	 0.47505	 0.02500	 -0.39844
	 0.45686	 0.47608	 0.02500	 -0.39841
	 0.45700	 0.43540	 0.02500	 -0.39844
	 0.45700	 0.39159	 0.02500	 -0.39844
	 0.45686	 0.47668	 0.02500	 -0.39841
	 0.45686	 0.47556	 0.02500	 -0.39841
	 0.45686	 0.47608	 0.02500	 -0.39841
	 0.45686	 0.46956	 0.02500	 -0.39841
	 0.45686	 0.47623	 0.02500	 -0.39841
	 0.45686	 0.45938	 0.02500	 -0.39841
	 0.46844	 0.47505	 0.02500	 -0.38506
	 0.48793	 0.47422	 0.02500	 -0.38895
	 0.45700	 0.43633	 0.02500	 -0.39844
	 0.45700	 0.47505	 0.02500	 -0.39844
	 0.46207	 0.47930	 0.02500	 -0.38375
	 0.45700	 0.45891	 0.02500	 -0.39844
	 0.44616	 0.44050	 0.02500	 -0.39598
	 0.45700	 0.47930	 0.02395	 -0.37059
	 0.45700	 0.43540	 0.02500	 -0.39844
	 0.45700	 0.47920	 0.02500	 -0.39844
	 0.45700	 0.47930	 0.02500	 -0.39844
	 0.45700	 0.45899	 0.02500	 -0.39844
	 0.45700	 0.43540	 0.02500	 -0.39844
	 0.45686	 0.48286	 0.02500	 -0.39841
	 0.43951	 0.44676	 0.02500	 -0.39448
	 0.45700	 0.43540	 0.02500	 -0.39844
	 0.46216	 0.42017	 0.02500	 -0.38376
	 0.45700	 0.49325	 0.02194	 -0.34662
	 0.45700	 0.47564	 0.02500	 -0.39844
	 0.45700	 0.39159	 0.02500	 -0.39844
	 0.45700	 0.43550	 0.02500	 -0.39844
	 0.45700	 0.44504	 0.02500	 -0.39844
	 0.44528	 0.38811	 0.02500	 -0.39579
	 0.45700	 0.43540	 0.02500	 -0.39844
	 0.45700	 0.43540	 0.02500	 -0.39844
	 0.45700	 0.47930	 0.02500	 -0.39844
	 0.45700	 0.44983	 0.02500	 -0.39844
	 0.45700	 0.43540	 0.02500	 -0.39844
	 0.45444	 0.47930	 0.02500	 -0.39786
	 0.40197	 0.47930	 0.02500	 -0.38539
	 0.45470	 0.45899	 0.02500	 -0.39792
	 0.45700	 0.47920	 0.02500	 -0.39844
	 0.45700	 0.45899	 0.02500	 -0.39844
	 0.44421	 0.43540	 0.02500	 -0.39554
	 0.45700	 0.45899	 0.02500	 -0.39844
	 0.45700	 0.39306	 0.02500	 -0.39844
	 0.45700	 0.49929	 0.02500	 -0.39844
	 0.47364	 0.48015	 0.02500	 -0.38612
	 0.44711	 0.49289	 0.02500	 -0.39619
	 0.45700	 0.47505	 0.02500	 -0.39844
	 0.45700	 0.49210	 0.02500	 -0.39844
	 0.45700	 0.43540	 0.02500	 -0.39844
	 0.45700	 0.43540	 0.02466	 -0.37881
	 0.45700	 0.49385	 0.02500	 -0.39844
	 0.45700	 0.43540	 0.02500	 -0.39844
	 0.45929	 0.37892	 0.02464	 -0.37903
	 0.45700	 0.43639	 0.02500	 -0.39844
	 0.45700	 0.47458	 0.02500	 -0.39844
	 0.45700	 0.47505	 0.02500	 -0.39844
	 0.45700	 0.49808	 0.02500	 -0.39844
	 0.45700	 0.49885	 0.02500	 -0.39844
	 0.48686	 0.47505	 0.02500	 -0.38875
	 0.45700	 0.43540	 0.02500	 -0.39844
	 0.45700	 0.47284	 0.02500	 -0.39844
	 0.45700	 0.43761	 0.02500	 -0.39844
	 0.45700	 0.47505	 0.02500	 -0.39844
	 0.45700	 0.47505	 0.02500	 -0.39844
	 0.45700	 0.43857	 0.02500	 -0.39844
	 0.45700	 0.47362	 0.02500	 -0.39844
	 0.45700	 0.39306	 0.02458	 -0.37784
	 0.45700	 0.49385	 0.02500	 -0.39844
	 0.45700	 0.43540	 0.02500	 -0.39844
	 0.45700	 0.48701	 0.02500	 -0.39844
	 0.45700	 0.43540	 0.02500	 -0.39844
	 0.45700	 0.45273	 0.02500	 -0.39844
	 0.45700	 0.38347	 0.02500	 -0.39844
	 0.45700	 0.48442	 0.02256	 -0.35417
	 0.45700	 0.47505	 0.02500	 -0.39844
	 0.45700	 0.45899	 0.02500	 -0.39844
	 0.38926	 0.47504	 0.02500	 -0.38206
	 0.45700	 0.49985	 0.02500	 -0.39844
	 0.45700	 0.49808	 0.02480	 -0.38038
	 0.45700	 0.49385	 0.02500	 -0.39844
	 0.45700	 0.49159	 0.02500	 -0.39844
	 0.47808	 0.47557	 0.02500	 -0.38701
	 0.45700	 0.49210	 0.02500	 -0.39844
	 0.45508	 0.48994	 0.02500	 -0.39801
	 0.45735	 0.47505	 0.02500	 -0.38275
	 0.45700	 0.38296	 0.02500	 -0.39844
	 0.45700	 0.43540	 0.02500	 -0.39844
	 0.39387	 0.43974	 0.02500	 -0.38328
	 0.45700	 0.47600	 0.02468	 -0.37903
	 0.45700	 0.49290	 0.02500	 -0.39844
	 0.45700	 0.47505	 0.02500	 -0.39844
	 0.45700	 0.47505	 0.02500	 -0.39844
	 0.45700	 0.47546	 0.02500	 -0.39844
	 0.47364	 0.49343	 0.02500	 -0.38612
	 0.45700	 0.43540	 0.02500	 -0.39844
	 0.47594	 0.43540	 0.02500	 -0.38659
	 0.45700	 0.47505	 0.02500	 -0.39844
	 0.45700	 0.46251	 0.02500	 -0.39844
	 0.45700	 0.45904	 0.02500	 -0.39844
	 0.45700	 0.47500	 0.02500	 -0.39844
	 0.45700	 0.45010	 0.02288	 -0.35796
	 0.45700	 0.49385	 0.02500	 -0.39844
	 0.45700	 0.49385	 0.02500	 -0.39844
	 0.45700	 0.39306	 0.02500	 -0.39844
	 0.46093	 0.49385	 0.02500	 -0.38351
	 0.45700	 0.49385	 0.02500	 -0.39844
	 0.45700	 0.48701	 0.02500	 -0.39844
	 0.45700	 0.49885	 0.02500	 -0.39844
	 0.45700	 0.47510	 0.02246	 -0.35299
	 0.45700	 0.47542	 0.02500	 -0.39844
	 0.45700	 0.45193	 0.02473	 -0.37960
	 0.41120	 0.47362	 0.02500	 -0.38772
	 0.45700	 0.45273	 0.02500	 -0.39844
	 0.44385	 0.34064	 0.02500	 -0.39546
	 0.45700	 0.49985	 0.02500	 -0.39844
	 0.45700	 0.49385	 0.02500	 -0.39844
	 0.45700	 0.49385	 0.02500	 -0.39844
	 0.45564	 0.45899	 0.02500	 -0.39813
	 0.45700	 0.43761	 0.02500	 -0.39844
	 0.45700	 0.49385	 0.02500	 -0.39844
	 0.45700	 0.46940	 0.02500	 -0.39844
	 0.43558	 0.47466	 0.02374	 -0.36390
	 0.45700	 0.47215	 0.02500	 -0.39844
	 0.45700	 0.38347	 0.02500	 -0.39844
	 0.45700	 0.45873	 0.02500	 -0.39844
	 0.45700	 0.47484	 0.02500	 -0.39844
	 0.45049	 0.48302	 0.02500	 -0.39696
	 0.45700	 0.45166	 0.02500	 -0.39844
	 0.45700	 0.44000	 0.02500	 -0.39844
	 0.45700	 0.47266	 0.02500	 -0.39844
	 0.45700	 0.49328	 0.02500	 -0.39844
	 0.45700	 0.47562	 0.02480	 -0.38045
	 0.45700	 0.49808	 0.02500	 -0.39844
	 0.45700	 0.47505	 0.02500	 -0.39844
	 0.45700	 0.45899	 0.02500	 -0.39844
	 0.45700	 0.49385	 0.02500	 -0.39844
	 0.45700	 0.38375	 0.02500	 -0.39844
	 0.45700	 0.49385	 0.02500	 -0.39844
	 0.45700	 0.49629	 0.02500	 -0.39844
	 0.45700	 0.47505	 0.02500	 -0.39844
	 0.43405	 0.47362	 0.02500	 -0.39322
	 0.45700	 0.47505	 0.02500	 -0.39844
