	 Inner loop 2	221.005025126	0.0534667495467	1.94173155202e-14	-0.146148419196	0.440048231635	-0.294	0.00010018756117	-7.45789048982e-15
	 Inner loop 2	221.005025126	0.0534667495467	9.72260331055e-14	-0.146148419197	0.440048231635	-0.294	0.000100187561267	-4.47473429389e-14
Outer loop 	1	0.0534667495467	1.49157809796e-14
	 Inner loop 2	222.010050251	0.0534667495467	8.74661806741e-14	-0.146148419196	0.440048231635	-0.294	0.000100187561228	-2.98315619593e-14
	 Inner loop 2	222.010050251	0.0534667495467	4.27490996161e-13	-0.146148419197	0.440048231635	-0.294	0.000100187561654	-1.93905152735e-13
Outer loop 	2	0.0534667495467	7.45789048982e-14
	 Inner loop 2	223.015075377	0.0534667495467	4.48202076581e-13	-0.146148419196	0.440048231635	-0.294	0.000100187561538	-1.49157809796e-13
	 Inner loop 2	223.015075377	0.0534667495468	2.15677629022e-12	-0.146148419197	0.440048231635	-0.294	0.000100187563691	-9.76983654166e-13
Outer loop 	3	0.0534667495467	4.47473429389e-13
	 Inner loop 2	224.020100503	0.0534667495468	2.43980864971e-12	-0.146148419196	0.440048231635	-0.294	0.000100187563264	-8.1291006339e-13
	 Inner loop 2	224.020100503	0.0534667495473	1.17739105141e-11	-0.146148419199	0.440048231635	-0.294	0.000100187575016	-5.33239170022e-12
Outer loop 	4	0.0534667495466	2.42381440919e-12
	 Inner loop 2	225.025125628	0.0534667495472	1.31860049545e-11	-0.146148419195	0.440048231635	-0.294	0.000100187572572	-4.3926974985e-12
	 Inner loop 2	225.025125628	0.0534667495501	6.36866593804e-11	-0.146148419208	0.440048231636	-0.294	0.000100187636139	-2.88396625241e-11
Outer loop 	5	0.0534667495464	1.30662241382e-11
	 Inner loop 2	226.030150754	0.0534667495495	7.11938049068e-11	-0.146148419187	0.440048231636	-0.294	0.000100187622817	-2.37160917576e-11
	 Inner loop 2	226.030150754	0.0534667495652	3.43846212218e-10	-0.146148419259	0.440048231636	-0.294	0.000100187966015	-1.55705837646e-10
Outer loop 	6	0.0534667495454	7.05665598147e-11
	 Inner loop 2	227.035175879	0.0534667495619	3.8444319001e-10	-0.146148419146	0.440048231636	-0.294	0.000100187894148	-1.28066895491e-10
	 Inner loop 2	227.035175879	0.0534667496466	1.85674550615e-09	-0.146148419532	0.440048231642	-0.294	0.000100189747395	-8.40802573822e-10
Outer loop 	7	0.0534667495398	3.81060914577e-10
	 Inner loop 2	228.040201005	0.0534667496288	2.07593056704e-09	-0.146148418924	0.44004823164	-0.294	0.000100189359285	-6.91540353559e-10
	 Inner loop 2	228.040201005	0.0534667500862	1.00260715562e-08	-0.146148421009	0.440048231669	-0.294	0.000100199366464	-4.54017728294e-09
Outer loop 	8	0.0534667495094	2.05763944403e-09
	 Inner loop 2	229.045226131	0.0534667499904	1.12097675616e-08	-0.146148417724	0.440048231663	-0.294	0.000100197270858	-3.73423288927e-09
	 Inner loop 2	229.045226131	0.05346675246	5.41396672783e-08	-0.146148428986	0.440048231817	-0.294	0.000100251308509	-2.45164427334e-08
Outer loop 	9	0.0534667493455	1.11109964463e-08
	 Inner loop 2	230.050251256	0.0534667519429	6.05311896698e-08	-0.146148411246	0.440048231785	-0.294	0.00010023999222	-2.01643385329e-08
	 Inner loop 2	230.050251256	0.0534667652785	2.92346767381e-07	-0.146148472059	0.440048232618	-0.294	0.000100531788112	-1.32385416811e-07
	 Inner loop 2	230.050251256	0.0534667566764	1.80106996932e-07	-0.14614839554	0.440048232081	-0.294	0.000100343566716	-5.99978042122e-08
	 Inner loop 2	230.050251256	0.0534667963557	8.69860602042e-07	-0.146148576486	0.440048234558	-0.294	0.000101211788206	-3.93905012905e-07
	 Inner loop 2	230.050251256	0.0534667707608	5.35897812959e-07	-0.146148348809	0.44004823296	-0.294	0.000100651746567	-1.78519949755e-07
	 Inner loop 2	230.050251256	0.0534668888243	2.58821939225e-06	-0.146148887201	0.440048240332	-0.294	0.000103235088753	-1.17204128963e-06
	 Inner loop 2	230.050251256	0.0534668126681	1.59453247008e-06	-0.146148209762	0.440048235577	-0.294	0.000101568717572	-5.31175616471e-07
	 Inner loop 2	230.050251256	0.0534671639591	7.70109590848e-06	-0.146149811717	0.440048257511	-0.293999999998	0.000109255300527	-3.48734001378e-06
	 Inner loop 2	230.050251256	0.0534669373607	4.74443744236e-06	-0.146147796036	0.440048243362	-0.294	0.0001042971105	-1.58048167144e-06
	 Inner loop 2	230.050251256	0.0534679826069	2.29141669161e-05	-0.146152562561	0.440048308627	-0.293999999984	0.000127168085125	-1.03763746338e-05
	 Inner loop 2	230.050251256	0.0534673083761	1.41167922793e-05	-0.146146565019	0.440048266528	-0.293999999997	0.000112415279605	-4.70262874525e-06
	 Inner loop 2	230.050251256	0.0534704184471	6.81798311662e-05	-0.146160747535	0.440048460719	-0.29399999986	0.00018046650744	-3.08742863066e-05
	 Inner loop 2	230.050251256	0.0534684123095	4.20036605675e-05	-0.146142902205	0.440048335457	-0.293999999971	0.000136570379628	-1.39923803967e-05
	 Inner loop 2	230.050251256	0.0534776661627	0.00020286572194	-0.146185101455	0.440048913259	-0.293999998759	0.000339052677859	-9.18645590506e-05
	 Inner loop 2	230.050251256	0.053471696989	0.000124979191593	-0.146132003758	0.44004854055	-0.293999999745	0.000208442145115	-4.16333693178e-05
	 Inner loop 2	230.050251256	0.0534992314565	0.000603620668313	-0.146257565201	0.440050259763	-0.293999989017	0.000810915123654	-0.000273336998864
	 Inner loop 2	230.050251256	0.0534814702738	0.000371866161345	-0.146099576433	0.440049150783	-0.293999997744	0.000422289555841	-0.000123876429172
	 Inner loop 2	230.050251256	0.0535633989735	0.00179608758875	-0.146473177577	0.440054266184	-0.293999902768	0.0022149017499	-0.000813292828791
	 Inner loop 2	230.050251256	0.0535105493454	0.00110644743518	-0.146003094059	0.440050966428	-0.29399998003	0.00105855509645	-0.000368576258649
	 Inner loop 2	230.050251256	0.0537543367266	0.00534459325869	-0.147114726208	0.440066186847	-0.293999139211	0.00639227183035	-0.00241985751148
	 Inner loop 2	230.050251256	0.0535970656538	0.00329200556506	-0.145716044987	0.440056368166	-0.293999823234	0.00295150561982	-0.00109658153431
	 Inner loop 2	230.050251256	0.0543225587848	0.0159064185508	-0.149023675424	0.440101654257	-0.29399238014	0.0188208198574	-0.00719972281735
	 Inner loop 2	230.050251256	0.0538544300036	0.00979371923764	-0.144862200143	0.440072435354	-0.293998435856	0.00858191988312	-0.00326196897428
	 Inner loop 2	230.050251256	0.0560189639351	0.0474689442153	-0.154704162964	0.4402071693	-0.293932565226	0.0558985031053	-0.0214186250145
	 Inner loop 2	230.050251256	0.0546175223713	0.0290734634349	-0.142331003595	0.440120060675	-0.293986225171	0.0252706315255	-0.00968024032872
	 Inner loop 2	230.050251256	0.0610684894872	0.14157427933	-0.171563169103	0.440520098054	-0.293406001167	0.166023351547	-0.0635780606614
	 Inner loop 2	230.050251256	0.0568843912236	0.0863269031216	-0.134852718196	0.440260720385	-0.293879478964	0.0747983798969	-0.0286343676822
	 Inner loop 2	230.050251256	0.0759388334706	0.419071641794	-0.221788053366	0.441450345667	-0.288774653905	0.488184003398	-0.188818353373
	 Inner loop 2	230.050251256	0.0636621546886	0.257708413082	-0.112487772413	0.440680968741	-0.292932424341	0.222447641095	-0.0852456388081
	 Inner loop 2	230.050251256	0.11389032651	1.11177173126	-0.373232273592	0.44423752044	-0.2485798708	1.28934635521	-0.563277193116
	 Inner loop 2	230.050251256	0.0863527076938	0.837290941312	-0.0340085894225	0.44215074691	-0.282302999434	0.711451783259	-0.283027803214
	 Inner loop 2	230.050251256	0.246974062333	3.63110396871	-0.894150676646	0.453631734678	0.071622910675	4.0	-1.81688809224
	 Inner loop 2	230.050251256	0.135598806102	2.20596219564	0.228003059718	0.447005333029	-0.174823063931	1.70577686682	-0.933983154889
	 Inner loop 2	230.050251256	0.238302477334	2.42703167359	-2.09843826662	0.474355846915	0.0511140933	4.0	-4.53764354014
	 Inner loop 2	230.050251256	0.0817055456036	212.038288561	205.669783519	2.2300678716	0.138437170248	4.0	-148.735368999
	 Inner loop 2	230.050251256	0.132017725424	1.13252223889	-0.785718546377	0.451699801419	-0.00313260085067	1.4696735847	-1.56014102024
	 Inner loop 2	230.050251256	0.240457242889	2.53428456988	-2.03149450307	0.473236165476	0.0925429074725	4.0	-4.39217276336
	 Inner loop 2	230.050251256	0.228928223918	-0.297603957259	-4.99896281845	0.520013603017	0.181345258179	4.0	-10.3308773671
	 Inner loop 2	230.050251256	0.234067409507	0.10296098934	-4.69048188948	0.515386733229	0.278056145591	4.0	-9.75561984158
	 Inner loop 2	230.050251256	0.232440588678	-0.0417775681088	-4.80911810155	0.517171732077	0.250168801369	4.0	-9.97785094369
	 Inner loop 2	230.050251256	0.232959958701	0.00130569633366	-4.7748851918	0.516657388708	0.259533499425	4.0	-9.9138546746
	 Inner loop 2	230.050251256	0.232937978982	-0.000563943561846	-4.77638803833	0.516679980993	0.259144113777	4.0	-9.91666634409
	 Inner loop 2	230.050251256	0.232944616804	2.10957668223e-07	-4.77593473317	0.516673166577	0.259261777547	4.0	-9.91581827853
	 Inner loop 2	230.050251256	0.23294461325	-9.11752460198e-08	-4.77593497597	0.516673170227	0.259261714571	4.0	-9.91581873279
	 Inner loop 2	230.050251256	0.232944614323	3.5527136788e-15	-4.7759349027	0.516673169126	0.259261733575	4.0	-9.91581859571
	 Inner loop 2	230.050251256	0.232944614323	-1.7763568394e-15	-4.7759349027	0.516673169126	0.259261733575	4.0	-9.91581859571
Outer loop 	10	0.232944614323	9.91581859571
	 Inner loop 2	231.055276382	0.197730383201	-6.31023053392	-10.7463742341	0.599399796028	-0.163256095898	4.0	-19.8316372025
	 Inner loop 2	231.055276382	0.228761905933	0.773440131234	-3.76183767376	0.501157926488	0.0341198785017	4.0	-7.97029774706
	 Inner loop 2	231.055276382	0.235386996708	0.268749820865	-4.53805562459	0.513082850302	0.293722595156	4.0	-9.46822223106
	 Inner loop 2	231.055276382	0.231801665623	-0.0921715393931	-4.84818437911	0.517757983271	0.238254856445	4.0	-10.050755685
	 Inner loop 2	231.055276382	0.23304456591	0.00854517727878	-4.76905052696	0.516569665506	0.261026038737	4.0	-9.90293671183
	 Inner loop 2	231.055276382	0.232901265187	-0.00367698370885	-4.77888675425	0.516717541677	0.258492228863	4.0	-9.92134073525
	 Inner loop 2	231.055276382	0.232944720592	9.0352108213e-06	-4.77592764159	0.516673059971	0.259263616835	4.0	-9.91580501112
	 Inner loop 2	231.055276382	0.232944568393	-3.90497253733e-06	-4.7759380409	0.516673216302	0.259260919628	4.0	-9.91582446687
	 Inner loop 2	231.055276382	0.232944614323	1.00977004536e-11	-4.77593490269	0.516673169126	0.259261733577	4.0	-9.91581859569
	 Inner loop 2	231.055276382	0.232944614323	-4.36095604073e-12	-4.7759349027	0.516673169126	0.259261733574	4.0	-9.91581859571
Outer loop 	11	0.232944614323	9.91581859571
	 Inner loop 2	232.060301508	0.232944614323	1.7763568394e-15	-4.7759349027	0.516673169126	0.259261733575	4.0	-9.91581859571
	 Inner loop 2	232.060301508	0.232944614323	-3.5527136788e-15	-4.7759349027	0.516673169126	0.259261733575	4.0	-9.91581859571
Outer loop 	12	0.232944614323	9.91581859571
	 Inner loop 2	233.065326633	0.232944614323	-1.7763568394e-15	-4.7759349027	0.516673169126	0.259261733575	4.0	-9.91581859571
	 Inner loop 2	233.065326633	0.232944614323	2.6645352591e-15	-4.7759349027	0.516673169126	0.259261733575	4.0	-9.91581859571
Outer loop 	13	0.232944614323	9.91581859571
	 Inner loop 2	234.070351759	0.232944614323	-8.881784197e-16	-4.7759349027	0.516673169126	0.259261733575	4.0	-9.91581859571
	 Inner loop 2	234.070351759	0.232944614323	2.6645352591e-15	-4.7759349027	0.516673169126	0.259261733575	4.0	-9.91581859571
Outer loop 	14	0.232944614323	9.91581859571
	 Inner loop 2	235.075376884	0.232944614323	2.6645352591e-15	-4.7759349027	0.516673169126	0.259261733575	4.0	-9.91581859571
	 Inner loop 2	235.075376884	0.232944614323	-3.5527136788e-15	-4.7759349027	0.516673169126	0.259261733575	4.0	-9.91581859571
Outer loop 	15	0.232944614323	9.91581859571
	 Inner loop 2	236.08040201	0.232944614323	-1.7763568394e-15	-4.7759349027	0.516673169126	0.259261733575	4.0	-9.91581859571
	 Inner loop 2	236.08040201	0.232944614323	2.6645352591e-15	-4.7759349027	0.516673169126	0.259261733575	4.0	-9.91581859571
Outer loop 	16	0.232944614323	9.91581859571
	 Inner loop 2	237.085427136	0.232944614323	-8.881784197e-16	-4.7759349027	0.516673169126	0.259261733575	4.0	-9.91581859571
	 Inner loop 2	237.085427136	0.232944614323	2.6645352591e-15	-4.7759349027	0.516673169126	0.259261733575	4.0	-9.91581859571
Outer loop 	17	0.232944614323	9.91581859571
	 Inner loop 2	238.090452261	0.232944614323	2.6645352591e-15	-4.7759349027	0.516673169126	0.259261733575	4.0	-9.91581859571
	 Inner loop 2	238.090452261	0.232944614323	-3.5527136788e-15	-4.7759349027	0.516673169126	0.259261733575	4.0	-9.91581859571
Outer loop 	18	0.232944614323	9.91581859571
	 Inner loop 2	239.095477387	0.232944614323	-1.7763568394e-15	-4.7759349027	0.516673169126	0.259261733575	4.0	-9.91581859571
	 Inner loop 2	239.095477387	0.232944614323	2.6645352591e-15	-4.7759349027	0.516673169126	0.259261733575	4.0	-9.91581859571
Outer loop 	19	0.232944614323	9.91581859571
	 Inner loop 2	240.100502513	0.232944614323	-8.881784197e-16	-4.7759349027	0.516673169126	0.259261733575	4.0	-9.91581859571
	 Inner loop 2	240.100502513	0.232944614323	2.6645352591e-15	-4.7759349027	0.516673169126	0.259261733575	4.0	-9.91581859571
Outer loop 	20	0.232944614323	9.91581859571
	 Inner loop 2	241.105527638	0.232944614323	2.6645352591e-15	-4.7759349027	0.516673169126	0.259261733575	4.0	-9.91581859571
	 Inner loop 2	241.105527638	0.232944614323	-3.5527136788e-15	-4.7759349027	0.516673169126	0.259261733575	4.0	-9.91581859571
Outer loop 	21	0.232944614323	9.91581859571
	 Inner loop 2	242.110552764	0.232944614323	-1.7763568394e-15	-4.7759349027	0.516673169126	0.259261733575	4.0	-9.91581859571
	 Inner loop 2	242.110552764	0.232944614323	2.6645352591e-15	-4.7759349027	0.516673169126	0.259261733575	4.0	-9.91581859571
Outer loop 	22	0.232944614323	9.91581859571
	 Inner loop 2	243.115577889	0.232944614323	-8.881784197e-16	-4.7759349027	0.516673169126	0.259261733575	4.0	-9.91581859571
	 Inner loop 2	243.115577889	0.232944614323	2.6645352591e-15	-4.7759349027	0.516673169126	0.259261733575	4.0	-9.91581859571
Outer loop 	23	0.232944614323	9.91581859571
	 Inner loop 2	244.120603015	0.232944614323	2.6645352591e-15	-4.7759349027	0.516673169126	0.259261733575	4.0	-9.91581859571
	 Inner loop 2	244.120603015	0.232944614323	-3.5527136788e-15	-4.7759349027	0.516673169126	0.259261733575	4.0	-9.91581859571
Outer loop 	24	0.232944614323	9.91581859571
	 Inner loop 2	245.125628141	0.232944614323	-1.7763568394e-15	-4.7759349027	0.516673169126	0.259261733575	4.0	-9.91581859571
	 Inner loop 2	245.125628141	0.232944614323	2.6645352591e-15	-4.7759349027	0.516673169126	0.259261733575	4.0	-9.91581859571
Outer loop 	25	0.232944614323	9.91581859571
	 Inner loop 2	246.130653266	0.232944614323	-8.881784197e-16	-4.7759349027	0.516673169126	0.259261733575	4.0	-9.91581859571
	 Inner loop 2	246.130653266	0.232944614323	2.6645352591e-15	-4.7759349027	0.516673169126	0.259261733575	4.0	-9.91581859571
Outer loop 	26	0.232944614323	9.91581859571
	 Inner loop 2	247.135678392	0.232944614323	2.6645352591e-15	-4.7759349027	0.516673169126	0.259261733575	4.0	-9.91581859571
	 Inner loop 2	247.135678392	0.232944614323	-3.5527136788e-15	-4.7759349027	0.516673169126	0.259261733575	4.0	-9.91581859571
Outer loop 	27	0.232944614323	9.91581859571
	 Inner loop 2	248.140703518	0.232944614323	-1.7763568394e-15	-4.7759349027	0.516673169126	0.259261733575	4.0	-9.91581859571
	 Inner loop 2	248.140703518	0.232944614323	2.6645352591e-15	-4.7759349027	0.516673169126	0.259261733575	4.0	-9.91581859571
Outer loop 	28	0.232944614323	9.91581859571
	 Inner loop 2	249.145728643	0.232944614323	-8.881784197e-16	-4.7759349027	0.516673169126	0.259261733575	4.0	-9.91581859571
	 Inner loop 2	249.145728643	0.232944614323	2.6645352591e-15	-4.7759349027	0.516673169126	0.259261733575	4.0	-9.91581859571
Outer loop 	29	0.232944614323	9.91581859571
	 Inner loop 2	250.150753769	0.232944614323	2.6645352591e-15	-4.7759349027	0.516673169126	0.259261733575	4.0	-9.91581859571
	 Inner loop 2	250.150753769	0.232944614323	-3.5527136788e-15	-4.7759349027	0.516673169126	0.259261733575	4.0	-9.91581859571
Outer loop 	30	0.232944614323	9.91581859571
	 Inner loop 2	251.155778894	0.232944614323	-1.7763568394e-15	-4.7759349027	0.516673169126	0.259261733575	4.0	-9.91581859571
	 Inner loop 2	251.155778894	0.232944614323	2.6645352591e-15	-4.7759349027	0.516673169126	0.259261733575	4.0	-9.91581859571
Outer loop 	31	0.232944614323	9.91581859571
	 Inner loop 2	252.16080402	0.232944614323	-8.881784197e-16	-4.7759349027	0.516673169126	0.259261733575	4.0	-9.91581859571
	 Inner loop 2	252.16080402	0.232944614323	2.6645352591e-15	-4.7759349027	0.516673169126	0.259261733575	4.0	-9.91581859571
Outer loop 	32	0.232944614323	9.91581859571
	 Inner loop 2	253.165829146	0.232944614323	2.6645352591e-15	-4.7759349027	0.516673169126	0.259261733575	4.0	-9.91581859571
	 Inner loop 2	253.165829146	0.232944614323	-3.5527136788e-15	-4.7759349027	0.516673169126	0.259261733575	4.0	-9.91581859571
Outer loop 	33	0.232944614323	9.91581859571
	 Inner loop 2	254.170854271	0.232944614323	-1.7763568394e-15	-4.7759349027	0.516673169126	0.259261733575	4.0	-9.91581859571
	 Inner loop 2	254.170854271	0.232944614323	2.6645352591e-15	-4.7759349027	0.516673169126	0.259261733575	4.0	-9.91581859571
Outer loop 	34	0.232944614323	9.91581859571
	 Inner loop 2	255.175879397	0.232944614323	-8.881784197e-16	-4.7759349027	0.516673169126	0.259261733575	4.0	-9.91581859571
	 Inner loop 2	255.175879397	0.232944614323	2.6645352591e-15	-4.7759349027	0.516673169126	0.259261733575	4.0	-9.91581859571
Outer loop 	35	0.232944614323	9.91581859571
	 Inner loop 2	256.180904523	0.232944614323	2.6645352591e-15	-4.7759349027	0.516673169126	0.259261733575	4.0	-9.91581859571
	 Inner loop 2	256.180904523	0.232944614323	-3.5527136788e-15	-4.7759349027	0.516673169126	0.259261733575	4.0	-9.91581859571
Outer loop 	36	0.232944614323	9.91581859571
	 Inner loop 2	257.185929648	0.232944614323	-1.7763568394e-15	-4.7759349027	0.516673169126	0.259261733575	4.0	-9.91581859571
	 Inner loop 2	257.185929648	0.232944614323	2.6645352591e-15	-4.7759349027	0.516673169126	0.259261733575	4.0	-9.91581859571
Outer loop 	37	0.232944614323	9.91581859571
	 Inner loop 2	258.190954774	0.232944614323	-8.881784197e-16	-4.7759349027	0.516673169126	0.259261733575	4.0	-9.91581859571
	 Inner loop 2	258.190954774	0.232944614323	2.6645352591e-15	-4.7759349027	0.516673169126	0.259261733575	4.0	-9.91581859571
Outer loop 	38	0.232944614323	9.91581859571
	 Inner loop 2	259.195979899	0.232944614323	2.6645352591e-15	-4.7759349027	0.516673169126	0.259261733575	4.0	-9.91581859571
	 Inner loop 2	259.195979899	0.232944614323	-3.5527136788e-15	-4.7759349027	0.516673169126	0.259261733575	4.0	-9.91581859571
Outer loop 	39	0.232944614323	9.91581859571
	 Inner loop 2	260.201005025	0.232944614323	-1.7763568394e-15	-4.7759349027	0.516673169126	0.259261733575	4.0	-9.91581859571
	 Inner loop 2	260.201005025	0.232944614323	2.6645352591e-15	-4.7759349027	0.516673169126	0.259261733575	4.0	-9.91581859571
Outer loop 	40	0.232944614323	9.91581859571
	 Inner loop 2	261.206030151	0.232944614323	-8.881784197e-16	-4.7759349027	0.516673169126	0.259261733575	4.0	-9.91581859571
	 Inner loop 2	261.206030151	0.232944614323	2.6645352591e-15	-4.7759349027	0.516673169126	0.259261733575	4.0	-9.91581859571
Outer loop 	41	0.232944614323	9.91581859571
	 Inner loop 2	262.211055276	0.232944614323	2.6645352591e-15	-4.7759349027	0.516673169126	0.259261733575	4.0	-9.91581859571
	 Inner loop 2	262.211055276	0.232944614323	-3.5527136788e-15	-4.7759349027	0.516673169126	0.259261733575	4.0	-9.91581859571
Outer loop 	42	0.232944614323	9.91581859571
	 Inner loop 2	263.216080402	0.232944614323	-1.7763568394e-15	-4.7759349027	0.516673169126	0.259261733575	4.0	-9.91581859571
	 Inner loop 2	263.216080402	0.232944614323	2.6645352591e-15	-4.7759349027	0.516673169126	0.259261733575	4.0	-9.91581859571
Outer loop 	43	0.232944614323	9.91581859571
	 Inner loop 2	264.221105528	0.232944614323	-8.881784197e-16	-4.7759349027	0.516673169126	0.259261733575	4.0	-9.91581859571
	 Inner loop 2	264.221105528	0.232944614323	2.6645352591e-15	-4.7759349027	0.516673169126	0.259261733575	4.0	-9.91581859571
Outer loop 	44	0.232944614323	9.91581859571
	 Inner loop 2	265.226130653	0.232944614323	2.6645352591e-15	-4.7759349027	0.516673169126	0.259261733575	4.0	-9.91581859571
	 Inner loop 2	265.226130653	0.232944614323	-3.5527136788e-15	-4.7759349027	0.516673169126	0.259261733575	4.0	-9.91581859571
Outer loop 	45	0.232944614323	9.91581859571
	 Inner loop 2	266.231155779	0.232944614323	-1.7763568394e-15	-4.7759349027	0.516673169126	0.259261733575	4.0	-9.91581859571
	 Inner loop 2	266.231155779	0.232944614323	2.6645352591e-15	-4.7759349027	0.516673169126	0.259261733575	4.0	-9.91581859571
Outer loop 	46	0.232944614323	9.91581859571
	 Inner loop 2	267.236180905	0.232944614323	-8.881784197e-16	-4.7759349027	0.516673169126	0.259261733575	4.0	-9.91581859571
	 Inner loop 2	267.236180905	0.232944614323	2.6645352591e-15	-4.7759349027	0.516673169126	0.259261733575	4.0	-9.91581859571
Outer loop 	47	0.232944614323	9.91581859571
	 Inner loop 2	268.24120603	0.232944614323	2.6645352591e-15	-4.7759349027	0.516673169126	0.259261733575	4.0	-9.91581859571
	 Inner loop 2	268.24120603	0.232944614323	-3.5527136788e-15	-4.7759349027	0.516673169126	0.259261733575	4.0	-9.91581859571
Outer loop 	48	0.232944614323	9.91581859571
	 Inner loop 2	269.246231156	0.232944614323	-1.7763568394e-15	-4.7759349027	0.516673169126	0.259261733575	4.0	-9.91581859571
	 Inner loop 2	269.246231156	0.232944614323	2.6645352591e-15	-4.7759349027	0.516673169126	0.259261733575	4.0	-9.91581859571
Outer loop 	49	0.232944614323	9.91581859571
	 Inner loop 2	270.251256281	0.232944614323	-8.881784197e-16	-4.7759349027	0.516673169126	0.259261733575	4.0	-9.91581859571
	 Inner loop 2	270.251256281	0.232944614323	2.6645352591e-15	-4.7759349027	0.516673169126	0.259261733575	4.0	-9.91581859571
Outer loop 	50	0.232944614323	9.91581859571
	 Inner loop 2	271.256281407	0.232944614323	2.6645352591e-15	-4.7759349027	0.516673169126	0.259261733575	4.0	-9.91581859571
	 Inner loop 2	271.256281407	0.232944614323	-3.5527136788e-15	-4.7759349027	0.516673169126	0.259261733575	4.0	-9.91581859571
Outer loop 	51	0.232944614323	9.91581859571
	 Inner loop 2	272.261306533	0.232944614323	-1.7763568394e-15	-4.7759349027	0.516673169126	0.259261733575	4.0	-9.91581859571
	 Inner loop 2	272.261306533	0.232944614323	2.6645352591e-15	-4.7759349027	0.516673169126	0.259261733575	4.0	-9.91581859571
Outer loop 	52	0.232944614323	9.91581859571
	 Inner loop 2	273.266331658	0.232944614323	-8.881784197e-16	-4.7759349027	0.516673169126	0.259261733575	4.0	-9.91581859571
	 Inner loop 2	273.266331658	0.232944614323	2.6645352591e-15	-4.7759349027	0.516673169126	0.259261733575	4.0	-9.91581859571
Outer loop 	53	0.232944614323	9.91581859571
	 Inner loop 2	274.271356784	0.232944614323	2.6645352591e-15	-4.7759349027	0.516673169126	0.259261733575	4.0	-9.91581859571
	 Inner loop 2	274.271356784	0.232944614323	-3.5527136788e-15	-4.7759349027	0.516673169126	0.259261733575	4.0	-9.91581859571
Outer loop 	54	0.232944614323	9.91581859571
	 Inner loop 2	275.27638191	0.232944614323	-1.7763568394e-15	-4.7759349027	0.516673169126	0.259261733575	4.0	-9.91581859571
	 Inner loop 2	275.27638191	0.232944614323	2.6645352591e-15	-4.7759349027	0.516673169126	0.259261733575	4.0	-9.91581859571
Outer loop 	55	0.232944614323	9.91581859571
	 Inner loop 2	276.281407035	0.232944614323	-8.881784197e-16	-4.7759349027	0.516673169126	0.259261733575	4.0	-9.91581859571
	 Inner loop 2	276.281407035	0.232944614323	2.6645352591e-15	-4.7759349027	0.516673169126	0.259261733575	4.0	-9.91581859571
Outer loop 	56	0.232944614323	9.91581859571
	 Inner loop 2	277.286432161	0.232944614323	2.6645352591e-15	-4.7759349027	0.516673169126	0.259261733575	4.0	-9.91581859571
	 Inner loop 2	277.286432161	0.232944614323	-3.5527136788e-15	-4.7759349027	0.516673169126	0.259261733575	4.0	-9.91581859571
Outer loop 	57	0.232944614323	9.91581859571
	 Inner loop 2	278.291457286	0.232944614323	-1.7763568394e-15	-4.7759349027	0.516673169126	0.259261733575	4.0	-9.91581859571
	 Inner loop 2	278.291457286	0.232944614323	2.6645352591e-15	-4.7759349027	0.516673169126	0.259261733575	4.0	-9.91581859571
Outer loop 	58	0.232944614323	9.91581859571
	 Inner loop 2	279.296482412	0.232944614323	-8.881784197e-16	-4.7759349027	0.516673169126	0.259261733575	4.0	-9.91581859571
	 Inner loop 2	279.296482412	0.232944614323	2.6645352591e-15	-4.7759349027	0.516673169126	0.259261733575	4.0	-9.91581859571
Outer loop 	59	0.232944614323	9.91581859571
	 Inner loop 2	280.301507538	0.232944614323	2.6645352591e-15	-4.7759349027	0.516673169126	0.259261733575	4.0	-9.91581859571
	 Inner loop 2	280.301507538	0.232944614323	-3.5527136788e-15	-4.7759349027	0.516673169126	0.259261733575	4.0	-9.91581859571
Outer loop 	60	0.232944614323	9.91581859571
	 Inner loop 2	281.306532663	0.232944614323	-1.7763568394e-15	-4.7759349027	0.516673169126	0.259261733575	4.0	-9.91581859571
	 Inner loop 2	281.306532663	0.232944614323	2.6645352591e-15	-4.7759349027	0.516673169126	0.259261733575	4.0	-9.91581859571
Outer loop 	61	0.232944614323	9.91581859571
	 Inner loop 2	282.311557789	0.232944614323	-8.881784197e-16	-4.7759349027	0.516673169126	0.259261733575	4.0	-9.91581859571
	 Inner loop 2	282.311557789	0.232944614323	2.6645352591e-15	-4.7759349027	0.516673169126	0.259261733575	4.0	-9.91581859571
Outer loop 	62	0.232944614323	9.91581859571
	 Inner loop 2	283.316582915	0.232944614323	2.6645352591e-15	-4.7759349027	0.516673169126	0.259261733575	4.0	-9.91581859571
	 Inner loop 2	283.316582915	0.232944614323	-3.5527136788e-15	-4.7759349027	0.516673169126	0.259261733575	4.0	-9.91581859571
Outer loop 	63	0.232944614323	9.91581859571
	 Inner loop 2	284.32160804	0.232944614323	-1.7763568394e-15	-4.7759349027	0.516673169126	0.259261733575	4.0	-9.91581859571
	 Inner loop 2	284.32160804	0.232944614323	2.6645352591e-15	-4.7759349027	0.516673169126	0.259261733575	4.0	-9.91581859571
Outer loop 	64	0.232944614323	9.91581859571
	 Inner loop 2	285.326633166	0.232944614323	-8.881784197e-16	-4.7759349027	0.516673169126	0.259261733575	4.0	-9.91581859571
	 Inner loop 2	285.326633166	0.232944614323	2.6645352591e-15	-4.7759349027	0.516673169126	0.259261733575	4.0	-9.91581859571
Outer loop 	65	0.232944614323	9.91581859571
	 Inner loop 2	286.331658291	0.232944614323	2.6645352591e-15	-4.7759349027	0.516673169126	0.259261733575	4.0	-9.91581859571
	 Inner loop 2	286.331658291	0.232944614323	-3.5527136788e-15	-4.7759349027	0.516673169126	0.259261733575	4.0	-9.91581859571
Outer loop 	66	0.232944614323	9.91581859571
	 Inner loop 2	287.336683417	0.232944614323	-1.7763568394e-15	-4.7759349027	0.516673169126	0.259261733575	4.0	-9.91581859571
	 Inner loop 2	287.336683417	0.232944614323	2.6645352591e-15	-4.7759349027	0.516673169126	0.259261733575	4.0	-9.91581859571
Outer loop 	67	0.232944614323	9.91581859571
	 Inner loop 2	288.341708543	0.232944614323	-8.881784197e-16	-4.7759349027	0.516673169126	0.259261733575	4.0	-9.91581859571
	 Inner loop 2	288.341708543	0.232944614323	2.6645352591e-15	-4.7759349027	0.516673169126	0.259261733575	4.0	-9.91581859571
Outer loop 	68	0.232944614323	9.91581859571
	 Inner loop 2	289.346733668	0.232944614323	2.6645352591e-15	-4.7759349027	0.516673169126	0.259261733575	4.0	-9.91581859571
	 Inner loop 2	289.346733668	0.232944614323	-3.5527136788e-15	-4.7759349027	0.516673169126	0.259261733575	4.0	-9.91581859571
Outer loop 	69	0.232944614323	9.91581859571
	 Inner loop 2	290.351758794	0.232944614323	-1.7763568394e-15	-4.7759349027	0.516673169126	0.259261733575	4.0	-9.91581859571
	 Inner loop 2	290.351758794	0.232944614323	2.6645352591e-15	-4.7759349027	0.516673169126	0.259261733575	4.0	-9.91581859571
Outer loop 	70	0.232944614323	9.91581859571
	 Inner loop 2	291.35678392	0.232944614323	-8.881784197e-16	-4.7759349027	0.516673169126	0.259261733575	4.0	-9.91581859571
	 Inner loop 2	291.35678392	0.232944614323	2.6645352591e-15	-4.7759349027	0.516673169126	0.259261733575	4.0	-9.91581859571
Outer loop 	71	0.232944614323	9.91581859571
	 Inner loop 2	292.361809045	0.232944614323	2.6645352591e-15	-4.7759349027	0.516673169126	0.259261733575	4.0	-9.91581859571
	 Inner loop 2	292.361809045	0.232944614323	-3.5527136788e-15	-4.7759349027	0.516673169126	0.259261733575	4.0	-9.91581859571
Outer loop 	72	0.232944614323	9.91581859571
	 Inner loop 2	293.366834171	0.232944614323	-1.7763568394e-15	-4.7759349027	0.516673169126	0.259261733575	4.0	-9.91581859571
	 Inner loop 2	293.366834171	0.232944614323	2.6645352591e-15	-4.7759349027	0.516673169126	0.259261733575	4.0	-9.91581859571
Outer loop 	73	0.232944614323	9.91581859571
	 Inner loop 2	294.371859296	0.232944614323	-8.881784197e-16	-4.7759349027	0.516673169126	0.259261733575	4.0	-9.91581859571
	 Inner loop 2	294.371859296	0.232944614323	2.6645352591e-15	-4.7759349027	0.516673169126	0.259261733575	4.0	-9.91581859571
Outer loop 	74	0.232944614323	9.91581859571
	 Inner loop 2	295.376884422	0.232944614323	2.6645352591e-15	-4.7759349027	0.516673169126	0.259261733575	4.0	-9.91581859571
	 Inner loop 2	295.376884422	0.232944614323	-3.5527136788e-15	-4.7759349027	0.516673169126	0.259261733575	4.0	-9.91581859571
Outer loop 	75	0.232944614323	9.91581859571
	 Inner loop 2	296.381909548	0.232944614323	-1.7763568394e-15	-4.7759349027	0.516673169126	0.259261733575	4.0	-9.91581859571
	 Inner loop 2	296.381909548	0.232944614323	2.6645352591e-15	-4.7759349027	0.516673169126	0.259261733575	4.0	-9.91581859571
Outer loop 	76	0.232944614323	9.91581859571
	 Inner loop 2	297.386934673	0.232944614323	-8.881784197e-16	-4.7759349027	0.516673169126	0.259261733575	4.0	-9.91581859571
	 Inner loop 2	297.386934673	0.232944614323	2.6645352591e-15	-4.7759349027	0.516673169126	0.259261733575	4.0	-9.91581859571
Outer loop 	77	0.232944614323	9.91581859571
	 Inner loop 2	298.391959799	0.232944614323	2.6645352591e-15	-4.7759349027	0.516673169126	0.259261733575	4.0	-9.91581859571
	 Inner loop 2	298.391959799	0.232944614323	-3.5527136788e-15	-4.7759349027	0.516673169126	0.259261733575	4.0	-9.91581859571
Outer loop 	78	0.232944614323	9.91581859571
	 Inner loop 2	299.396984925	0.232944614323	-1.7763568394e-15	-4.7759349027	0.516673169126	0.259261733575	4.0	-9.91581859571
	 Inner loop 2	299.396984925	0.232944614323	2.6645352591e-15	-4.7759349027	0.516673169126	0.259261733575	4.0	-9.91581859571
Outer loop 	79	0.232944614323	9.91581859571
	 Inner loop 2	300.40201005	0.232944614323	-8.881784197e-16	-4.7759349027	0.516673169126	0.259261733575	4.0	-9.91581859571
	 Inner loop 2	300.40201005	0.232944614323	2.6645352591e-15	-4.7759349027	0.516673169126	0.259261733575	4.0	-9.91581859571
Outer loop 	80	0.232944614323	9.91581859571
	 Inner loop 2	301.407035176	0.232944614323	2.6645352591e-15	-4.7759349027	0.516673169126	0.259261733575	4.0	-9.91581859571
	 Inner loop 2	301.407035176	0.232944614323	-3.5527136788e-15	-4.7759349027	0.516673169126	0.259261733575	4.0	-9.91581859571
Outer loop 	81	0.232944614323	9.91581859571
	 Inner loop 2	302.412060302	0.232944614323	-1.7763568394e-15	-4.7759349027	0.516673169126	0.259261733575	4.0	-9.91581859571
	 Inner loop 2	302.412060302	0.232944614323	2.6645352591e-15	-4.7759349027	0.516673169126	0.259261733575	4.0	-9.91581859571
Outer loop 	82	0.232944614323	9.91581859571
	 Inner loop 2	303.417085427	0.232944614323	-8.881784197e-16	-4.7759349027	0.516673169126	0.259261733575	4.0	-9.91581859571
	 Inner loop 2	303.417085427	0.232944614323	2.6645352591e-15	-4.7759349027	0.516673169126	0.259261733575	4.0	-9.91581859571
Outer loop 	83	0.232944614323	9.91581859571
	 Inner loop 2	304.422110553	0.232944614323	2.6645352591e-15	-4.7759349027	0.516673169126	0.259261733575	4.0	-9.91581859571
	 Inner loop 2	304.422110553	0.232944614323	-3.5527136788e-15	-4.7759349027	0.516673169126	0.259261733575	4.0	-9.91581859571
Outer loop 	84	0.232944614323	9.91581859571
	 Inner loop 2	305.427135678	0.232944614323	-1.7763568394e-15	-4.7759349027	0.516673169126	0.259261733575	4.0	-9.91581859571
	 Inner loop 2	305.427135678	0.232944614323	2.6645352591e-15	-4.7759349027	0.516673169126	0.259261733575	4.0	-9.91581859571
Outer loop 	85	0.232944614323	9.91581859571
	 Inner loop 2	306.432160804	0.232944614323	-8.881784197e-16	-4.7759349027	0.516673169126	0.259261733575	4.0	-9.91581859571
	 Inner loop 2	306.432160804	0.232944614323	2.6645352591e-15	-4.7759349027	0.516673169126	0.259261733575	4.0	-9.91581859571
Outer loop 	86	0.232944614323	9.91581859571
	 Inner loop 2	307.43718593	0.232944614323	2.6645352591e-15	-4.7759349027	0.516673169126	0.259261733575	4.0	-9.91581859571
	 Inner loop 2	307.43718593	0.232944614323	-3.5527136788e-15	-4.7759349027	0.516673169126	0.259261733575	4.0	-9.91581859571
Outer loop 	87	0.232944614323	9.91581859571
	 Inner loop 2	308.442211055	0.232944614323	-1.7763568394e-15	-4.7759349027	0.516673169126	0.259261733575	4.0	-9.91581859571
	 Inner loop 2	308.442211055	0.232944614323	2.6645352591e-15	-4.7759349027	0.516673169126	0.259261733575	4.0	-9.91581859571
Outer loop 	88	0.232944614323	9.91581859571
	 Inner loop 2	309.447236181	0.232944614323	-8.881784197e-16	-4.7759349027	0.516673169126	0.259261733575	4.0	-9.91581859571
	 Inner loop 2	309.447236181	0.232944614323	2.6645352591e-15	-4.7759349027	0.516673169126	0.259261733575	4.0	-9.91581859571
Outer loop 	89	0.232944614323	9.91581859571
	 Inner loop 2	310.452261307	0.232944614323	2.6645352591e-15	-4.7759349027	0.516673169126	0.259261733575	4.0	-9.91581859571
	 Inner loop 2	310.452261307	0.232944614323	-3.5527136788e-15	-4.7759349027	0.516673169126	0.259261733575	4.0	-9.91581859571
Outer loop 	90	0.232944614323	9.91581859571
	 Inner loop 2	311.457286432	0.232944614323	-1.7763568394e-15	-4.7759349027	0.516673169126	0.259261733575	4.0	-9.91581859571
	 Inner loop 2	311.457286432	0.232944614323	2.6645352591e-15	-4.7759349027	0.516673169126	0.259261733575	4.0	-9.91581859571
Outer loop 	91	0.232944614323	9.91581859571
	 Inner loop 2	312.462311558	0.232944614323	-8.881784197e-16	-4.7759349027	0.516673169126	0.259261733575	4.0	-9.91581859571
	 Inner loop 2	312.462311558	0.232944614323	2.6645352591e-15	-4.7759349027	0.516673169126	0.259261733575	4.0	-9.91581859571
Outer loop 	92	0.232944614323	9.91581859571
	 Inner loop 2	313.467336683	0.232944614323	2.6645352591e-15	-4.7759349027	0.516673169126	0.259261733575	4.0	-9.91581859571
	 Inner loop 2	313.467336683	0.232944614323	-3.5527136788e-15	-4.7759349027	0.516673169126	0.259261733575	4.0	-9.91581859571
Outer loop 	93	0.232944614323	9.91581859571
	 Inner loop 2	314.472361809	0.232944614323	-1.7763568394e-15	-4.7759349027	0.516673169126	0.259261733575	4.0	-9.91581859571
	 Inner loop 2	314.472361809	0.232944614323	2.6645352591e-15	-4.7759349027	0.516673169126	0.259261733575	4.0	-9.91581859571
Outer loop 	94	0.232944614323	9.91581859571
	 Inner loop 2	315.477386935	0.232944614323	-8.881784197e-16	-4.7759349027	0.516673169126	0.259261733575	4.0	-9.91581859571
	 Inner loop 2	315.477386935	0.232944614323	2.6645352591e-15	-4.7759349027	0.516673169126	0.259261733575	4.0	-9.91581859571
Outer loop 	95	0.232944614323	9.91581859571
	 Inner loop 2	316.48241206	0.232944614323	2.6645352591e-15	-4.7759349027	0.516673169126	0.259261733575	4.0	-9.91581859571
	 Inner loop 2	316.48241206	0.232944614323	-3.5527136788e-15	-4.7759349027	0.516673169126	0.259261733575	4.0	-9.91581859571
Outer loop 	96	0.232944614323	9.91581859571
	 Inner loop 2	317.487437186	0.232944614323	-1.7763568394e-15	-4.7759349027	0.516673169126	0.259261733575	4.0	-9.91581859571
	 Inner loop 2	317.487437186	0.232944614323	2.6645352591e-15	-4.7759349027	0.516673169126	0.259261733575	4.0	-9.91581859571
Outer loop 	97	0.232944614323	9.91581859571
	 Inner loop 2	318.492462312	0.232944614323	-8.881784197e-16	-4.7759349027	0.516673169126	0.259261733575	4.0	-9.91581859571
	 Inner loop 2	318.492462312	0.232944614323	2.6645352591e-15	-4.7759349027	0.516673169126	0.259261733575	4.0	-9.91581859571
Outer loop 	98	0.232944614323	9.91581859571
	 Inner loop 2	319.497487437	0.232944614323	2.6645352591e-15	-4.7759349027	0.516673169126	0.259261733575	4.0	-9.91581859571
	 Inner loop 2	319.497487437	0.232944614323	-3.5527136788e-15	-4.7759349027	0.516673169126	0.259261733575	4.0	-9.91581859571
Outer loop 	99	0.232944614323	9.91581859571
	 Inner loop 2	320.502512563	0.232944614323	-1.7763568394e-15	-4.7759349027	0.516673169126	0.259261733575	4.0	-9.91581859571
	 Inner loop 2	320.502512563	0.232944614323	2.6645352591e-15	-4.7759349027	0.516673169126	0.259261733575	4.0	-9.91581859571
Outer loop 	100	0.232944614323	9.91581859571
	 Inner loop 2	321.507537688	0.232944614323	-8.881784197e-16	-4.7759349027	0.516673169126	0.259261733575	4.0	-9.91581859571
	 Inner loop 2	321.507537688	0.232944614323	2.6645352591e-15	-4.7759349027	0.516673169126	0.259261733575	4.0	-9.91581859571
Outer loop 	101	0.232944614323	9.91581859571
	 Inner loop 2	322.512562814	0.232944614323	2.6645352591e-15	-4.7759349027	0.516673169126	0.259261733575	4.0	-9.91581859571
	 Inner loop 2	322.512562814	0.232944614323	-3.5527136788e-15	-4.7759349027	0.516673169126	0.259261733575	4.0	-9.91581859571
Outer loop 	102	0.232944614323	9.91581859571
	 Inner loop 2	323.51758794	0.232944614323	-1.7763568394e-15	-4.7759349027	0.516673169126	0.259261733575	4.0	-9.91581859571
	 Inner loop 2	323.51758794	0.232944614323	2.6645352591e-15	-4.7759349027	0.516673169126	0.259261733575	4.0	-9.91581859571
Outer loop 	103	0.232944614323	9.91581859571
	 Inner loop 2	324.522613065	0.232944614323	-8.881784197e-16	-4.7759349027	0.516673169126	0.259261733575	4.0	-9.91581859571
	 Inner loop 2	324.522613065	0.232944614323	2.6645352591e-15	-4.7759349027	0.516673169126	0.259261733575	4.0	-9.91581859571
Outer loop 	104	0.232944614323	9.91581859571
	 Inner loop 2	325.527638191	0.232944614323	2.6645352591e-15	-4.7759349027	0.516673169126	0.259261733575	4.0	-9.91581859571
	 Inner loop 2	325.527638191	0.232944614323	-3.5527136788e-15	-4.7759349027	0.516673169126	0.259261733575	4.0	-9.91581859571
Outer loop 	105	0.232944614323	9.91581859571
	 Inner loop 2	326.532663317	0.232944614323	-1.7763568394e-15	-4.7759349027	0.516673169126	0.259261733575	4.0	-9.91581859571
	 Inner loop 2	326.532663317	0.232944614323	2.6645352591e-15	-4.7759349027	0.516673169126	0.259261733575	4.0	-9.91581859571
Outer loop 	106	0.232944614323	9.91581859571
	 Inner loop 2	327.537688442	0.232944614323	-8.881784197e-16	-4.7759349027	0.516673169126	0.259261733575	4.0	-9.91581859571
	 Inner loop 2	327.537688442	0.232944614323	2.6645352591e-15	-4.7759349027	0.516673169126	0.259261733575	4.0	-9.91581859571
Outer loop 	107	0.232944614323	9.91581859571
	 Inner loop 2	328.542713568	0.232944614323	2.6645352591e-15	-4.7759349027	0.516673169126	0.259261733575	4.0	-9.91581859571
	 Inner loop 2	328.542713568	0.232944614323	-3.5527136788e-15	-4.7759349027	0.516673169126	0.259261733575	4.0	-9.91581859571
Outer loop 	108	0.232944614323	9.91581859571
	 Inner loop 2	329.547738693	0.232944614323	-1.7763568394e-15	-4.7759349027	0.516673169126	0.259261733575	4.0	-9.91581859571
	 Inner loop 2	329.547738693	0.232944614323	2.6645352591e-15	-4.7759349027	0.516673169126	0.259261733575	4.0	-9.91581859571
Outer loop 	109	0.232944614323	9.91581859571
	 Inner loop 2	330.552763819	0.232944614323	-8.881784197e-16	-4.7759349027	0.516673169126	0.259261733575	4.0	-9.91581859571
	 Inner loop 2	330.552763819	0.232944614323	2.6645352591e-15	-4.7759349027	0.516673169126	0.259261733575	4.0	-9.91581859571
Outer loop 	110	0.232944614323	9.91581859571
	 Inner loop 2	331.557788945	0.232944614323	2.6645352591e-15	-4.7759349027	0.516673169126	0.259261733575	4.0	-9.91581859571
	 Inner loop 2	331.557788945	0.232944614323	-3.5527136788e-15	-4.7759349027	0.516673169126	0.259261733575	4.0	-9.91581859571
Outer loop 	111	0.232944614323	9.91581859571
	 Inner loop 2	332.56281407	0.232944614323	-1.7763568394e-15	-4.7759349027	0.516673169126	0.259261733575	4.0	-9.91581859571
	 Inner loop 2	332.56281407	0.232944614323	2.6645352591e-15	-4.7759349027	0.516673169126	0.259261733575	4.0	-9.91581859571
Outer loop 	112	0.232944614323	9.91581859571
	 Inner loop 2	333.567839196	0.232944614323	-8.881784197e-16	-4.7759349027	0.516673169126	0.259261733575	4.0	-9.91581859571
	 Inner loop 2	333.567839196	0.232944614323	2.6645352591e-15	-4.7759349027	0.516673169126	0.259261733575	4.0	-9.91581859571
Outer loop 	113	0.232944614323	9.91581859571
	 Inner loop 2	334.572864322	0.232944614323	2.6645352591e-15	-4.7759349027	0.516673169126	0.259261733575	4.0	-9.91581859571
	 Inner loop 2	334.572864322	0.232944614323	-3.5527136788e-15	-4.7759349027	0.516673169126	0.259261733575	4.0	-9.91581859571
Outer loop 	114	0.232944614323	9.91581859571
	 Inner loop 2	335.577889447	0.232944614323	-1.7763568394e-15	-4.7759349027	0.516673169126	0.259261733575	4.0	-9.91581859571
	 Inner loop 2	335.577889447	0.232944614323	2.6645352591e-15	-4.7759349027	0.516673169126	0.259261733575	4.0	-9.91581859571
Outer loop 	115	0.232944614323	9.91581859571
	 Inner loop 2	336.582914573	0.232944614323	-8.881784197e-16	-4.7759349027	0.516673169126	0.259261733575	4.0	-9.91581859571
	 Inner loop 2	336.582914573	0.232944614323	2.6645352591e-15	-4.7759349027	0.516673169126	0.259261733575	4.0	-9.91581859571
Outer loop 	116	0.232944614323	9.91581859571
	 Inner loop 2	337.587939698	0.232944614323	2.6645352591e-15	-4.7759349027	0.516673169126	0.259261733575	4.0	-9.91581859571
	 Inner loop 2	337.587939698	0.232944614323	-3.5527136788e-15	-4.7759349027	0.516673169126	0.259261733575	4.0	-9.91581859571
Outer loop 	117	0.232944614323	9.91581859571
	 Inner loop 2	338.592964824	0.232944614323	-1.7763568394e-15	-4.7759349027	0.516673169126	0.259261733575	4.0	-9.91581859571
	 Inner loop 2	338.592964824	0.232944614323	2.6645352591e-15	-4.7759349027	0.516673169126	0.259261733575	4.0	-9.91581859571
Outer loop 	118	0.232944614323	9.91581859571
	 Inner loop 2	339.59798995	0.232944614323	-8.881784197e-16	-4.7759349027	0.516673169126	0.259261733575	4.0	-9.91581859571
	 Inner loop 2	339.59798995	0.232944614323	2.6645352591e-15	-4.7759349027	0.516673169126	0.259261733575	4.0	-9.91581859571
Outer loop 	119	0.232944614323	9.91581859571
	 Inner loop 2	340.603015075	0.232944614323	2.6645352591e-15	-4.7759349027	0.516673169126	0.259261733575	4.0	-9.91581859571
	 Inner loop 2	340.603015075	0.232944614323	-3.5527136788e-15	-4.7759349027	0.516673169126	0.259261733575	4.0	-9.91581859571
Outer loop 	120	0.232944614323	9.91581859571
	 Inner loop 2	341.608040201	0.232944614323	-1.7763568394e-15	-4.7759349027	0.516673169126	0.259261733575	4.0	-9.91581859571
	 Inner loop 2	341.608040201	0.232944614323	2.6645352591e-15	-4.7759349027	0.516673169126	0.259261733575	4.0	-9.91581859571
Outer loop 	121	0.232944614323	9.91581859571
	 Inner loop 2	342.613065327	0.232944614323	-8.881784197e-16	-4.7759349027	0.516673169126	0.259261733575	4.0	-9.91581859571
	 Inner loop 2	342.613065327	0.232944614323	2.6645352591e-15	-4.7759349027	0.516673169126	0.259261733575	4.0	-9.91581859571
Outer loop 	122	0.232944614323	9.91581859571
	 Inner loop 2	343.618090452	0.232944614323	2.6645352591e-15	-4.7759349027	0.516673169126	0.259261733575	4.0	-9.91581859571
	 Inner loop 2	343.618090452	0.232944614323	-3.5527136788e-15	-4.7759349027	0.516673169126	0.259261733575	4.0	-9.91581859571
Outer loop 	123	0.232944614323	9.91581859571
	 Inner loop 2	344.623115578	0.232944614323	-1.7763568394e-15	-4.7759349027	0.516673169126	0.259261733575	4.0	-9.91581859571
	 Inner loop 2	344.623115578	0.232944614323	2.6645352591e-15	-4.7759349027	0.516673169126	0.259261733575	4.0	-9.91581859571
Outer loop 	124	0.232944614323	9.91581859571
	 Inner loop 2	345.628140704	0.232944614323	-8.881784197e-16	-4.7759349027	0.516673169126	0.259261733575	4.0	-9.91581859571
	 Inner loop 2	345.628140704	0.232944614323	2.6645352591e-15	-4.7759349027	0.516673169126	0.259261733575	4.0	-9.91581859571
Outer loop 	125	0.232944614323	9.91581859571
	 Inner loop 2	346.633165829	0.232944614323	2.6645352591e-15	-4.7759349027	0.516673169126	0.259261733575	4.0	-9.91581859571
	 Inner loop 2	346.633165829	0.232944614323	-3.5527136788e-15	-4.7759349027	0.516673169126	0.259261733575	4.0	-9.91581859571
Outer loop 	126	0.232944614323	9.91581859571
	 Inner loop 2	347.638190955	0.232944614323	-1.7763568394e-15	-4.7759349027	0.516673169126	0.259261733575	4.0	-9.91581859571
	 Inner loop 2	347.638190955	0.232944614323	2.6645352591e-15	-4.7759349027	0.516673169126	0.259261733575	4.0	-9.91581859571
Outer loop 	127	0.232944614323	9.91581859571
	 Inner loop 2	348.64321608	0.232944614323	-8.881784197e-16	-4.7759349027	0.516673169126	0.259261733575	4.0	-9.91581859571
	 Inner loop 2	348.64321608	0.232944614323	2.6645352591e-15	-4.7759349027	0.516673169126	0.259261733575	4.0	-9.91581859571
Outer loop 	128	0.232944614323	9.91581859571
	 Inner loop 2	349.648241206	0.232944614323	2.6645352591e-15	-4.7759349027	0.516673169126	0.259261733575	4.0	-9.91581859571
	 Inner loop 2	349.648241206	0.232944614323	-3.5527136788e-15	-4.7759349027	0.516673169126	0.259261733575	4.0	-9.91581859571
Outer loop 	129	0.232944614323	9.91581859571
	 Inner loop 2	350.653266332	0.232944614323	-1.7763568394e-15	-4.7759349027	0.516673169126	0.259261733575	4.0	-9.91581859571
	 Inner loop 2	350.653266332	0.232944614323	2.6645352591e-15	-4.7759349027	0.516673169126	0.259261733575	4.0	-9.91581859571
Outer loop 	130	0.232944614323	9.91581859571
	 Inner loop 2	351.658291457	0.232944614323	-8.881784197e-16	-4.7759349027	0.516673169126	0.259261733575	4.0	-9.91581859571
	 Inner loop 2	351.658291457	0.232944614323	2.6645352591e-15	-4.7759349027	0.516673169126	0.259261733575	4.0	-9.91581859571
Outer loop 	131	0.232944614323	9.91581859571
	 Inner loop 2	352.663316583	0.232944614323	2.6645352591e-15	-4.7759349027	0.516673169126	0.259261733575	4.0	-9.91581859571
	 Inner loop 2	352.663316583	0.232944614323	-3.5527136788e-15	-4.7759349027	0.516673169126	0.259261733575	4.0	-9.91581859571
Outer loop 	132	0.232944614323	9.91581859571
	 Inner loop 2	353.668341709	0.232944614323	-1.7763568394e-15	-4.7759349027	0.516673169126	0.259261733575	4.0	-9.91581859571
	 Inner loop 2	353.668341709	0.232944614323	2.6645352591e-15	-4.7759349027	0.516673169126	0.259261733575	4.0	-9.91581859571
Outer loop 	133	0.232944614323	9.91581859571
	 Inner loop 2	354.673366834	0.232944614323	-8.881784197e-16	-4.7759349027	0.516673169126	0.259261733575	4.0	-9.91581859571
	 Inner loop 2	354.673366834	0.232944614323	2.6645352591e-15	-4.7759349027	0.516673169126	0.259261733575	4.0	-9.91581859571
Outer loop 	134	0.232944614323	9.91581859571
	 Inner loop 2	355.67839196	0.232944614323	2.6645352591e-15	-4.7759349027	0.516673169126	0.259261733575	4.0	-9.91581859571
	 Inner loop 2	355.67839196	0.232944614323	-3.5527136788e-15	-4.7759349027	0.516673169126	0.259261733575	4.0	-9.91581859571
Outer loop 	135	0.232944614323	9.91581859571
	 Inner loop 2	356.683417085	0.232944614323	-1.7763568394e-15	-4.7759349027	0.516673169126	0.259261733575	4.0	-9.91581859571
	 Inner loop 2	356.683417085	0.232944614323	2.6645352591e-15	-4.7759349027	0.516673169126	0.259261733575	4.0	-9.91581859571
Outer loop 	136	0.232944614323	9.91581859571
	 Inner loop 2	357.688442211	0.232944614323	-8.881784197e-16	-4.7759349027	0.516673169126	0.259261733575	4.0	-9.91581859571
	 Inner loop 2	357.688442211	0.232944614323	2.6645352591e-15	-4.7759349027	0.516673169126	0.259261733575	4.0	-9.91581859571
Outer loop 	137	0.232944614323	9.91581859571
	 Inner loop 2	358.693467337	0.232944614323	2.6645352591e-15	-4.7759349027	0.516673169126	0.259261733575	4.0	-9.91581859571
	 Inner loop 2	358.693467337	0.232944614323	-3.5527136788e-15	-4.7759349027	0.516673169126	0.259261733575	4.0	-9.91581859571
Outer loop 	138	0.232944614323	9.91581859571
	 Inner loop 2	359.698492462	0.232944614323	-1.7763568394e-15	-4.7759349027	0.516673169126	0.259261733575	4.0	-9.91581859571
	 Inner loop 2	359.698492462	0.232944614323	2.6645352591e-15	-4.7759349027	0.516673169126	0.259261733575	4.0	-9.91581859571
Outer loop 	139	0.232944614323	9.91581859571
	 Inner loop 2	360.703517588	0.232944614323	-8.881784197e-16	-4.7759349027	0.516673169126	0.259261733575	4.0	-9.91581859571
	 Inner loop 2	360.703517588	0.232944614323	2.6645352591e-15	-4.7759349027	0.516673169126	0.259261733575	4.0	-9.91581859571
Outer loop 	140	0.232944614323	9.91581859571
	 Inner loop 2	361.708542714	0.232944614323	2.6645352591e-15	-4.7759349027	0.516673169126	0.259261733575	4.0	-9.91581859571
	 Inner loop 2	361.708542714	0.232944614323	-3.5527136788e-15	-4.7759349027	0.516673169126	0.259261733575	4.0	-9.91581859571
Outer loop 	141	0.232944614323	9.91581859571
	 Inner loop 2	362.713567839	0.232944614323	-1.7763568394e-15	-4.7759349027	0.516673169126	0.259261733575	4.0	-9.91581859571
	 Inner loop 2	362.713567839	0.232944614323	2.6645352591e-15	-4.7759349027	0.516673169126	0.259261733575	4.0	-9.91581859571
Outer loop 	142	0.232944614323	9.91581859571
	 Inner loop 2	363.718592965	0.232944614323	-8.881784197e-16	-4.7759349027	0.516673169126	0.259261733575	4.0	-9.91581859571
	 Inner loop 2	363.718592965	0.232944614323	2.6645352591e-15	-4.7759349027	0.516673169126	0.259261733575	4.0	-9.91581859571
Outer loop 	143	0.232944614323	9.91581859571
	 Inner loop 2	364.72361809	0.232944614323	2.6645352591e-15	-4.7759349027	0.516673169126	0.259261733575	4.0	-9.91581859571
	 Inner loop 2	364.72361809	0.232944614323	-3.5527136788e-15	-4.7759349027	0.516673169126	0.259261733575	4.0	-9.91581859571
Outer loop 	144	0.232944614323	9.91581859571
	 Inner loop 2	365.728643216	0.232944614323	-1.7763568394e-15	-4.7759349027	0.516673169126	0.259261733575	4.0	-9.91581859571
	 Inner loop 2	365.728643216	0.232944614323	2.6645352591e-15	-4.7759349027	0.516673169126	0.259261733575	4.0	-9.91581859571
Outer loop 	145	0.232944614323	9.91581859571
	 Inner loop 2	366.733668342	0.232944614323	-8.881784197e-16	-4.7759349027	0.516673169126	0.259261733575	4.0	-9.91581859571
	 Inner loop 2	366.733668342	0.232944614323	2.6645352591e-15	-4.7759349027	0.516673169126	0.259261733575	4.0	-9.91581859571
Outer loop 	146	0.232944614323	9.91581859571
	 Inner loop 2	367.738693467	0.232944614323	2.6645352591e-15	-4.7759349027	0.516673169126	0.259261733575	4.0	-9.91581859571
	 Inner loop 2	367.738693467	0.232944614323	-3.5527136788e-15	-4.7759349027	0.516673169126	0.259261733575	4.0	-9.91581859571
Outer loop 	147	0.232944614323	9.91581859571
	 Inner loop 2	368.743718593	0.232944614323	-1.7763568394e-15	-4.7759349027	0.516673169126	0.259261733575	4.0	-9.91581859571
	 Inner loop 2	368.743718593	0.232944614323	2.6645352591e-15	-4.7759349027	0.516673169126	0.259261733575	4.0	-9.91581859571
Outer loop 	148	0.232944614323	9.91581859571
	 Inner loop 2	369.748743719	0.232944614323	-8.881784197e-16	-4.7759349027	0.516673169126	0.259261733575	4.0	-9.91581859571
	 Inner loop 2	369.748743719	0.232944614323	2.6645352591e-15	-4.7759349027	0.516673169126	0.259261733575	4.0	-9.91581859571
Outer loop 	149	0.232944614323	9.91581859571
	 Inner loop 2	370.753768844	0.232944614323	2.6645352591e-15	-4.7759349027	0.516673169126	0.259261733575	4.0	-9.91581859571
	 Inner loop 2	370.753768844	0.232944614323	-3.5527136788e-15	-4.7759349027	0.516673169126	0.259261733575	4.0	-9.91581859571
Outer loop 	150	0.232944614323	9.91581859571
	 Inner loop 2	371.75879397	0.232944614323	-1.7763568394e-15	-4.7759349027	0.516673169126	0.259261733575	4.0	-9.91581859571
	 Inner loop 2	371.75879397	0.232944614323	2.6645352591e-15	-4.7759349027	0.516673169126	0.259261733575	4.0	-9.91581859571
Outer loop 	151	0.232944614323	9.91581859571
	 Inner loop 2	372.763819095	0.232944614323	-8.881784197e-16	-4.7759349027	0.516673169126	0.259261733575	4.0	-9.91581859571
	 Inner loop 2	372.763819095	0.232944614323	2.6645352591e-15	-4.7759349027	0.516673169126	0.259261733575	4.0	-9.91581859571
Outer loop 	152	0.232944614323	9.91581859571
	 Inner loop 2	373.768844221	0.232944614323	2.6645352591e-15	-4.7759349027	0.516673169126	0.259261733575	4.0	-9.91581859571
	 Inner loop 2	373.768844221	0.232944614323	-3.5527136788e-15	-4.7759349027	0.516673169126	0.259261733575	4.0	-9.91581859571
Outer loop 	153	0.232944614323	9.91581859571
	 Inner loop 2	374.773869347	0.232944614323	-1.7763568394e-15	-4.7759349027	0.516673169126	0.259261733575	4.0	-9.91581859571
	 Inner loop 2	374.773869347	0.232944614323	2.6645352591e-15	-4.7759349027	0.516673169126	0.259261733575	4.0	-9.91581859571
Outer loop 	154	0.232944614323	9.91581859571
	 Inner loop 2	375.778894472	0.232944614323	-8.881784197e-16	-4.7759349027	0.516673169126	0.259261733575	4.0	-9.91581859571
	 Inner loop 2	375.778894472	0.232944614323	2.6645352591e-15	-4.7759349027	0.516673169126	0.259261733575	4.0	-9.91581859571
Outer loop 	155	0.232944614323	9.91581859571
	 Inner loop 2	376.783919598	0.232944614323	2.6645352591e-15	-4.7759349027	0.516673169126	0.259261733575	4.0	-9.91581859571
	 Inner loop 2	376.783919598	0.232944614323	-3.5527136788e-15	-4.7759349027	0.516673169126	0.259261733575	4.0	-9.91581859571
Outer loop 	156	0.232944614323	9.91581859571
	 Inner loop 2	377.788944724	0.232944614323	-1.7763568394e-15	-4.7759349027	0.516673169126	0.259261733575	4.0	-9.91581859571
	 Inner loop 2	377.788944724	0.232944614323	2.6645352591e-15	-4.7759349027	0.516673169126	0.259261733575	4.0	-9.91581859571
Outer loop 	157	0.232944614323	9.91581859571
	 Inner loop 2	378.793969849	0.232944614323	-8.881784197e-16	-4.7759349027	0.516673169126	0.259261733575	4.0	-9.91581859571
	 Inner loop 2	378.793969849	0.232944614323	2.6645352591e-15	-4.7759349027	0.516673169126	0.259261733575	4.0	-9.91581859571
Outer loop 	158	0.232944614323	9.91581859571
	 Inner loop 2	379.798994975	0.232944614323	2.6645352591e-15	-4.7759349027	0.516673169126	0.259261733575	4.0	-9.91581859571
	 Inner loop 2	379.798994975	0.232944614323	-3.5527136788e-15	-4.7759349027	0.516673169126	0.259261733575	4.0	-9.91581859571
Outer loop 	159	0.232944614323	9.91581859571
	 Inner loop 2	380.804020101	0.232944614323	-1.7763568394e-15	-4.7759349027	0.516673169126	0.259261733575	4.0	-9.91581859571
	 Inner loop 2	380.804020101	0.232944614323	2.6645352591e-15	-4.7759349027	0.516673169126	0.259261733575	4.0	-9.91581859571
Outer loop 	160	0.232944614323	9.91581859571
	 Inner loop 2	381.809045226	0.232944614323	-8.881784197e-16	-4.7759349027	0.516673169126	0.259261733575	4.0	-9.91581859571
	 Inner loop 2	381.809045226	0.232944614323	2.6645352591e-15	-4.7759349027	0.516673169126	0.259261733575	4.0	-9.91581859571
Outer loop 	161	0.232944614323	9.91581859571
	 Inner loop 2	382.814070352	0.232944614323	2.6645352591e-15	-4.7759349027	0.516673169126	0.259261733575	4.0	-9.91581859571
	 Inner loop 2	382.814070352	0.232944614323	-3.5527136788e-15	-4.7759349027	0.516673169126	0.259261733575	4.0	-9.91581859571
Outer loop 	162	0.232944614323	9.91581859571
	 Inner loop 2	383.819095477	0.232944614323	-1.7763568394e-15	-4.7759349027	0.516673169126	0.259261733575	4.0	-9.91581859571
	 Inner loop 2	383.819095477	0.232944614323	2.6645352591e-15	-4.7759349027	0.516673169126	0.259261733575	4.0	-9.91581859571
Outer loop 	163	0.232944614323	9.91581859571
	 Inner loop 2	384.824120603	0.232944614323	-8.881784197e-16	-4.7759349027	0.516673169126	0.259261733575	4.0	-9.91581859571
	 Inner loop 2	384.824120603	0.232944614323	2.6645352591e-15	-4.7759349027	0.516673169126	0.259261733575	4.0	-9.91581859571
Outer loop 	164	0.232944614323	9.91581859571
	 Inner loop 2	385.829145729	0.232944614323	2.6645352591e-15	-4.7759349027	0.516673169126	0.259261733575	4.0	-9.91581859571
	 Inner loop 2	385.829145729	0.232944614323	-3.5527136788e-15	-4.7759349027	0.516673169126	0.259261733575	4.0	-9.91581859571
Outer loop 	165	0.232944614323	9.91581859571
	 Inner loop 2	386.834170854	0.232944614323	-1.7763568394e-15	-4.7759349027	0.516673169126	0.259261733575	4.0	-9.91581859571
	 Inner loop 2	386.834170854	0.232944614323	2.6645352591e-15	-4.7759349027	0.516673169126	0.259261733575	4.0	-9.91581859571
Outer loop 	166	0.232944614323	9.91581859571
	 Inner loop 2	387.83919598	0.232944614323	-8.881784197e-16	-4.7759349027	0.516673169126	0.259261733575	4.0	-9.91581859571
	 Inner loop 2	387.83919598	0.232944614323	2.6645352591e-15	-4.7759349027	0.516673169126	0.259261733575	4.0	-9.91581859571
Outer loop 	167	0.232944614323	9.91581859571
	 Inner loop 2	388.844221106	0.232944614323	2.6645352591e-15	-4.7759349027	0.516673169126	0.259261733575	4.0	-9.91581859571
	 Inner loop 2	388.844221106	0.232944614323	-3.5527136788e-15	-4.7759349027	0.516673169126	0.259261733575	4.0	-9.91581859571
Outer loop 	168	0.232944614323	9.91581859571
	 Inner loop 2	389.849246231	0.232944614323	-1.7763568394e-15	-4.7759349027	0.516673169126	0.259261733575	4.0	-9.91581859571
	 Inner loop 2	389.849246231	0.232944614323	2.6645352591e-15	-4.7759349027	0.516673169126	0.259261733575	4.0	-9.91581859571
Outer loop 	169	0.232944614323	9.91581859571
	 Inner loop 2	390.854271357	0.232944614323	-8.881784197e-16	-4.7759349027	0.516673169126	0.259261733575	4.0	-9.91581859571
	 Inner loop 2	390.854271357	0.232944614323	2.6645352591e-15	-4.7759349027	0.516673169126	0.259261733575	4.0	-9.91581859571
Outer loop 	170	0.232944614323	9.91581859571
	 Inner loop 2	391.859296482	0.232944614323	2.6645352591e-15	-4.7759349027	0.516673169126	0.259261733575	4.0	-9.91581859571
	 Inner loop 2	391.859296482	0.232944614323	-3.5527136788e-15	-4.7759349027	0.516673169126	0.259261733575	4.0	-9.91581859571
Outer loop 	171	0.232944614323	9.91581859571
	 Inner loop 2	392.864321608	0.232944614323	-1.7763568394e-15	-4.7759349027	0.516673169126	0.259261733575	4.0	-9.91581859571
	 Inner loop 2	392.864321608	0.232944614323	2.6645352591e-15	-4.7759349027	0.516673169126	0.259261733575	4.0	-9.91581859571
Outer loop 	172	0.232944614323	9.91581859571
	 Inner loop 2	393.869346734	0.232944614323	-8.881784197e-16	-4.7759349027	0.516673169126	0.259261733575	4.0	-9.91581859571
	 Inner loop 2	393.869346734	0.232944614323	2.6645352591e-15	-4.7759349027	0.516673169126	0.259261733575	4.0	-9.91581859571
Outer loop 	173	0.232944614323	9.91581859571
	 Inner loop 2	394.874371859	0.232944614323	2.6645352591e-15	-4.7759349027	0.516673169126	0.259261733575	4.0	-9.91581859571
	 Inner loop 2	394.874371859	0.232944614323	-3.5527136788e-15	-4.7759349027	0.516673169126	0.259261733575	4.0	-9.91581859571
Outer loop 	174	0.232944614323	9.91581859571
	 Inner loop 2	395.879396985	0.232944614323	-1.7763568394e-15	-4.7759349027	0.516673169126	0.259261733575	4.0	-9.91581859571
	 Inner loop 2	395.879396985	0.232944614323	2.6645352591e-15	-4.7759349027	0.516673169126	0.259261733575	4.0	-9.91581859571
Outer loop 	175	0.232944614323	9.91581859571
	 Inner loop 2	396.884422111	0.232944614323	-8.881784197e-16	-4.7759349027	0.516673169126	0.259261733575	4.0	-9.91581859571
	 Inner loop 2	396.884422111	0.232944614323	2.6645352591e-15	-4.7759349027	0.516673169126	0.259261733575	4.0	-9.91581859571
Outer loop 	176	0.232944614323	9.91581859571
	 Inner loop 2	397.889447236	0.232944614323	2.6645352591e-15	-4.7759349027	0.516673169126	0.259261733575	4.0	-9.91581859571
	 Inner loop 2	397.889447236	0.232944614323	-3.5527136788e-15	-4.7759349027	0.516673169126	0.259261733575	4.0	-9.91581859571
Outer loop 	177	0.232944614323	9.91581859571
	 Inner loop 2	398.894472362	0.232944614323	-1.7763568394e-15	-4.7759349027	0.516673169126	0.259261733575	4.0	-9.91581859571
	 Inner loop 2	398.894472362	0.232944614323	2.6645352591e-15	-4.7759349027	0.516673169126	0.259261733575	4.0	-9.91581859571
Outer loop 	178	0.232944614323	9.91581859571
	 Inner loop 2	399.899497487	0.232944614323	-8.881784197e-16	-4.7759349027	0.516673169126	0.259261733575	4.0	-9.91581859571
	 Inner loop 2	399.899497487	0.232944614323	2.6645352591e-15	-4.7759349027	0.516673169126	0.259261733575	4.0	-9.91581859571
Outer loop 	179	0.232944614323	9.91581859571
	 Inner loop 2	400.904522613	0.232944614323	2.6645352591e-15	-4.7759349027	0.516673169126	0.259261733575	4.0	-9.91581859571
	 Inner loop 2	400.904522613	0.232944614323	-3.5527136788e-15	-4.7759349027	0.516673169126	0.259261733575	4.0	-9.91581859571
Outer loop 	180	0.232944614323	9.91581859571
	 Inner loop 2	401.909547739	0.232944614323	-1.7763568394e-15	-4.7759349027	0.516673169126	0.259261733575	4.0	-9.91581859571
	 Inner loop 2	401.909547739	0.232944614323	2.6645352591e-15	-4.7759349027	0.516673169126	0.259261733575	4.0	-9.91581859571
Outer loop 	181	0.232944614323	9.91581859571
	 Inner loop 2	402.914572864	0.232944614323	-8.881784197e-16	-4.7759349027	0.516673169126	0.259261733575	4.0	-9.91581859571
	 Inner loop 2	402.914572864	0.232944614323	2.6645352591e-15	-4.7759349027	0.516673169126	0.259261733575	4.0	-9.91581859571
Outer loop 	182	0.232944614323	9.91581859571
	 Inner loop 2	403.91959799	0.232944614323	2.6645352591e-15	-4.7759349027	0.516673169126	0.259261733575	4.0	-9.91581859571
	 Inner loop 2	403.91959799	0.232944614323	-3.5527136788e-15	-4.7759349027	0.516673169126	0.259261733575	4.0	-9.91581859571
Outer loop 	183	0.232944614323	9.91581859571
	 Inner loop 2	404.924623116	0.232944614323	-1.7763568394e-15	-4.7759349027	0.516673169126	0.259261733575	4.0	-9.91581859571
	 Inner loop 2	404.924623116	0.232944614323	2.6645352591e-15	-4.7759349027	0.516673169126	0.259261733575	4.0	-9.91581859571
Outer loop 	184	0.232944614323	9.91581859571
	 Inner loop 2	405.929648241	0.232944614323	-8.881784197e-16	-4.7759349027	0.516673169126	0.259261733575	4.0	-9.91581859571
	 Inner loop 2	405.929648241	0.232944614323	2.6645352591e-15	-4.7759349027	0.516673169126	0.259261733575	4.0	-9.91581859571
Outer loop 	185	0.232944614323	9.91581859571
	 Inner loop 2	406.934673367	0.232944614323	2.6645352591e-15	-4.7759349027	0.516673169126	0.259261733575	4.0	-9.91581859571
	 Inner loop 2	406.934673367	0.232944614323	-3.5527136788e-15	-4.7759349027	0.516673169126	0.259261733575	4.0	-9.91581859571
Outer loop 	186	0.232944614323	9.91581859571
	 Inner loop 2	407.939698492	0.232944614323	-1.7763568394e-15	-4.7759349027	0.516673169126	0.259261733575	4.0	-9.91581859571
	 Inner loop 2	407.939698492	0.232944614323	2.6645352591e-15	-4.7759349027	0.516673169126	0.259261733575	4.0	-9.91581859571
Outer loop 	187	0.232944614323	9.91581859571
	 Inner loop 2	408.944723618	0.232944614323	-8.881784197e-16	-4.7759349027	0.516673169126	0.259261733575	4.0	-9.91581859571
	 Inner loop 2	408.944723618	0.232944614323	2.6645352591e-15	-4.7759349027	0.516673169126	0.259261733575	4.0	-9.91581859571
Outer loop 	188	0.232944614323	9.91581859571
	 Inner loop 2	409.949748744	0.232944614323	2.6645352591e-15	-4.7759349027	0.516673169126	0.259261733575	4.0	-9.91581859571
	 Inner loop 2	409.949748744	0.232944614323	-3.5527136788e-15	-4.7759349027	0.516673169126	0.259261733575	4.0	-9.91581859571
Outer loop 	189	0.232944614323	9.91581859571
	 Inner loop 2	410.954773869	0.232944614323	-1.7763568394e-15	-4.7759349027	0.516673169126	0.259261733575	4.0	-9.91581859571
	 Inner loop 2	410.954773869	0.232944614323	2.6645352591e-15	-4.7759349027	0.516673169126	0.259261733575	4.0	-9.91581859571
Outer loop 	190	0.232944614323	9.91581859571
	 Inner loop 2	411.959798995	0.232944614323	-8.881784197e-16	-4.7759349027	0.516673169126	0.259261733575	4.0	-9.91581859571
	 Inner loop 2	411.959798995	0.232944614323	2.6645352591e-15	-4.7759349027	0.516673169126	0.259261733575	4.0	-9.91581859571
Outer loop 	191	0.232944614323	9.91581859571
	 Inner loop 2	412.964824121	0.232944614323	2.6645352591e-15	-4.7759349027	0.516673169126	0.259261733575	4.0	-9.91581859571
	 Inner loop 2	412.964824121	0.232944614323	-3.5527136788e-15	-4.7759349027	0.516673169126	0.259261733575	4.0	-9.91581859571
Outer loop 	192	0.232944614323	9.91581859571
	 Inner loop 2	413.969849246	0.232944614323	-1.7763568394e-15	-4.7759349027	0.516673169126	0.259261733575	4.0	-9.91581859571
	 Inner loop 2	413.969849246	0.232944614323	2.6645352591e-15	-4.7759349027	0.516673169126	0.259261733575	4.0	-9.91581859571
Outer loop 	193	0.232944614323	9.91581859571
	 Inner loop 2	414.974874372	0.232944614323	-8.881784197e-16	-4.7759349027	0.516673169126	0.259261733575	4.0	-9.91581859571
	 Inner loop 2	414.974874372	0.232944614323	2.6645352591e-15	-4.7759349027	0.516673169126	0.259261733575	4.0	-9.91581859571
Outer loop 	194	0.232944614323	9.91581859571
	 Inner loop 2	415.979899497	0.232944614323	2.6645352591e-15	-4.7759349027	0.516673169126	0.259261733575	4.0	-9.91581859571
	 Inner loop 2	415.979899497	0.232944614323	-3.5527136788e-15	-4.7759349027	0.516673169126	0.259261733575	4.0	-9.91581859571
Outer loop 	195	0.232944614323	9.91581859571
	 Inner loop 2	416.984924623	0.232944614323	-1.7763568394e-15	-4.7759349027	0.516673169126	0.259261733575	4.0	-9.91581859571
	 Inner loop 2	416.984924623	0.232944614323	2.6645352591e-15	-4.7759349027	0.516673169126	0.259261733575	4.0	-9.91581859571
Outer loop 	196	0.232944614323	9.91581859571
	 Inner loop 2	417.989949749	0.232944614323	-8.881784197e-16	-4.7759349027	0.516673169126	0.259261733575	4.0	-9.91581859571
	 Inner loop 2	417.989949749	0.232944614323	2.6645352591e-15	-4.7759349027	0.516673169126	0.259261733575	4.0	-9.91581859571
Outer loop 	197	0.232944614323	9.91581859571
	 Inner loop 2	418.994974874	0.232944614323	2.6645352591e-15	-4.7759349027	0.516673169126	0.259261733575	4.0	-9.91581859571
	 Inner loop 2	418.994974874	0.232944614323	-3.5527136788e-15	-4.7759349027	0.516673169126	0.259261733575	4.0	-9.91581859571
Outer loop 	198	0.232944614323	9.91581859571
	 Inner loop 2	420.0	0.232944614323	-1.7763568394e-15	-4.7759349027	0.516673169126	0.259261733575	4.0	-9.91581859571
	 Inner loop 2	420.0	0.232944614323	2.6645352591e-15	-4.7759349027	0.516673169126	0.259261733575	4.0	-9.91581859571
Outer loop 	199	0.232944614323	9.91581859571
