	 Inner loop 	221.005025126	0.0534667495467	-3.11830097334e-16	-0.923444912255	1.21734472469	-0.294	0.00010018756115	0.0
	 Inner loop 	221.005025126	0.0534667495467	7.98392927291e-16	-0.923444912255	1.21734472469	-0.294	0.00010018756115	0.0
Outer loop 	1	0.0534667495467	0.0
	 Inner loop 	222.010050251	0.0534667495467	1.68657134699e-15	-0.923444912255	1.21734472469	-0.294	0.00010018756115	0.0
	 Inner loop 	222.010050251	0.0534667495467	-3.11830097334e-16	-0.923444912255	1.21734472469	-0.294	0.00010018756115	0.0
Outer loop 	2	0.0534667495467	0.0
	 Inner loop 	223.015075377	0.0534667495467	7.98392927291e-16	-0.923444912255	1.21734472469	-0.294	0.00010018756115	0.0
	 Inner loop 	223.015075377	0.0534667495467	-3.11830097334e-16	-0.923444912255	1.21734472469	-0.294	0.00010018756115	0.0
Outer loop 	3	0.0534667495467	0.0
	 Inner loop 	224.020100503	0.0534667495467	7.98392927291e-16	-0.923444912255	1.21734472469	-0.294	0.00010018756115	0.0
	 Inner loop 	224.020100503	0.0534667495467	-3.11830097334e-16	-0.923444912255	1.21734472469	-0.294	0.00010018756115	0.0
Outer loop 	4	0.0534667495467	0.0
	 Inner loop 	225.025125628	0.0534667495467	7.98392927291e-16	-0.923444912255	1.21734472469	-0.294	0.00010018756115	0.0
	 Inner loop 	225.025125628	0.0534667495467	-3.11830097334e-16	-0.923444912255	1.21734472469	-0.294	0.00010018756115	0.0
Outer loop 	5	0.0534667495467	0.0
	 Inner loop 	226.030150754	0.0534667495467	7.98392927291e-16	-0.923444912255	1.21734472469	-0.294	0.00010018756115	0.0
	 Inner loop 	226.030150754	0.0534667495467	-3.11830097334e-16	-0.923444912255	1.21734472469	-0.294	0.00010018756115	0.0
Outer loop 	6	0.0534667495467	0.0
	 Inner loop 	227.035175879	0.0534667495467	7.98392927291e-16	-0.923444912255	1.21734472469	-0.294	0.00010018756115	0.0
	 Inner loop 	227.035175879	0.0534667495467	-3.11830097334e-16	-0.923444912255	1.21734472469	-0.294	0.00010018756115	0.0
Outer loop 	7	0.0534667495467	0.0
	 Inner loop 	228.040201005	0.0534667495467	7.98392927291e-16	-0.923444912255	1.21734472469	-0.294	0.00010018756115	0.0
	 Inner loop 	228.040201005	0.0534667495467	-3.11830097334e-16	-0.923444912255	1.21734472469	-0.294	0.00010018756115	0.0
Outer loop 	8	0.0534667495467	0.0
	 Inner loop 	229.045226131	0.0534667495467	7.98392927291e-16	-0.923444912255	1.21734472469	-0.294	0.00010018756115	0.0
	 Inner loop 	229.045226131	0.0534667495467	-3.11830097334e-16	-0.923444912255	1.21734472469	-0.294	0.00010018756115	0.0
Outer loop 	9	0.0534667495467	0.0
	 Inner loop 	230.050251256	0.0534667495467	7.98392927291e-16	-0.923444912255	1.21734472469	-0.294	0.00010018756115	0.0
	 Inner loop 	230.050251256	0.0534667495467	-3.11830097334e-16	-0.923444912255	1.21734472469	-0.294	0.00010018756115	0.0
Outer loop 	10	0.0534667495467	0.0
	 Inner loop 	231.055276382	0.0534667495467	7.98392927291e-16	-0.923444912255	1.21734472469	-0.294	0.00010018756115	0.0
	 Inner loop 	231.055276382	0.0534667495467	-3.11830097334e-16	-0.923444912255	1.21734472469	-0.294	0.00010018756115	0.0
Outer loop 	11	0.0534667495467	0.0
	 Inner loop 	232.060301508	0.0534667495467	7.98392927291e-16	-0.923444912255	1.21734472469	-0.294	0.00010018756115	0.0
	 Inner loop 	232.060301508	0.0534667495467	-3.11830097334e-16	-0.923444912255	1.21734472469	-0.294	0.00010018756115	0.0
Outer loop 	12	0.0534667495467	0.0
	 Inner loop 	233.065326633	0.0534667495467	7.98392927291e-16	-0.923444912255	1.21734472469	-0.294	0.00010018756115	0.0
	 Inner loop 	233.065326633	0.0534667495467	-3.11830097334e-16	-0.923444912255	1.21734472469	-0.294	0.00010018756115	0.0
Outer loop 	13	0.0534667495467	0.0
	 Inner loop 	234.070351759	0.0534667495467	7.98392927291e-16	-0.923444912255	1.21734472469	-0.294	0.00010018756115	0.0
	 Inner loop 	234.070351759	0.0534667495467	-3.11830097334e-16	-0.923444912255	1.21734472469	-0.294	0.00010018756115	0.0
Outer loop 	14	0.0534667495467	0.0
	 Inner loop 	235.075376884	0.0534667495467	7.98392927291e-16	-0.923444912255	1.21734472469	-0.294	0.00010018756115	0.0
	 Inner loop 	235.075376884	0.0534667495467	-3.11830097334e-16	-0.923444912255	1.21734472469	-0.294	0.00010018756115	0.0
Outer loop 	15	0.0534667495467	0.0
	 Inner loop 	236.08040201	0.0534667495467	7.98392927291e-16	-0.923444912255	1.21734472469	-0.294	0.00010018756115	0.0
	 Inner loop 	236.08040201	0.0534667495467	-3.11830097334e-16	-0.923444912255	1.21734472469	-0.294	0.00010018756115	0.0
Outer loop 	16	0.0534667495467	0.0
	 Inner loop 	237.085427136	0.0534667495467	7.98392927291e-16	-0.923444912255	1.21734472469	-0.294	0.00010018756115	0.0
	 Inner loop 	237.085427136	0.0534667495467	-3.11830097334e-16	-0.923444912255	1.21734472469	-0.294	0.00010018756115	0.0
Outer loop 	17	0.0534667495467	0.0
	 Inner loop 	238.090452261	0.0534667495467	7.98392927291e-16	-0.923444912255	1.21734472469	-0.294	0.00010018756115	0.0
	 Inner loop 	238.090452261	0.0534667495467	-3.11830097334e-16	-0.923444912255	1.21734472469	-0.294	0.00010018756115	0.0
Outer loop 	18	0.0534667495467	0.0
	 Inner loop 	239.095477387	0.0534667495467	7.98392927291e-16	-0.923444912255	1.21734472469	-0.294	0.00010018756115	0.0
	 Inner loop 	239.095477387	0.0534667495467	-3.11830097334e-16	-0.923444912255	1.21734472469	-0.294	0.00010018756115	0.0
Outer loop 	19	0.0534667495467	0.0
	 Inner loop 	240.100502513	0.0534667495467	7.98392927291e-16	-0.923444912255	1.21734472469	-0.294	0.00010018756115	0.0
	 Inner loop 	240.100502513	0.0534667495467	-3.11830097334e-16	-0.923444912255	1.21734472469	-0.294	0.00010018756115	0.0
Outer loop 	20	0.0534667495467	0.0
	 Inner loop 	241.105527638	0.0534667495467	7.98392927291e-16	-0.923444912255	1.21734472469	-0.294	0.00010018756115	0.0
	 Inner loop 	241.105527638	0.0534667495467	-3.11830097334e-16	-0.923444912255	1.21734472469	-0.294	0.00010018756115	0.0
Outer loop 	21	0.0534667495467	0.0
	 Inner loop 	242.110552764	0.0534667495467	7.98392927291e-16	-0.923444912255	1.21734472469	-0.294	0.00010018756115	0.0
	 Inner loop 	242.110552764	0.0534667495467	-3.11830097334e-16	-0.923444912255	1.21734472469	-0.294	0.00010018756115	0.0
Outer loop 	22	0.0534667495467	0.0
	 Inner loop 	243.115577889	0.0534667495467	7.98392927291e-16	-0.923444912255	1.21734472469	-0.294	0.00010018756115	0.0
	 Inner loop 	243.115577889	0.0534667495467	-3.11830097334e-16	-0.923444912255	1.21734472469	-0.294	0.00010018756115	0.0
Outer loop 	23	0.0534667495467	0.0
	 Inner loop 	244.120603015	0.0534667495467	7.98392927291e-16	-0.923444912255	1.21734472469	-0.294	0.00010018756115	0.0
	 Inner loop 	244.120603015	0.0534667495467	-3.11830097334e-16	-0.923444912255	1.21734472469	-0.294	0.00010018756115	0.0
Outer loop 	24	0.0534667495467	0.0
	 Inner loop 	245.125628141	0.0534667495467	7.98392927291e-16	-0.923444912255	1.21734472469	-0.294	0.00010018756115	0.0
	 Inner loop 	245.125628141	0.0534667495467	-3.11830097334e-16	-0.923444912255	1.21734472469	-0.294	0.00010018756115	0.0
Outer loop 	25	0.0534667495467	0.0
	 Inner loop 	246.130653266	0.0534667495467	7.98392927291e-16	-0.923444912255	1.21734472469	-0.294	0.00010018756115	0.0
	 Inner loop 	246.130653266	0.0534667495467	-3.11830097334e-16	-0.923444912255	1.21734472469	-0.294	0.00010018756115	0.0
Outer loop 	26	0.0534667495467	0.0
	 Inner loop 	247.135678392	0.0534667495467	7.98392927291e-16	-0.923444912255	1.21734472469	-0.294	0.00010018756115	0.0
	 Inner loop 	247.135678392	0.0534667495467	-3.11830097334e-16	-0.923444912255	1.21734472469	-0.294	0.00010018756115	0.0
Outer loop 	27	0.0534667495467	0.0
	 Inner loop 	248.140703518	0.0534667495467	7.98392927291e-16	-0.923444912255	1.21734472469	-0.294	0.00010018756115	0.0
	 Inner loop 	248.140703518	0.0534667495467	-3.11830097334e-16	-0.923444912255	1.21734472469	-0.294	0.00010018756115	0.0
Outer loop 	28	0.0534667495467	0.0
	 Inner loop 	249.145728643	0.0534667495467	7.98392927291e-16	-0.923444912255	1.21734472469	-0.294	0.00010018756115	0.0
	 Inner loop 	249.145728643	0.0534667495467	-3.11830097334e-16	-0.923444912255	1.21734472469	-0.294	0.00010018756115	0.0
Outer loop 	29	0.0534667495467	0.0
	 Inner loop 	250.150753769	0.0534667495467	7.98392927291e-16	-0.923444912255	1.21734472469	-0.294	0.00010018756115	0.0
	 Inner loop 	250.150753769	0.0534667495467	-3.11830097334e-16	-0.923444912255	1.21734472469	-0.294	0.00010018756115	0.0
Outer loop 	30	0.0534667495467	0.0
	 Inner loop 	251.155778894	0.0534667495467	7.98392927291e-16	-0.923444912255	1.21734472469	-0.294	0.00010018756115	0.0
	 Inner loop 	251.155778894	0.0534667495467	-3.11830097334e-16	-0.923444912255	1.21734472469	-0.294	0.00010018756115	0.0
Outer loop 	31	0.0534667495467	0.0
	 Inner loop 	252.16080402	0.0534667495467	7.98392927291e-16	-0.923444912255	1.21734472469	-0.294	0.00010018756115	0.0
	 Inner loop 	252.16080402	0.0534667495467	-3.11830097334e-16	-0.923444912255	1.21734472469	-0.294	0.00010018756115	0.0
Outer loop 	32	0.0534667495467	0.0
	 Inner loop 	253.165829146	0.0534667495467	7.98392927291e-16	-0.923444912255	1.21734472469	-0.294	0.00010018756115	0.0
	 Inner loop 	253.165829146	0.0534667495467	-3.11830097334e-16	-0.923444912255	1.21734472469	-0.294	0.00010018756115	0.0
Outer loop 	33	0.0534667495467	0.0
	 Inner loop 	254.170854271	0.0534667495467	7.98392927291e-16	-0.923444912255	1.21734472469	-0.294	0.00010018756115	0.0
	 Inner loop 	254.170854271	0.0534667495467	-3.11830097334e-16	-0.923444912255	1.21734472469	-0.294	0.00010018756115	0.0
Outer loop 	34	0.0534667495467	0.0
	 Inner loop 	255.175879397	0.0534667495467	7.98392927291e-16	-0.923444912255	1.21734472469	-0.294	0.00010018756115	0.0
	 Inner loop 	255.175879397	0.0534667495467	-3.11830097334e-16	-0.923444912255	1.21734472469	-0.294	0.00010018756115	0.0
Outer loop 	35	0.0534667495467	0.0
	 Inner loop 	256.180904523	0.0534667495467	7.98392927291e-16	-0.923444912255	1.21734472469	-0.294	0.00010018756115	0.0
	 Inner loop 	256.180904523	0.0534667495467	-3.11830097334e-16	-0.923444912255	1.21734472469	-0.294	0.00010018756115	0.0
Outer loop 	36	0.0534667495467	0.0
	 Inner loop 	257.185929648	0.0534667495467	7.98392927291e-16	-0.923444912255	1.21734472469	-0.294	0.00010018756115	0.0
	 Inner loop 	257.185929648	0.0534667495467	-3.11830097334e-16	-0.923444912255	1.21734472469	-0.294	0.00010018756115	0.0
Outer loop 	37	0.0534667495467	0.0
	 Inner loop 	258.190954774	0.0534667495467	7.98392927291e-16	-0.923444912255	1.21734472469	-0.294	0.00010018756115	0.0
	 Inner loop 	258.190954774	0.0534667495467	-3.11830097334e-16	-0.923444912255	1.21734472469	-0.294	0.00010018756115	0.0
Outer loop 	38	0.0534667495467	0.0
	 Inner loop 	259.195979899	0.0534667495467	7.98392927291e-16	-0.923444912255	1.21734472469	-0.294	0.00010018756115	0.0
	 Inner loop 	259.195979899	0.0534667495467	-3.11830097334e-16	-0.923444912255	1.21734472469	-0.294	0.00010018756115	0.0
Outer loop 	39	0.0534667495467	0.0
	 Inner loop 	260.201005025	0.0534667495467	7.98392927291e-16	-0.923444912255	1.21734472469	-0.294	0.00010018756115	0.0
	 Inner loop 	260.201005025	0.0534667495467	-3.11830097334e-16	-0.923444912255	1.21734472469	-0.294	0.00010018756115	0.0
Outer loop 	40	0.0534667495467	0.0
	 Inner loop 	261.206030151	0.0534667495467	7.98392927291e-16	-0.923444912255	1.21734472469	-0.294	0.00010018756115	0.0
	 Inner loop 	261.206030151	0.0534667495467	-3.11830097334e-16	-0.923444912255	1.21734472469	-0.294	0.00010018756115	0.0
Outer loop 	41	0.0534667495467	0.0
	 Inner loop 	262.211055276	0.0534667495467	7.98392927291e-16	-0.923444912255	1.21734472469	-0.294	0.00010018756115	0.0
	 Inner loop 	262.211055276	0.0534667495467	-3.11830097334e-16	-0.923444912255	1.21734472469	-0.294	0.00010018756115	0.0
Outer loop 	42	0.0534667495467	0.0
	 Inner loop 	263.216080402	0.0534667495467	7.98392927291e-16	-0.923444912255	1.21734472469	-0.294	0.00010018756115	0.0
	 Inner loop 	263.216080402	0.0534667495467	-3.11830097334e-16	-0.923444912255	1.21734472469	-0.294	0.00010018756115	0.0
Outer loop 	43	0.0534667495467	0.0
	 Inner loop 	264.221105528	0.0534667495467	7.98392927291e-16	-0.923444912255	1.21734472469	-0.294	0.00010018756115	0.0
	 Inner loop 	264.221105528	0.0534667495467	-3.11830097334e-16	-0.923444912255	1.21734472469	-0.294	0.00010018756115	0.0
Outer loop 	44	0.0534667495467	0.0
	 Inner loop 	265.226130653	0.0534667495467	7.98392927291e-16	-0.923444912255	1.21734472469	-0.294	0.00010018756115	0.0
	 Inner loop 	265.226130653	0.0534667495467	-3.11830097334e-16	-0.923444912255	1.21734472469	-0.294	0.00010018756115	0.0
Outer loop 	45	0.0534667495467	0.0
	 Inner loop 	266.231155779	0.0534667495467	7.98392927291e-16	-0.923444912255	1.21734472469	-0.294	0.00010018756115	0.0
	 Inner loop 	266.231155779	0.0534667495467	-3.11830097334e-16	-0.923444912255	1.21734472469	-0.294	0.00010018756115	0.0
Outer loop 	46	0.0534667495467	0.0
	 Inner loop 	267.236180905	0.0534667495467	7.98392927291e-16	-0.923444912255	1.21734472469	-0.294	0.00010018756115	0.0
	 Inner loop 	267.236180905	0.0534667495467	-3.11830097334e-16	-0.923444912255	1.21734472469	-0.294	0.00010018756115	0.0
Outer loop 	47	0.0534667495467	0.0
	 Inner loop 	268.24120603	0.0534667495467	7.98392927291e-16	-0.923444912255	1.21734472469	-0.294	0.00010018756115	0.0
	 Inner loop 	268.24120603	0.0534667495467	-3.11830097334e-16	-0.923444912255	1.21734472469	-0.294	0.00010018756115	0.0
Outer loop 	48	0.0534667495467	0.0
	 Inner loop 	269.246231156	0.0534667495467	7.98392927291e-16	-0.923444912255	1.21734472469	-0.294	0.00010018756115	0.0
	 Inner loop 	269.246231156	0.0534667495467	-3.11830097334e-16	-0.923444912255	1.21734472469	-0.294	0.00010018756115	0.0
Outer loop 	49	0.0534667495467	0.0
	 Inner loop 	270.251256281	0.0534667495467	7.98392927291e-16	-0.923444912255	1.21734472469	-0.294	0.00010018756115	0.0
	 Inner loop 	270.251256281	0.0534667495467	-3.11830097334e-16	-0.923444912255	1.21734472469	-0.294	0.00010018756115	0.0
Outer loop 	50	0.0534667495467	0.0
	 Inner loop 	271.256281407	0.0534667495467	7.98392927291e-16	-0.923444912255	1.21734472469	-0.294	0.00010018756115	0.0
	 Inner loop 	271.256281407	0.0534667495467	-3.11830097334e-16	-0.923444912255	1.21734472469	-0.294	0.00010018756115	0.0
Outer loop 	51	0.0534667495467	0.0
	 Inner loop 	272.261306533	0.0534667495467	7.98392927291e-16	-0.923444912255	1.21734472469	-0.294	0.00010018756115	0.0
	 Inner loop 	272.261306533	0.0534667495467	-3.11830097334e-16	-0.923444912255	1.21734472469	-0.294	0.00010018756115	0.0
Outer loop 	52	0.0534667495467	0.0
	 Inner loop 	273.266331658	0.0534667495467	7.98392927291e-16	-0.923444912255	1.21734472469	-0.294	0.00010018756115	0.0
	 Inner loop 	273.266331658	0.0534667495467	-3.11830097334e-16	-0.923444912255	1.21734472469	-0.294	0.00010018756115	0.0
Outer loop 	53	0.0534667495467	0.0
	 Inner loop 	274.271356784	0.0534667495467	7.98392927291e-16	-0.923444912255	1.21734472469	-0.294	0.00010018756115	0.0
	 Inner loop 	274.271356784	0.0534667495467	-3.11830097334e-16	-0.923444912255	1.21734472469	-0.294	0.00010018756115	0.0
Outer loop 	54	0.0534667495467	0.0
	 Inner loop 	275.27638191	0.0534667495467	7.98392927291e-16	-0.923444912255	1.21734472469	-0.294	0.00010018756115	0.0
	 Inner loop 	275.27638191	0.0534667495467	-3.11830097334e-16	-0.923444912255	1.21734472469	-0.294	0.00010018756115	0.0
Outer loop 	55	0.0534667495467	0.0
	 Inner loop 	276.281407035	0.0534667495467	7.98392927291e-16	-0.923444912255	1.21734472469	-0.294	0.00010018756115	0.0
	 Inner loop 	276.281407035	0.0534667495467	-3.11830097334e-16	-0.923444912255	1.21734472469	-0.294	0.00010018756115	0.0
Outer loop 	56	0.0534667495467	0.0
	 Inner loop 	277.286432161	0.0534667495467	7.98392927291e-16	-0.923444912255	1.21734472469	-0.294	0.00010018756115	0.0
	 Inner loop 	277.286432161	0.0534667495467	-3.11830097334e-16	-0.923444912255	1.21734472469	-0.294	0.00010018756115	0.0
Outer loop 	57	0.0534667495467	0.0
	 Inner loop 	278.291457286	0.0534667495467	7.98392927291e-16	-0.923444912255	1.21734472469	-0.294	0.00010018756115	0.0
	 Inner loop 	278.291457286	0.0534667495467	-3.11830097334e-16	-0.923444912255	1.21734472469	-0.294	0.00010018756115	0.0
Outer loop 	58	0.0534667495467	0.0
	 Inner loop 	279.296482412	0.0534667495467	7.98392927291e-16	-0.923444912255	1.21734472469	-0.294	0.00010018756115	0.0
	 Inner loop 	279.296482412	0.0534667495467	-3.11830097334e-16	-0.923444912255	1.21734472469	-0.294	0.00010018756115	0.0
Outer loop 	59	0.0534667495467	0.0
	 Inner loop 	280.301507538	0.0534667495467	7.98392927291e-16	-0.923444912255	1.21734472469	-0.294	0.00010018756115	0.0
	 Inner loop 	280.301507538	0.0534667495467	-3.11830097334e-16	-0.923444912255	1.21734472469	-0.294	0.00010018756115	0.0
Outer loop 	60	0.0534667495467	0.0
	 Inner loop 	281.306532663	0.0534667495467	7.98392927291e-16	-0.923444912255	1.21734472469	-0.294	0.00010018756115	0.0
	 Inner loop 	281.306532663	0.0534667495467	-3.11830097334e-16	-0.923444912255	1.21734472469	-0.294	0.00010018756115	0.0
Outer loop 	61	0.0534667495467	0.0
	 Inner loop 	282.311557789	0.0534667495467	7.98392927291e-16	-0.923444912255	1.21734472469	-0.294	0.00010018756115	0.0
	 Inner loop 	282.311557789	0.0534667495467	-3.11830097334e-16	-0.923444912255	1.21734472469	-0.294	0.00010018756115	0.0
Outer loop 	62	0.0534667495467	0.0
	 Inner loop 	283.316582915	0.0534667495467	7.98392927291e-16	-0.923444912255	1.21734472469	-0.294	0.00010018756115	0.0
	 Inner loop 	283.316582915	0.0534667495467	-3.11830097334e-16	-0.923444912255	1.21734472469	-0.294	0.00010018756115	0.0
Outer loop 	63	0.0534667495467	0.0
	 Inner loop 	284.32160804	0.0534667495467	7.98392927291e-16	-0.923444912255	1.21734472469	-0.294	0.00010018756115	0.0
	 Inner loop 	284.32160804	0.0534667495467	-3.11830097334e-16	-0.923444912255	1.21734472469	-0.294	0.00010018756115	0.0
Outer loop 	64	0.0534667495467	0.0
	 Inner loop 	285.326633166	0.0534667495467	7.98392927291e-16	-0.923444912255	1.21734472469	-0.294	0.00010018756115	0.0
	 Inner loop 	285.326633166	0.0534667495467	-3.11830097334e-16	-0.923444912255	1.21734472469	-0.294	0.00010018756115	0.0
Outer loop 	65	0.0534667495467	0.0
	 Inner loop 	286.331658291	0.0534667495467	7.98392927291e-16	-0.923444912255	1.21734472469	-0.294	0.00010018756115	0.0
	 Inner loop 	286.331658291	0.0534667495467	-3.11830097334e-16	-0.923444912255	1.21734472469	-0.294	0.00010018756115	0.0
Outer loop 	66	0.0534667495467	0.0
	 Inner loop 	287.336683417	0.0534667495467	7.98392927291e-16	-0.923444912255	1.21734472469	-0.294	0.00010018756115	0.0
	 Inner loop 	287.336683417	0.0534667495467	-3.11830097334e-16	-0.923444912255	1.21734472469	-0.294	0.00010018756115	0.0
Outer loop 	67	0.0534667495467	0.0
	 Inner loop 	288.341708543	0.0534667495467	7.98392927291e-16	-0.923444912255	1.21734472469	-0.294	0.00010018756115	0.0
	 Inner loop 	288.341708543	0.0534667495467	-3.11830097334e-16	-0.923444912255	1.21734472469	-0.294	0.00010018756115	0.0
Outer loop 	68	0.0534667495467	0.0
	 Inner loop 	289.346733668	0.0534667495467	7.98392927291e-16	-0.923444912255	1.21734472469	-0.294	0.00010018756115	0.0
	 Inner loop 	289.346733668	0.0534667495467	-3.11830097334e-16	-0.923444912255	1.21734472469	-0.294	0.00010018756115	0.0
Outer loop 	69	0.0534667495467	0.0
	 Inner loop 	290.351758794	0.0534667495467	7.98392927291e-16	-0.923444912255	1.21734472469	-0.294	0.00010018756115	0.0
	 Inner loop 	290.351758794	0.0534667495467	-3.11830097334e-16	-0.923444912255	1.21734472469	-0.294	0.00010018756115	0.0
Outer loop 	70	0.0534667495467	0.0
	 Inner loop 	291.35678392	0.0534667495467	7.98392927291e-16	-0.923444912255	1.21734472469	-0.294	0.00010018756115	0.0
	 Inner loop 	291.35678392	0.0534667495467	-3.11830097334e-16	-0.923444912255	1.21734472469	-0.294	0.00010018756115	0.0
Outer loop 	71	0.0534667495467	0.0
	 Inner loop 	292.361809045	0.0534667495467	7.98392927291e-16	-0.923444912255	1.21734472469	-0.294	0.00010018756115	0.0
	 Inner loop 	292.361809045	0.0534667495467	-3.11830097334e-16	-0.923444912255	1.21734472469	-0.294	0.00010018756115	0.0
Outer loop 	72	0.0534667495467	0.0
	 Inner loop 	293.366834171	0.0534667495467	7.98392927291e-16	-0.923444912255	1.21734472469	-0.294	0.00010018756115	0.0
	 Inner loop 	293.366834171	0.0534667495467	-3.11830097334e-16	-0.923444912255	1.21734472469	-0.294	0.00010018756115	0.0
Outer loop 	73	0.0534667495467	0.0
	 Inner loop 	294.371859296	0.0534667495467	7.98392927291e-16	-0.923444912255	1.21734472469	-0.294	0.00010018756115	0.0
	 Inner loop 	294.371859296	0.0534667495467	-3.11830097334e-16	-0.923444912255	1.21734472469	-0.294	0.00010018756115	0.0
Outer loop 	74	0.0534667495467	0.0
	 Inner loop 	295.376884422	0.0534667495467	7.98392927291e-16	-0.923444912255	1.21734472469	-0.294	0.00010018756115	0.0
	 Inner loop 	295.376884422	0.0534667495467	-3.11830097334e-16	-0.923444912255	1.21734472469	-0.294	0.00010018756115	0.0
Outer loop 	75	0.0534667495467	0.0
	 Inner loop 	296.381909548	0.0534667495467	7.98392927291e-16	-0.923444912255	1.21734472469	-0.294	0.00010018756115	0.0
	 Inner loop 	296.381909548	0.0534667495467	-3.11830097334e-16	-0.923444912255	1.21734472469	-0.294	0.00010018756115	0.0
Outer loop 	76	0.0534667495467	0.0
	 Inner loop 	297.386934673	0.0534667495467	7.98392927291e-16	-0.923444912255	1.21734472469	-0.294	0.00010018756115	0.0
	 Inner loop 	297.386934673	0.0534667495467	-3.11830097334e-16	-0.923444912255	1.21734472469	-0.294	0.00010018756115	0.0
Outer loop 	77	0.0534667495467	0.0
	 Inner loop 	298.391959799	0.0534667495467	7.98392927291e-16	-0.923444912255	1.21734472469	-0.294	0.00010018756115	0.0
	 Inner loop 	298.391959799	0.0534667495467	-3.11830097334e-16	-0.923444912255	1.21734472469	-0.294	0.00010018756115	0.0
Outer loop 	78	0.0534667495467	0.0
	 Inner loop 	299.396984925	0.0534667495467	7.98392927291e-16	-0.923444912255	1.21734472469	-0.294	0.00010018756115	0.0
	 Inner loop 	299.396984925	0.0534667495467	-3.11830097334e-16	-0.923444912255	1.21734472469	-0.294	0.00010018756115	0.0
Outer loop 	79	0.0534667495467	0.0
	 Inner loop 	300.40201005	0.0534667495467	7.98392927291e-16	-0.923444912255	1.21734472469	-0.294	0.00010018756115	0.0
	 Inner loop 	300.40201005	0.0534667495467	-3.11830097334e-16	-0.923444912255	1.21734472469	-0.294	0.00010018756115	0.0
Outer loop 	80	0.0534667495467	0.0
	 Inner loop 	301.407035176	0.0534667495467	7.98392927291e-16	-0.923444912255	1.21734472469	-0.294	0.00010018756115	0.0
	 Inner loop 	301.407035176	0.0534667495467	-3.11830097334e-16	-0.923444912255	1.21734472469	-0.294	0.00010018756115	0.0
Outer loop 	81	0.0534667495467	0.0
	 Inner loop 	302.412060302	0.0534667495467	7.98392927291e-16	-0.923444912255	1.21734472469	-0.294	0.00010018756115	0.0
	 Inner loop 	302.412060302	0.0534667495467	-3.11830097334e-16	-0.923444912255	1.21734472469	-0.294	0.00010018756115	0.0
Outer loop 	82	0.0534667495467	0.0
	 Inner loop 	303.417085427	0.0534667495467	7.98392927291e-16	-0.923444912255	1.21734472469	-0.294	0.00010018756115	0.0
	 Inner loop 	303.417085427	0.0534667495467	-3.11830097334e-16	-0.923444912255	1.21734472469	-0.294	0.00010018756115	0.0
Outer loop 	83	0.0534667495467	0.0
	 Inner loop 	304.422110553	0.0534667495467	7.98392927291e-16	-0.923444912255	1.21734472469	-0.294	0.00010018756115	0.0
	 Inner loop 	304.422110553	0.0534667495467	-3.11830097334e-16	-0.923444912255	1.21734472469	-0.294	0.00010018756115	0.0
Outer loop 	84	0.0534667495467	0.0
	 Inner loop 	305.427135678	0.0534667495467	7.98392927291e-16	-0.923444912255	1.21734472469	-0.294	0.00010018756115	0.0
	 Inner loop 	305.427135678	0.0534667495467	-3.11830097334e-16	-0.923444912255	1.21734472469	-0.294	0.00010018756115	0.0
Outer loop 	85	0.0534667495467	0.0
	 Inner loop 	306.432160804	0.0534667495467	7.98392927291e-16	-0.923444912255	1.21734472469	-0.294	0.00010018756115	0.0
	 Inner loop 	306.432160804	0.0534667495467	-3.11830097334e-16	-0.923444912255	1.21734472469	-0.294	0.00010018756115	0.0
Outer loop 	86	0.0534667495467	0.0
	 Inner loop 	307.43718593	0.0534667495467	7.98392927291e-16	-0.923444912255	1.21734472469	-0.294	0.00010018756115	0.0
	 Inner loop 	307.43718593	0.0534667495467	-3.11830097334e-16	-0.923444912255	1.21734472469	-0.294	0.00010018756115	0.0
Outer loop 	87	0.0534667495467	0.0
	 Inner loop 	308.442211055	0.0534667495467	7.98392927291e-16	-0.923444912255	1.21734472469	-0.294	0.00010018756115	0.0
	 Inner loop 	308.442211055	0.0534667495467	-3.11830097334e-16	-0.923444912255	1.21734472469	-0.294	0.00010018756115	0.0
Outer loop 	88	0.0534667495467	0.0
	 Inner loop 	309.447236181	0.0534667495467	7.98392927291e-16	-0.923444912255	1.21734472469	-0.294	0.00010018756115	0.0
	 Inner loop 	309.447236181	0.0534667495467	-3.11830097334e-16	-0.923444912255	1.21734472469	-0.294	0.00010018756115	0.0
Outer loop 	89	0.0534667495467	0.0
	 Inner loop 	310.452261307	0.0534667495467	7.98392927291e-16	-0.923444912255	1.21734472469	-0.294	0.00010018756115	0.0
	 Inner loop 	310.452261307	0.0534667495467	-3.11830097334e-16	-0.923444912255	1.21734472469	-0.294	0.00010018756115	0.0
Outer loop 	90	0.0534667495467	0.0
	 Inner loop 	311.457286432	0.0534667495467	7.98392927291e-16	-0.923444912255	1.21734472469	-0.294	0.00010018756115	0.0
	 Inner loop 	311.457286432	0.0534667495467	-3.11830097334e-16	-0.923444912255	1.21734472469	-0.294	0.00010018756115	0.0
Outer loop 	91	0.0534667495467	0.0
	 Inner loop 	312.462311558	0.0534667495467	7.98392927291e-16	-0.923444912255	1.21734472469	-0.294	0.00010018756115	0.0
	 Inner loop 	312.462311558	0.0534667495467	-3.11830097334e-16	-0.923444912255	1.21734472469	-0.294	0.00010018756115	0.0
Outer loop 	92	0.0534667495467	0.0
	 Inner loop 	313.467336683	0.0534667495467	7.98392927291e-16	-0.923444912255	1.21734472469	-0.294	0.00010018756115	0.0
	 Inner loop 	313.467336683	0.0534667495467	-3.11830097334e-16	-0.923444912255	1.21734472469	-0.294	0.00010018756115	0.0
Outer loop 	93	0.0534667495467	0.0
	 Inner loop 	314.472361809	0.0534667495467	7.98392927291e-16	-0.923444912255	1.21734472469	-0.294	0.00010018756115	0.0
	 Inner loop 	314.472361809	0.0534667495467	-3.11830097334e-16	-0.923444912255	1.21734472469	-0.294	0.00010018756115	0.0
Outer loop 	94	0.0534667495467	0.0
	 Inner loop 	315.477386935	0.0534667495467	7.98392927291e-16	-0.923444912255	1.21734472469	-0.294	0.00010018756115	0.0
	 Inner loop 	315.477386935	0.0534667495467	-3.11830097334e-16	-0.923444912255	1.21734472469	-0.294	0.00010018756115	0.0
Outer loop 	95	0.0534667495467	0.0
	 Inner loop 	316.48241206	0.0534667495467	7.98392927291e-16	-0.923444912255	1.21734472469	-0.294	0.00010018756115	0.0
	 Inner loop 	316.48241206	0.0534667495467	-3.11830097334e-16	-0.923444912255	1.21734472469	-0.294	0.00010018756115	0.0
Outer loop 	96	0.0534667495467	0.0
	 Inner loop 	317.487437186	0.0534667424003	-9.89896633975e-07	-0.923445902151	1.21734472469	-0.294	0.00010018756115	0.0
	 Inner loop 	317.487437186	0.0534667463771	5.50863799155e-07	-0.923445246249	1.21734517763	-0.294	0.000100619484859	-1.66112497272e-07
	 Inner loop 	317.487437186	0.0534667449553	5.67995493304e-14	-0.923445480752	1.21734501569	-0.294	0.00010046506042	-1.06722774808e-07
	 Inner loop 	317.487437186	0.0534667449553	-2.11062856645e-14	-0.923445480752	1.21734501569	-0.294	0.000100465060403	-1.0672276833e-07
Outer loop 	97	0.0534667449553	-1.06722764011e-07
	 Inner loop 	318.492462312	0.0534667475109	9.89979185665e-07	-0.923445059271	1.21734530669	-0.294	0.0001007425596	-2.13445515065e-07
	 Inner loop 	318.492462312	0.0534667435328	-5.5103734052e-07	-0.923445715355	1.21734485372	-0.294	0.000100310600114	-4.7319258164e-08
	 Inner loop 	318.492462312	0.0534667449553	6.25930920593e-14	-0.923445480752	1.21734501569	-0.294	0.00010046506042	-1.06722774814e-07
	 Inner loop 	318.492462312	0.0534667449553	-2.82598380461e-14	-0.923445480752	1.21734501569	-0.294	0.000100465060398	-1.06722766177e-07
Outer loop 	98	0.0534667449553	-1.06722768336e-07
	 Inner loop 	319.497487437	0.0534667449553	2.21858935303e-15	-0.923445480752	1.21734501569	-0.294	0.000100465060403	-1.06722768336e-07
	 Inner loop 	319.497487437	0.0534667449553	-1.85669622038e-18	-0.923445480752	1.21734501569	-0.294	0.000100465060403	-1.06722768336e-07
Outer loop 	99	0.0534667449553	-1.06722768336e-07
	 Inner loop 	320.502512563	0.0534667449553	2.21858935303e-15	-0.923445480752	1.21734501569	-0.294	0.000100465060403	-1.06722768336e-07
	 Inner loop 	320.502512563	0.0534667449553	-1.85669622038e-18	-0.923445480752	1.21734501569	-0.294	0.000100465060403	-1.06722768336e-07
Outer loop 	100	0.0534667449553	-1.06722768336e-07
	 Inner loop 	321.507537688	0.0534667449553	-1.85669622038e-18	-0.923445480752	1.21734501569	-0.294	0.000100465060403	-1.06722768336e-07
	 Inner loop 	321.507537688	0.0534667449553	-1.85669622038e-18	-0.923445480752	1.21734501569	-0.294	0.000100465060403	-1.06722768336e-07
Outer loop 	101	0.0534667449553	-1.06722768336e-07
	 Inner loop 	322.512562814	0.0534667449553	-1.85669622038e-18	-0.923445480752	1.21734501569	-0.294	0.000100465060403	-1.06722768336e-07
	 Inner loop 	322.512562814	0.0534667449553	-1.85669622038e-18	-0.923445480752	1.21734501569	-0.294	0.000100465060403	-1.06722768336e-07
Outer loop 	102	0.0534667449553	-1.06722768336e-07
	 Inner loop 	323.51758794	0.0534667449553	-1.85669622038e-18	-0.923445480752	1.21734501569	-0.294	0.000100465060403	-1.06722768336e-07
	 Inner loop 	323.51758794	0.0534667449553	-1.85669622038e-18	-0.923445480752	1.21734501569	-0.294	0.000100465060403	-1.06722768336e-07
Outer loop 	103	0.0534667449553	-1.06722768336e-07
	 Inner loop 	324.522613065	0.0534667449553	-1.85669622038e-18	-0.923445480752	1.21734501569	-0.294	0.000100465060403	-1.06722768336e-07
	 Inner loop 	324.522613065	0.0534667449553	-1.85669622038e-18	-0.923445480752	1.21734501569	-0.294	0.000100465060403	-1.06722768336e-07
Outer loop 	104	0.0534667449553	-1.06722768336e-07
	 Inner loop 	325.527638191	0.0534667449553	-1.85669622038e-18	-0.923445480752	1.21734501569	-0.294	0.000100465060403	-1.06722768336e-07
	 Inner loop 	325.527638191	0.0534667449553	-1.85669622038e-18	-0.923445480752	1.21734501569	-0.294	0.000100465060403	-1.06722768336e-07
Outer loop 	105	0.0534667449553	-1.06722768336e-07
	 Inner loop 	326.532663317	0.0534667449553	-1.85669622038e-18	-0.923445480752	1.21734501569	-0.294	0.000100465060403	-1.06722768336e-07
	 Inner loop 	326.532663317	0.0534667449553	-1.85669622038e-18	-0.923445480752	1.21734501569	-0.294	0.000100465060403	-1.06722768336e-07
Outer loop 	106	0.0534667449553	-1.06722768336e-07
	 Inner loop 	327.537688442	0.0534667449553	-1.85669622038e-18	-0.923445480752	1.21734501569	-0.294	0.000100465060403	-1.06722768336e-07
	 Inner loop 	327.537688442	0.0534667449553	-1.85669622038e-18	-0.923445480752	1.21734501569	-0.294	0.000100465060403	-1.06722768336e-07
Outer loop 	107	0.0534667449553	-1.06722768336e-07
	 Inner loop 	328.542713568	0.0534667449553	-1.85669622038e-18	-0.923445480752	1.21734501569	-0.294	0.000100465060403	-1.06722768336e-07
	 Inner loop 	328.542713568	0.0534667449553	-1.85669622038e-18	-0.923445480752	1.21734501569	-0.294	0.000100465060403	-1.06722768336e-07
Outer loop 	108	0.0534667449553	-1.06722768336e-07
	 Inner loop 	329.547738693	0.0534667449553	-1.85669622038e-18	-0.923445480752	1.21734501569	-0.294	0.000100465060403	-1.06722768336e-07
	 Inner loop 	329.547738693	0.0534667449553	-1.85669622038e-18	-0.923445480752	1.21734501569	-0.294	0.000100465060403	-1.06722768336e-07
Outer loop 	109	0.0534667449553	-1.06722768336e-07
	 Inner loop 	330.552763819	0.0534667449553	-1.85669622038e-18	-0.923445480752	1.21734501569	-0.294	0.000100465060403	-1.06722768336e-07
	 Inner loop 	330.552763819	0.0534667449553	-1.85669622038e-18	-0.923445480752	1.21734501569	-0.294	0.000100465060403	-1.06722768336e-07
Outer loop 	110	0.0534667449553	-1.06722768336e-07
	 Inner loop 	331.557788945	0.0534667449553	-1.85669622038e-18	-0.923445480752	1.21734501569	-0.294	0.000100465060403	-1.06722768336e-07
	 Inner loop 	331.557788945	0.0534667449553	-1.85669622038e-18	-0.923445480752	1.21734501569	-0.294	0.000100465060403	-1.06722768336e-07
Outer loop 	111	0.0534667449553	-1.06722768336e-07
	 Inner loop 	332.56281407	0.0534667449553	-1.85669622038e-18	-0.923445480752	1.21734501569	-0.294	0.000100465060403	-1.06722768336e-07
	 Inner loop 	332.56281407	0.0534667449553	-1.85669622038e-18	-0.923445480752	1.21734501569	-0.294	0.000100465060403	-1.06722768336e-07
Outer loop 	112	0.0534667449553	-1.06722768336e-07
	 Inner loop 	333.567839196	0.0534667449553	-1.85669622038e-18	-0.923445480752	1.21734501569	-0.294	0.000100465060403	-1.06722768336e-07
	 Inner loop 	333.567839196	0.0534667449553	-1.85669622038e-18	-0.923445480752	1.21734501569	-0.294	0.000100465060403	-1.06722768336e-07
Outer loop 	113	0.0534667449553	-1.06722768336e-07
	 Inner loop 	334.572864322	0.0534667449553	-1.85669622038e-18	-0.923445480752	1.21734501569	-0.294	0.000100465060403	-1.06722768336e-07
	 Inner loop 	334.572864322	0.0534667449553	-1.85669622038e-18	-0.923445480752	1.21734501569	-0.294	0.000100465060403	-1.06722768336e-07
Outer loop 	114	0.0534667449553	-1.06722768336e-07
	 Inner loop 	335.577889447	0.0534667449553	-1.85669622038e-18	-0.923445480752	1.21734501569	-0.294	0.000100465060403	-1.06722768336e-07
	 Inner loop 	335.577889447	0.0534667449553	-1.85669622038e-18	-0.923445480752	1.21734501569	-0.294	0.000100465060403	-1.06722768336e-07
Outer loop 	115	0.0534667449553	-1.06722768336e-07
	 Inner loop 	336.582914573	0.053465385987	-0.000188239894888	-0.923633720647	1.21734501569	-0.294	0.000100465060403	-1.06722768336e-07
	 Inner loop 	336.582914573	0.0534661402756	0.000104488800898	-0.92350925182	1.21743114315	-0.293999999852	0.000182597326557	-3.16937728909e-05
	 Inner loop 	336.582914573	0.0534658710639	2.47643269351e-09	-0.923553682182	1.21740040224	-0.293999999939	0.000153282356546	-2.04195992873e-05
	 Inner loop 	336.582914573	0.053465871054	-1.37448547932e-09	-0.92355368382	1.21740040111	-0.293999999939	0.0001532812761	-2.04191837611e-05
Outer loop 	116	0.0534658710575	-2.04193320709e-05
	 Inner loop 	337.587939698	0.0534663573883	0.000188431125302	-0.923473449778	1.21745578473	-0.293999999756	0.000206095928233	-4.07310434267e-05
	 Inner loop 	337.587939698	0.0534656003836	-0.000104859907077	-0.923598328229	1.2173695792	-0.293999999988	0.000123889108105	-9.11532077113e-06
	 Inner loop 	337.587939698	0.0534658710638	2.41885135321e-09	-0.923553682205	1.21740040222	-0.293999999939	0.000153282339356	-2.04195926762e-05
	 Inner loop 	337.587939698	0.053465871054	-1.34617828403e-09	-0.923553683808	1.21740040112	-0.293999999939	0.000153281284041	-2.04191868151e-05
Outer loop 	117	0.0534658710575	-2.04193319291e-05
	 Inner loop 	338.592964824	0.0534658710575	-1.35385357981e-12	-0.923553683235	1.21740040151	-0.293999999939	0.000153281660983	-2.04193317823e-05
	 Inner loop 	338.592964824	0.0534658710575	7.50913871014e-13	-0.923553683234	1.21740040151	-0.293999999939	0.000153281661572	-2.0419332009e-05
Outer loop 	118	0.0534658710575	-2.04193319334e-05
	 Inner loop 	339.59798995	0.0534658710575	1.65450335723e-14	-0.923553683235	1.21740040151	-0.293999999939	0.00015328166137	-2.04193319313e-05
	 Inner loop 	339.59798995	0.0534658710575	-7.27204212646e-15	-0.923553683235	1.21740040151	-0.293999999939	0.000153281661364	-2.04193319291e-05
Outer loop 	119	0.0534658710575	-2.04193319334e-05
	 Inner loop 	340.603015075	0.0534658710575	-1.56621406382e-14	-0.923553683235	1.21740040151	-0.293999999939	0.000153281661359	-2.04193319269e-05
	 Inner loop 	340.603015075	0.0534658710575	2.17205539579e-14	-0.923553683235	1.21740040151	-0.293999999939	0.000153281661376	-2.04193319334e-05
Outer loop 	120	0.0534658710575	-2.04193319313e-05
	 Inner loop 	341.608040201	0.0534658710575	1.41710373904e-14	-0.923553683235	1.21740040151	-0.293999999939	0.000153281661376	-2.04193319334e-05
	 Inner loop 	341.608040201	0.0534658710575	-2.25455233909e-14	-0.923553683235	1.21740040151	-0.293999999939	0.000153281661359	-2.04193319269e-05
Outer loop 	121	0.0534658710575	-2.04193319291e-05
	 Inner loop 	342.613065327	0.0534658710575	-1.10468004102e-14	-0.923553683235	1.21740040151	-0.293999999939	0.000153281661364	-2.04193319291e-05
	 Inner loop 	342.613065327	0.0534658710575	1.51702381126e-14	-0.923553683235	1.21740040151	-0.293999999939	0.000153281661376	-2.04193319334e-05
Outer loop 	122	0.0534658710575	-2.04193319269e-05
	 Inner loop 	343.618090452	0.0534606035927	-0.000729664457745	-0.924283347692	1.21740040151	-0.293999999939	0.000153281661364	-2.04193319291e-05
	 Inner loop 	343.618090452	0.0534634643888	0.000396391322203	-0.923809386099	1.21773418736	-0.293999997001	0.000471587060928	-0.000142835637739
	 Inner loop 	343.618090452	0.0534624578829	5.13323074451e-08	-0.923976237098	1.21761671996	-0.293999998537	0.000359567004864	-9.97541145891e-05
	 Inner loop 	343.618090452	0.0534624576817	-2.78742402106e-08	-0.923976270439	1.21761669649	-0.293999998537	0.00035954461665	-9.974550436e-05
Outer loop 	123	0.0534624577525	-9.97485344557e-05
	 Inner loop 	344.623115578	0.053464355972	0.000736021769278	-0.923662738986	1.21783296831	-0.293999995287	0.000565787729823	-0.000179064045761
	 Inner loop 	344.623115578	0.0534614016967	-0.00040926611507	-0.924150529695	1.21749641831	-0.293999999545	0.00024484481252	-5.56333833656e-05
	 Inner loop 	344.623115578	0.0534624578487	3.68462446972e-08	-0.923976242877	1.21761671551	-0.293999998537	0.000359562754569	-9.97524799784e-05
	 Inner loop 	344.623115578	0.0534624577007	-2.0496225737e-08	-0.923976267297	1.21761669865	-0.293999998537	0.000359546684331	-9.97462995642e-05
Outer loop 	124	0.0534624577536	-9.97485086642e-05
	 Inner loop 	345.628140704	0.0534559503761	-0.000901576535224	-0.924877834966	1.21761670461	-0.293999998537	0.000359552361334	-9.97484828692e-05
	 Inner loop 	345.628140704	0.0534593616211	0.000472772592091	-0.924308911765	1.21802897129	-0.293999990743	0.000752703808391	-0.000250949649543
	 Inner loop 	345.628140704	0.0534581892443	1.14950190324e-07	-0.924504594819	1.21788719946	-0.293999994181	0.000617504486225	-0.000198953668355
	 Inner loop 	345.628140704	0.0534581888096	-6.02380203986e-08	-0.924504667343	1.21788714691	-0.293999994182	0.000617454373171	-0.000198934395497
	 Inner loop 	345.628140704	0.053458188959	1.50379925526e-14	-0.924504642406	1.21788716498	-0.293999994182	0.000617471604429	-0.000198941022425
	 Inner loop 	345.628140704	0.053458188959	-2.61675446936e-14	-0.924504642406	1.21788716498	-0.293999994182	0.000617471604406	-0.000198941022416
Outer loop 	125	0.053458188959	-0.000198941022414
	 Inner loop 	346.633165829	0.0534541011416	2.5084634869e-05	-0.925007826848	1.21815756328	-0.293999986936	0.000875335137234	-0.000298112136494
	 Inner loop 	346.633165829	0.0534540097227	-1.26711549666e-05	-0.925023188795	1.2181461009	-0.293999987302	0.000864404042297	-0.00029390817306
	 Inner loop 	346.633165829	0.0534540404046	1.1421755707e-10	-0.925018033153	1.21814994781	-0.29399998718	0.000868072641483	-0.000295319070772
	 Inner loop 	346.633165829	0.0534540404042	-5.77054696345e-11	-0.925018033223	1.21814994775	-0.29399998718	0.000868072591705	-0.000295319051628
Outer loop 	126	0.0534540404044	-0.000295319058057
	 Inner loop 	347.638190955	0.0534461963192	-0.000512329185082	-0.926043644862	1.21841267203	-0.293999977449	0.00111862109441	-0.000391676895917
	 Inner loop 	347.638190955	0.0534479555568	0.000243937083894	-0.92574451922	1.21864665742	-0.293999966484	0.00134176536762	-0.000477495413689
	 Inner loop 	347.638190955	0.0534473886191	6.1083790983e-08	-0.925840970475	1.21857119899	-0.293999970256	0.00126980282521	-0.000449819513087
	 Inner loop 	347.638190955	0.0534473884094	-2.90667841907e-08	-0.92584100613	1.2185711711	-0.293999970258	0.0012697762245	-0.000449809282786
Outer loop 	127	0.053447388477	-0.000449812581293
	 Inner loop 	348.64321608	0.0534351010936	-0.000781631501052	-0.927445309379	1.21899226209	-0.293999946327	0.00167136211337	-0.000604254231089
	 Inner loop 	348.64321608	0.0534375424424	0.000338708619011	-0.927021722018	1.21934888166	-0.293999920575	0.00201146954847	-0.000735055329155
	 Inner loop 	348.64321608	0.053436805765	1.74932664787e-07	-0.9271496716	1.21924109882	-0.293999928889	0.00190867660407	-0.000695522438623
	 Inner loop 	348.64321608	0.0534368052193	-7.57097160361e-08	-0.927149766346	1.21924101903	-0.293999928895	0.00190860050585	-0.000695493172193
	 Inner loop 	348.64321608	0.0534368053841	2.17122327062e-15	-0.927149737727	1.21924104313	-0.293999928893	0.00190862349228	-0.000695502012489
	 Inner loop 	348.64321608	0.0534368053841	7.33137509035e-15	-0.927149737727	1.21924104313	-0.293999928893	0.00190862349229	-0.000695502012491
Outer loop 	128	0.0534368053841	-0.000695502012491
	 Inner loop 	349.648241206	0.0534180943355	-0.00112816356707	-0.929585941393	1.2199105263	-0.293999869818	0.00254712134455	-0.000941060361326
	 Inner loop 	349.648241206	0.0534211391896	0.000422799966057	-0.929039093468	1.22042444075	-0.293999812441	0.00303726512531	-0.00112956357565
	 Inner loop 	349.648241206	0.0534203123655	4.12426655332e-07	-0.929187876838	1.2202844091	-0.29399982911	0.00290370927049	-0.00107819965161
	 Inner loop 	349.648241206	0.0534203112552	-1.54155914727e-07	-0.929188076486	1.22028422131	-0.293999829132	0.00290353015693	-0.00107813076676
	 Inner loop 	349.648241206	0.0534203115573	6.58774250428e-14	-0.929188022166	1.2202842724	-0.293999829126	0.0029035788902	-0.00107814950897
	 Inner loop 	349.648241206	0.0534203115573	-3.98400930302e-14	-0.929188022166	1.2202842724	-0.293999829126	0.00290357889016	-0.00107814950895
Outer loop 	129	0.0534203115573	-0.00107814950896
	 Inner loop 	350.653266332	0.0533928513838	-0.00152384997022	-0.932748453442	1.22132658135	-0.293999686449	0.0038977085749	-0.00146047944639
	 Inner loop 	350.653266332	0.0533961497447	0.000458582606275	-0.932119154062	1.22201907914	-0.293999567889	0.00455822542106	-0.00171450602697
	 Inner loop 	350.653266332	0.0533953924786	7.50449781883e-07	-0.932264174303	1.22185899218	-0.293999596983	0.00440552955782	-0.00165578109326
	 Inner loop 	350.653266332	0.053395390863	-2.24597921557e-07	-0.932264483355	1.22185865134	-0.293999597044	0.00440520445914	-0.00165565606434
	 Inner loop 	350.653266332	0.0533953912351	1.88483777197e-13	-0.932264412167	1.22185872985	-0.29399959703	0.00440527934421	-0.00165568486421
	 Inner loop 	350.653266332	0.0533953912351	-5.05541788987e-14	-0.932264412167	1.22185872985	-0.29399959703	0.00440527934413	-0.00165568486418
Outer loop 	130	0.0533953912351	-0.00165568486418
	 Inner loop 	351.658291457	0.0533567313942	-0.00191239739817	-0.937249326784	1.22343109443	-0.293999267345	0.00590510230282	-0.00223249815803
	 Inner loop 	351.658291457	0.0533596936706	0.000412601434835	-0.936616672471	1.22429710653	-0.293999043976	0.00673121134966	-0.00255020944363
	 Inner loop 	351.658291457	0.0533591753634	9.87461181571e-07	-0.936728212991	1.22414355441	-0.293999085747	0.00658473178719	-0.00249387522204
	 Inner loop 	351.658291457	0.0533591738509	-2.10646900845e-07	-0.93672853795	1.22414310761	-0.293999085867	0.00658430556369	-0.00249371130177
	 Inner loop 	351.658291457	0.0533591741169	2.55824875173e-13	-0.936728480817	1.22414318616	-0.293999085846	0.00658438050075	-0.00249374012163
	 Inner loop 	351.658291457	0.0533591741169	-5.64964741656e-14	-0.936728480817	1.22414318616	-0.293999085846	0.00658438050064	-0.00249374012159
Outer loop 	131	0.0533591741169	-0.0024937401216
	 Inner loop 	352.663316583	0.0533070165686	-0.0022240120437	-0.943408427668	1.22642324652	-0.29399836966	0.0087595387618	-0.00333027899039
	 Inner loop 	352.663316583	0.053309018158	0.000279483796832	-0.942863579685	1.2274253945	-0.293997989757	0.00971565873898	-0.00369799086608
	 Inner loop 	352.663316583	0.0533088009427	8.48815175552e-07	-0.942923787871	1.22731363802	-0.293998034093	0.00960903275908	-0.00365698383767
	 Inner loop 	352.663316583	0.0533088001975	-1.04045863357e-07	-0.942923993954	1.22731325594	-0.293998034244	0.00960866821631	-0.00365684363904
	 Inner loop 	352.663316583	0.0533088002788	1.18906620661e-13	-0.942923971451	1.22731329766	-0.293998034227	0.00960870802188	-0.00365685894777
	 Inner loop 	352.663316583	0.0533088002788	-7.60329299521e-15	-0.942923971451	1.22731329766	-0.293998034227	0.00960870802184	-0.00365685894776
Outer loop 	132	0.0533088002788	-0.00365685894775
	 Inner loop 	353.668341709	0.0532412485437	-0.00240435312294	-0.951508202104	1.23047497003	-0.293996588998	0.012625467945	-0.00481706736964
	 Inner loop 	353.668341709	0.0532418916918	9.00965037443e-05	-0.951117593737	1.23155120849	-0.293996006691	0.0136524884453	-0.00521204670652
	 Inner loop 	353.668341709	0.0532418706543	3.04434190156e-07	-0.951131491044	1.23151238476	-0.293996028495	0.0136154392098	-0.00519779803039
	 Inner loop 	353.668341709	0.0532418705803	-1.03708790288e-08	-0.951131539788	1.23151224866	-0.293996028571	0.0136153093281	-0.00519774807951
	 Inner loop 	353.668341709	0.0532418705827	3.44516082329e-15	-0.951131538182	1.23151225314	-0.293996028568	0.0136153136069	-0.00519774972508
	 Inner loop 	353.668341709	0.0532418705827	1.62734409281e-14	-0.951131538182	1.23151225314	-0.293996028568	0.0136153136069	-0.00519774972509
Outer loop 	133	0.0532418705827	-0.00519774972508
	 Inner loop 	354.673366834	0.0531575906803	-0.00243847633687	-0.961750301396	1.23569646116	-0.293993334931	0.0176086988329	-0.00673355611642
	 Inner loop 	354.673366834	0.0531568314125	-0.000106801670567	-0.96153478685	1.23677874595	-0.293992525204	0.0186417644362	-0.00713086032486
	 Inner loop 	354.673366834	0.0531567941058	-3.60044908589e-07	-0.961525145856	1.2368282522	-0.293992487054	0.0186890206605	-0.00714903448216
	 Inner loop 	354.673366834	0.0531567939852	-1.69673521656e-08	-0.961525114809	1.23682841178	-0.293992486931	0.0186891729881	-0.00714909306547
	 Inner loop 	354.673366834	0.0531567939792	9.82200432098e-15	-0.961525113274	1.23682841968	-0.293992486925	0.0186891805217	-0.00714909596279
	 Inner loop 	354.673366834	0.0531567939792	-1.5595164049e-14	-0.961525113274	1.23682841968	-0.293992486925	0.0186891805217	-0.00714909596278
Outer loop 	134	0.0531567939792	-0.00714909596278
	 Inner loop 	355.67839196	0.0530550685515	-0.00235170919591	-0.974226888355	1.24212106047	-0.293987847513	0.0237419661984	-0.009092334618
	 Inner loop 	355.67839196	0.0530531443327	-0.00027202254189	-0.974167586062	1.24315406193	-0.293986812352	0.0247283139427	-0.00947167171771
	 Inner loop 	355.67839196	0.0530528869	-8.44732351839e-07	-0.974160311793	1.24328898947	-0.293986674014	0.0248571516006	-0.00952122108179
	 Inner loop 	355.67839196	0.0530528861912	-1.00218871108e-07	-0.974160291967	1.24328935999	-0.293986673633	0.0248575053929	-0.00952135714594
	 Inner loop 	355.67839196	0.0530528860958	-8.99419427824e-14	-0.974160289298	1.24328940986	-0.293986673582	0.0248575530169	-0.00952137546152
	 Inner loop 	355.67839196	0.0530528860958	-1.55118973222e-14	-0.974160289298	1.24328940986	-0.293986673582	0.0248575530169	-0.00952137546153
Outer loop 	135	0.0530528860958	-0.00952137546153
	 Inner loop 	356.683417085	0.052933564051	-0.00219022564929	-0.988921801162	1.24971584594	-0.293979247366	0.0309949769394	-0.0118817525233
	 Inner loop 	356.683417085	0.052930825256	-0.000389447378603	-0.988980522542	1.25066626134	-0.293978009825	0.0319028236436	-0.0122308990974
	 Inner loop 	356.683417085	0.0529302260288	-1.05948122793e-06	-0.98899373937	1.25087152152	-0.293977737841	0.0320988962049	-0.0123063061708
	 Inner loop 	356.683417085	0.0529302246855	-1.91039049753e-07	-0.988993769141	1.2508719806	-0.293977737231	0.0320993347337	-0.0123064748235
	 Inner loop 	356.683417085	0.05293022439	-2.17534323887e-13	-0.988993775691	1.25087208159	-0.293977737096	0.0320994312008	-0.0123065119236
	 Inner loop 	356.683417085	0.05293022439	-2.99413271954e-14	-0.988993775691	1.25087208159	-0.293977737096	0.0320994312009	-0.0123065119236
Outer loop 	136	0.05293022439	-0.0123065119236
	 Inner loop 	357.688442211	0.0527935887088	-0.00199898065214	-1.00573882775	1.25840746217	-0.293966592425	0.0392989773544	-0.0150753680122
	 Inner loop 	357.688442211	0.0527903608029	-0.000462057140674	-1.00587634342	1.25926295146	-0.293965184404	0.0401165192221	-0.0153897844671
	 Inner loop 	357.688442211	0.0527893837014	-1.07417892627e-06	-1.00591811148	1.25951980588	-0.293964755971	0.0403619873903	-0.0154841884778
	 Inner loop 	357.688442211	0.0527893819518	-2.50491619141e-07	-1.00591818633	1.25952026494	-0.293964755202	0.0403624260997	-0.0154843572
	 Inner loop 	357.688442211	0.0527893814198	-3.19584636532e-13	-1.00591820909	1.25952040454	-0.293964754969	0.0403625595155	-0.01548440851
	 Inner loop 	357.688442211	0.0527893814198	-6.11802275508e-14	-1.00591820909	1.25952040454	-0.293964754969	0.0403625595156	-0.0154844085101
Outer loop 	137	0.0527893814198	-0.0154844085101
	 Inner loop 	358.693467337	0.052636348201	-0.00175684893836	-1.0245395205	1.26810764045	-0.293948919321	0.0486239504387	-0.0186412894455
	 Inner loop 	358.693467337	0.0526330086887	-0.000481560233371	-1.02471926576	1.26884805117	-0.293947416378	0.0493370707297	-0.0189135500833
	 Inner loop 	358.693467337	0.0526317422761	-9.18147651623e-07	-1.02478741356	1.2691273026	-0.293946843858	0.0496060366673	-0.019016238001
	 Inner loop 	358.693467337	0.0526317405209	-2.53144336125e-07	-1.024787508	1.26912768904	-0.293946843063	0.0496064088764	-0.0190163801059
	 Inner loop 	358.693467337	0.0526317398528	-2.36775876683e-13	-1.02478754395	1.26912783615	-0.293946842761	0.0496065505638	-0.0190164342004
	 Inner loop 	358.693467337	0.0526317398528	-5.53238010959e-14	-1.02478754395	1.26912783615	-0.293946842761	0.0496065505639	-0.0190164342005
Outer loop 	138	0.0526317398528	-0.0190164342005
	 Inner loop 	359.698492462	0.0524628956112	-0.00162753856725	-1.04515301043	1.27866044639	-0.29392543391	0.0587904593813	-0.0225227386828
	 Inner loop 	359.698492462	0.0524593799463	-0.000511021252159	-1.04536289309	1.27933506996	-0.29392378143	0.0594405833087	-0.0227709480766
	 Inner loop 	359.698492462	0.0524577661921	-8.5194907052e-07	-1.04545912682	1.27964348702	-0.293923019916	0.0597378077648	-0.0228844247523
	 Inner loop 	359.698492462	0.0524577643444	-2.68641526843e-07	-1.04545923697	1.27964383971	-0.293923019043	0.0597381476582	-0.0228845545195
	 Inner loop 	359.698492462	0.0524577634934	-2.43520481558e-13	-1.0454592877	1.27964400214	-0.293923018641	0.0597383041956	-0.0228846142836
	 Inner loop 	359.698492462	0.0524577634934	-8.24895707296e-14	-1.0454592877	1.27964400214	-0.293923018641	0.0597383041957	-0.0228846142836
Outer loop 	139	0.0524577634934	-0.0228846142836
	 Inner loop 	360.703517588	0.0522736166979	-0.00149034251997	-1.06745660155	1.2900712416	-0.293895036686	0.069790054119	-0.0267222499257
	 Inner loop 	360.703517588	0.0522700673151	-0.000520351862161	-1.06768041004	1.29067809886	-0.29389327434	0.0703752336602	-0.0269456643442
	 Inner loop 	360.703517588	0.0522681594295	-7.55099131292e-07	-1.06780055352	1.29100329802	-0.293892323884	0.0706888242777	-0.0270653894209
	 Inner loop 	360.703517588	0.0522681576258	-2.64483992596e-07	-1.06780066704	1.29100360513	-0.293892322984	0.0706891204186	-0.0270655024839
	 Inner loop 	360.703517588	0.0522681566535	-1.80189196897e-13	-1.06780072824	1.29100377068	-0.293892322499	0.0706892800642	-0.0270655634346
	 Inner loop 	360.703517588	0.0522681566535	-6.26859675279e-14	-1.06780072824	1.29100377068	-0.293892322499	0.0706892800642	-0.0270655634347
Outer loop 	140	0.0522681566535	-0.0270655634347
	 Inner loop 	361.708542714	0.0520692673855	-0.0013726548014	-1.09132426574	1.30226064897	-0.293856813149	0.081547775117	-0.0312112045371
	 Inner loop 	361.708542714	0.0520657363479	-0.000522370986525	-1.09155359923	1.30280914732	-0.293854953286	0.0820770342156	-0.0314132692121
	 Inner loop 	361.708542714	0.0520635639682	-6.68331016987e-07	-1.09169450212	1.30314577623	-0.293853805866	0.0824018634265	-0.0315372850468
	 Inner loop 	361.708542714	0.0520635622452	-2.54964249727e-07	-1.09169461383	1.30314604299	-0.293853804955	0.0824021208309	-0.0315373833207
	 Inner loop 	361.708542714	0.0520635611824	-1.33074107289e-13	-1.09169468272	1.30314620752	-0.293853804394	0.0824022795977	-0.0315374439359
	 Inner loop 	361.708542714	0.0520635611824	-5.47756284774e-14	-1.09169468272	1.30314620752	-0.293853804394	0.0824022795977	-0.0315374439359
Outer loop 	141	0.0520635611824	-0.0315374439359
	 Inner loop 	362.713567839	0.0518504022909	-0.00127847303231	-1.11665141605	1.31517212344	-0.293809832458	0.0940106520335	-0.0359693790861
	 Inner loop 	362.713567839	0.0518469015052	-0.000522841096791	-1.11688223226	1.31567297908	-0.293807875239	0.0944942873192	-0.0361540251452
	 Inner loop 	362.713567839	0.0518444767125	-6.00201887552e-07	-1.11704190042	1.3160192021	-0.293806516398	0.0948286145119	-0.0362816671936
	 Inner loop 	362.713567839	0.0518444750661	-2.45940288551e-07	-1.11704200877	1.31601943698	-0.293806515474	0.0948288413223	-0.0362817537871
	 Inner loop 	362.713567839	0.0518444739232	-1.16906484493e-13	-1.11704208399	1.31601960004	-0.293806514833	0.0948289987816	-0.0362818139031
	 Inner loop 	362.713567839	0.0518444739232	-3.78030939885e-14	-1.11704208399	1.31601960004	-0.293806514833	0.0948289987816	-0.0362818139031
Outer loop 	142	0.0518444739232	-0.0362818139031
	 Inner loop 	363.718592965	0.0516174001617	-0.00120425075974	-1.14335363586	1.32876321682	-0.293753147573	0.107139315854	-0.0409817429623
	 Inner loop 	363.718592965	0.0516139277215	-0.000523770467675	-1.14358395872	1.32922536233	-0.293751089511	0.107585915433	-0.04115224924
	 Inner loop 	363.718592965	0.0516112529127	-5.48558732036e-07	-1.14376116104	1.32958075362	-0.293749501009	0.107929359877	-0.0412833721441
	 Inner loop 	363.718592965	0.0516112513288	-2.38972787045e-07	-1.14376126592	1.32958096391	-0.293749500067	0.107929563104	-0.0412834497336
	 Inner loop 	363.718592965	0.0516112501062	-9.78661596207e-14	-1.14376134688	1.32958112624	-0.29374949934	0.107929719977	-0.0412835096258
	 Inner loop 	363.718592965	0.0516112501062	-2.49383846906e-14	-1.14376134688	1.32958112624	-0.29374949934	0.107929719977	-0.0412835096258
Outer loop 	143	0.0516112501062	-0.0412835096258
	 Inner loop 	364.72361809	0.0513705009879	-0.00114644936355	-1.17136326733	1.34299998806	-0.293685798583	0.120902628492	-0.0462364080245
	 Inner loop 	364.72361809	0.051367048508	-0.000526134267712	-1.17159227286	1.34343063874	-0.293683634046	0.121319133898	-0.0463954247132
	 Inner loop 	364.72361809	0.0513641185358	-5.10348863336e-07	-1.17178639902	1.34379558317	-0.293681793907	0.121672099411	-0.0465301826452
	 Inner loop 	364.72361809	0.0513641169973	-2.34530027052e-07	-1.17178650091	1.34379577468	-0.29368179294	0.121672284637	-0.0465302533625
	 Inner loop 	364.72361809	0.051364115689	-9.30228116758e-14	-1.17178658754	1.34379593752	-0.293681792117	0.121672442136	-0.0465303134937
	 Inner loop 	364.72361809	0.051364115689	-3.47222250952e-14	-1.17178658754	1.34379593752	-0.293681792117	0.121672442136	-0.0465303134937
Outer loop 	144	0.051364115689	-0.0465303134937
	 Inner loop 	365.728643216	0.0511093191372	-0.00117975526442	-1.20062692286	1.35785552366	-0.29360680659	0.135198450516	-0.0517240903624
	 Inner loop 	365.728643216	0.0511056131151	-0.000570799911994	-1.20087045657	1.3582889966	-0.293604367792	0.135615027856	-0.0518842886193
	 Inner loop 	365.728643216	0.0511021377437	-5.59203125555e-07	-1.20109857257	1.35869493592	-0.293602077015	0.136005154459	-0.0520343150266
	 Inner loop 	365.728643216	0.0511021359854	-2.70894911031e-07	-1.20109868792	1.35869514117	-0.293602075855	0.136005351711	-0.0520343908816
	 Inner loop 	365.728643216	0.0511021343332	-1.36751721058e-13	-1.2010987963	1.35869533401	-0.293602074765	0.13600553705	-0.0520344621551
	 Inner loop 	365.728643216	0.0511021343332	-5.19306819768e-14	-1.2010987963	1.35869533402	-0.293602074765	0.13600553705	-0.0520344621551
Outer loop 	145	0.0511021343332	-0.0520344621551
	 Inner loop 	366.733668342	0.0508331379919	-0.00109205425127	-1.23117218144	1.37342589389	-0.293514435912	0.150168669212	-0.057481011613
	 Inner loop 	366.733668342	0.0508295978674	-0.000551258730927	-1.23140323178	1.37381805799	-0.293511982637	0.150545897696	-0.0576260779423
	 Inner loop 	366.733668342	0.0508259881123	-4.89340589688e-07	-1.23163858321	1.37421746709	-0.293509477631	0.150930104408	-0.0577738278068
	 Inner loop 	366.733668342	0.0508259865248	-2.47270153797e-07	-1.23163868666	1.37421764264	-0.293509476528	0.150930273277	-0.0577738927466
	 Inner loop 	366.733668342	0.0508259849032	-1.33476563136e-13	-1.23163879233	1.37421782196	-0.293509475402	0.150930445772	-0.0577739590813
	 Inner loop 	366.733668342	0.0508259849032	-5.75650638268e-14	-1.23163879233	1.37421782196	-0.293509475402	0.150930445772	-0.0577739590813
Outer loop 	146	0.0508259849032	-0.0577739590814
	 Inner loop 	367.738693467	0.0505431811373	-0.00104763252998	-1.26289285246	1.38955891503	-0.29340835988	0.165694664776	-0.0634516614488
	 Inner loop 	367.738693467	0.050539691705	-0.000549502451008	-1.26311857964	1.38992639853	-0.293405820511	0.166048499166	-0.0635877313861
	 Inner loop 	367.738693467	0.0505358415529	-4.5901464743e-07	-1.26336740079	1.39033144571	-0.29340301521	0.166438511278	-0.0637377137652
	 Inner loop 	367.738693467	0.0505358400231	-2.40978147853e-07	-1.26336749961	1.39033160656	-0.293403014095	0.166438666163	-0.0637377733273
	 Inner loop 	367.738693467	0.0505358383323	-9.72555369572e-14	-1.26336760882	1.39033178434	-0.293403012862	0.166438837344	-0.0637378391565
	 Inner loop 	367.738693467	0.0505358383323	-4.94604357471e-14	-1.26336760882	1.39033178434	-0.293403012862	0.166438837344	-0.0637378391565
Outer loop 	147	0.0505358383323	-0.0637378391565
	 Inner loop 	368.743718593	0.0502392301401	-0.0010290545825	-1.29576997756	1.40625227838	-0.293287461438	0.181776106036	-0.0696359125148
	 Inner loop 	368.743718593	0.0502357212086	-0.000558954547508	-1.29599461424	1.40660467845	-0.293284786922	0.182115768165	-0.069766532392
	 Inner loop 	368.743718593	0.0502315484205	-4.50591547546e-07	-1.29626150345	1.40702334476	-0.293281602902	0.182519310994	-0.0699217181204
	 Inner loop 	368.743718593	0.0502315468832	-2.44946123745e-07	-1.29626160172	1.40702349892	-0.293281601728	0.182519459583	-0.0699217752614
	 Inner loop 	368.743718593	0.0502315450522	-8.42381719934e-14	-1.29626171877	1.40702368253	-0.29328160033	0.182519636569	-0.0699218433226
	 Inner loop 	368.743718593	0.0502315450522	-3.27515792264e-14	-1.29626171877	1.40702368253	-0.29328160033	0.182519636569	-0.0699218433226
Outer loop 	148	0.0502315450522	-0.0699218433226
	 Inner loop 	369.748743719	0.0499209467435	-0.0010159648011	-1.32979462134	1.42351015518	-0.29315053086	0.19841903222	-0.0760360872462
	 Inner loop 	369.748743719	0.0499174111811	-0.000569835702577	-1.3300183566	1.42384963663	-0.293147715265	0.198746599538	-0.0761620559642
	 Inner loop 	369.748743719	0.0499128948363	-4.46075596877e-07	-1.33030390382	1.42428290251	-0.293144114994	0.19916467023	-0.0763228285019
	 Inner loop 	369.748743719	0.0499128932833	-2.50377431787e-07	-1.33030400196	1.42428305142	-0.293144113755	0.19916481392	-0.0763228837591
	 Inner loop 	369.748743719	0.0499128912964	-6.28386231938e-14	-1.33030412752	1.42428324193	-0.293144112171	0.199164997758	-0.0763229544556
	 Inner loop 	369.748743719	0.0499128912964	-5.25968157916e-14	-1.33030412752	1.42428324193	-0.293144112171	0.199164997758	-0.0763229544556
Outer loop 	149	0.0499128912964	-0.0763229544556
	 Inner loop 	370.753768844	0.0495883367385	-0.000962259794281	-1.36495514418	1.44132548905	-0.292996401567	0.2156637969	-0.0826503961818
	 Inner loop 	370.753768844	0.0495849380414	-0.000554350552044	-1.36516815854	1.44163907476	-0.292993572101	0.21596830533	-0.0827668896084
	 Inner loop 	370.753768844	0.0495803190011	-4.03056148846e-07	-1.36545742186	1.44206491413	-0.292989723319	0.216381827993	-0.0829250877643
	 Inner loop 	370.753768844	0.049580317577	-2.32344830015e-07	-1.365457511	1.44206504536	-0.292989722132	0.216381955428	-0.0829251365163
	 Inner loop 	370.753768844	0.0495803156388	-6.93334278878e-14	-1.36545763232	1.44206522396	-0.292989720516	0.216382128873	-0.0829252028696
	 Inner loop 	370.753768844	0.0495803156388	-4.23827639651e-14	-1.36545763232	1.44206522396	-0.292989720516	0.216382128873	-0.0829252028697
Outer loop 	150	0.0495803156388	-0.0829252028697
	 Inner loop 	371.75879397	0.0492419252595	-0.000959770473632	-1.40119241919	1.45961899278	-0.292824586593	0.233438242534	-0.0894502279059
	 Inner loop 	371.75879397	0.0492384826384	-0.000568348499564	-1.4014053619	1.45992391984	-0.292821606101	0.233734699655	-0.0895636412058
	 Inner loop 	371.75879397	0.0492334839159	-4.0594270348e-07	-1.40171431209	1.46036633981	-0.292817274888	0.234164841232	-0.0897281971309
	 Inner loop 	371.75879397	0.0492334824594	-2.40527665729e-07	-1.40171440207	1.46036646866	-0.292817273626	0.23416496651	-0.0897282450577
	 Inner loop 	371.75879397	0.0492334803415	-8.76521077942e-14	-1.40171453291	1.46036665602	-0.29281727179	0.234165148676	-0.0897283147473
	 Inner loop 	371.75879397	0.0492334803415	-5.51225731726e-14	-1.40171453291	1.46036665602	-0.29281727179	0.234165148676	-0.0897283147473
Outer loop 	151	0.0492334803415	-0.0897283147473
	 Inner loop 	372.763819095	0.0488806837541	-0.000996116730554	-1.43852853802	1.47842893591	-0.29263355856	0.251737043932	-0.0964506583457
	 Inner loop 	372.763819095	0.0488770628591	-0.00060516346805	-1.43874946864	1.47873734456	-0.292630304837	0.252037265453	-0.0965655117628
	 Inner loop 	372.763819095	0.0488714582213	-4.41936528262e-07	-1.43909116487	1.4792143586	-0.292625264583	0.25250162892	-0.0967431596906
	 Inner loop 	372.763819095	0.0488714566144	-2.6863636432e-07	-1.43909126279	1.4792144953	-0.292625263137	0.252501761994	-0.0967432105996
	 Inner loop 	372.763819095	0.0488714541236	-1.05193631583e-13	-1.43909141457	1.4792147072	-0.292625260896	0.252501968274	-0.0967432895148
	 Inner loop 	372.763819095	0.0488714541236	-5.14033260401e-14	-1.43909141457	1.4792147072	-0.292625260896	0.252501968274	-0.0967432895148
Outer loop 	152	0.0488714541236	-0.0967432895148
	 Inner loop 	373.768844221	0.0485035415109	-0.000995947894106	-1.47700410754	1.49781184696	-0.292421424014	0.270617736699	-0.10367369845
	 Inner loop 	373.768844221	0.0484998795717	-0.000619700291462	-1.47722440526	1.49811220668	-0.292418014371	0.27091051266	-0.103785703477
	 Inner loop 	373.768844221	0.0484938485879	-4.45758944034e-07	-1.47758693954	1.49860652515	-0.292412394793	0.271392363425	-0.103970041385
	 Inner loop 	373.768844221	0.0484938469486	-2.77504072999e-07	-1.47758703804	1.49860665946	-0.292412393265	0.271392494343	-0.10397009147
	 Inner loop 	373.768844221	0.0484938442448	-8.18234369149e-14	-1.47758720049	1.49860688096	-0.292412390745	0.271392710268	-0.103970174074
	 Inner loop 	373.768844221	0.0484938442448	-6.93889390391e-14	-1.47758720049	1.49860688096	-0.292412390745	0.271392710268	-0.103970174074
Outer loop 	153	0.0484938442448	-0.103970174074
	 Inner loop 	374.773869347	0.0481104061961	-0.000998639977943	-1.51659921092	1.51773632999	-0.292187129986	0.290051370938	-0.111108703832
	 Inner loop 	374.773869347	0.048106681437	-0.000638344523267	-1.51681905541	1.51802957354	-0.292183558516	0.290334695864	-0.111218208438
	 Inner loop 	374.773869347	0.048100082899	-4.56910786983e-07	-1.5172082213	1.51854870689	-0.292177227117	0.290836284617	-0.111412071645
	 Inner loop 	374.773869347	0.0481000811945	-2.92203153951e-07	-1.51720832178	1.51854884093	-0.292177225481	0.290836414127	-0.1114121217
	 Inner loop 	374.773869347	0.0481000781707	-9.20374887414e-14	-1.51720850003	1.51854907872	-0.292177222578	0.290836643887	-0.111412210502
	 Inner loop 	374.773869347	0.0481000781707	-5.77871084317e-14	-1.51720850003	1.51854907872	-0.292177222578	0.290836643887	-0.111412210502
Outer loop 	154	0.0481000781707	-0.111412210502
	 Inner loop 	375.778894472	0.0476994709831	-0.00118731141957	-1.55732779392	1.5382164645	-0.291929085744	0.309853103738	-0.11876204017
	 Inner loop 	375.778894472	0.047695007196	-0.000774877016008	-1.55758743888	1.53855578953	-0.29192466297	0.310181435307	-0.118888939768
	 Inner loop 	375.778894472	0.0476866220272	-6.49219137006e-07	-1.55807474889	1.53919270762	-0.29191634837	0.310797740423	-0.119127140656
	 Inner loop 	375.778894472	0.0476866195861	-4.2392392291e-07	-1.55807489068	1.53919289294	-0.291916345948	0.310797919755	-0.119127209967
	 Inner loop 	375.778894472	0.0476866149928	-1.84019466332e-13	-1.55807515746	1.53919324166	-0.291916341391	0.310798257194	-0.119127340387
	 Inner loop 	375.778894472	0.0476866149928	-1.36501920878e-13	-1.55807515746	1.53919324166	-0.291916341391	0.310798257194	-0.119127340387
Outer loop 	155	0.0476866149928	-0.119127340387
	 Inner loop 	376.783919598	0.0472673993723	-0.00101157091142	-1.5994237042	1.5595461729	-0.291641708389	0.330507668776	-0.12674499473
	 Inner loop 	376.783919598	0.0472635712738	-0.000673289433214	-1.59964298742	1.55982733856	-0.291637792935	0.330780152367	-0.126850309179
	 Inner loop 	376.783919598	0.0472559533471	-4.72943668117e-07	-1.60007904198	1.56038650041	-0.291629996307	0.33132206494	-0.127059757474
	 Inner loop 	376.783919598	0.0472559515572	-3.14916518307e-07	-1.60007914439	1.56038663173	-0.291629994474	0.331322192215	-0.127059806666
	 Inner loop 	376.783919598	0.0472559479903	-9.34807786734e-14	-1.60007934846	1.56038689343	-0.291629990822	0.331322445849	-0.127059904695
	 Inner loop 	376.783919598	0.0472559479903	-5.83422199441e-14	-1.60007934846	1.56038689343	-0.291629990822	0.331322445849	-0.127059904695
Outer loop 	156	0.0472559479903	-0.127059904695
	 Inner loop 	377.788944724	0.0468195779995	-0.0010161843286	-1.64254829851	1.58127697671	-0.29132929761	0.351584435081	-0.134891129369
	 Inner loop 	377.788944724	0.0468157122972	-0.000688922294441	-1.64276636322	1.58155162428	-0.291325222012	0.351851038661	-0.134994171203
	 Inner loop 	377.788944724	0.0468075760666	-4.78113774127e-07	-1.64322499914	1.5821293236	-0.291316638941	0.352411836362	-0.135210918568
	 Inner loop 	377.788944724	0.0468075742477	-3.24262961093e-07	-1.64322510162	1.58212945269	-0.291316637021	0.35241196168	-0.135210967004
	 Inner loop 	377.788944724	0.0468075704141	-1.20237153567e-13	-1.64322531761	1.58212972478	-0.291316632976	0.352412225807	-0.135211069088
	 Inner loop 	377.788944724	0.0468075704141	-7.89368570508e-14	-1.64322531761	1.58212972478	-0.291316632976	0.352412225807	-0.135211069088
Outer loop 	157	0.0468075704141	-0.135211069088
	 Inner loop 	378.793969849	0.0463533335821	-0.00105801967013	-1.68681925916	1.60355655514	-0.290988336894	0.37319302124	-0.143257035206
	 Inner loop 	378.793969849	0.0463492460334	-0.000738219951933	-1.6870436893	1.60383451747	-0.290983950512	0.37345490239	-0.143361500598
	 Inner loop 	378.793969849	0.0463398125825	-5.36296683284e-07	-1.68756125859	1.60447561334	-0.290973821231	0.374058930185	-0.143602449595
	 Inner loop 	378.793969849	0.0463398105106	-3.74332505271e-07	-1.68756137221	1.60447575409	-0.290973819005	0.374059062795	-0.143602502494
	 Inner loop 	378.793969849	0.046339805722	-1.36834987785e-13	-1.6875616348	1.60447607938	-0.290973813861	0.374059369285	-0.143602624754
	 Inner loop 	378.793969849	0.046339805722	-1.14297460385e-13	-1.6875616348	1.60447607938	-0.290973813861	0.374059369285	-0.143602624754
Outer loop 	158	0.046339805722	-0.143602624754
	 Inner loop 	379.798994975	0.04586312854	-0.00163120993787	-1.73232935704	1.62649231305	-0.290615380982	0.394821215038	-0.151884604412
	 Inner loop 	379.798994975	0.0458568119578	-0.00115637444588	-1.73267085487	1.62690867689	-0.290608404044	0.395214207578	-0.152041370639
	 Inner loop 	379.798994975	0.0458414349766	-1.27103348097e-06	-1.73350126651	1.62792132818	-0.290591404433	0.396170071735	-0.152422668506
	 Inner loop 	379.798994975	0.0458414300551	-9.0151900406e-07	-1.73350153208	1.62792165207	-0.290591398988	0.396170377481	-0.152422790469
	 Inner loop 	379.798994975	0.0458414180478	-8.09019518044e-13	-1.73350218001	1.62792244229	-0.290591385706	0.396171123419	-0.152423088026
	 Inner loop 	379.798994975	0.0458414180478	-5.80979708786e-13	-1.73350218001	1.62792244229	-0.290591385706	0.396171123419	-0.152423088026
Outer loop 	159	0.0458414180478	-0.152423088027
	 Inner loop 	380.804020101	0.0453373495136	-0.00105460063068	-1.77985710065	1.65100955666	-0.290191957899	0.417984901261	-0.161124687417
	 Inner loop 	380.804020101	0.0453332608041	-0.000759145982477	-1.78007441503	1.65127070054	-0.290187309699	0.418231878205	-0.161223207464
	 Inner loop 	380.804020101	0.0453227579789	-5.28762305663e-07	-1.78063224541	1.65194112397	-0.290175363216	0.418865955898	-0.16147614348
	 Inner loop 	380.804020101	0.0453227559291	-3.80745764916e-07	-1.78063235423	1.65194125476	-0.290175360883	0.418866079605	-0.161476192828
	 Inner loop 	380.804020101	0.0453227506561	-1.07081010725e-13	-1.78063263415	1.65194159121	-0.290175354883	0.418866397821	-0.161476319765
	 Inner loop 	380.804020101	0.0453227506561	-7.07767178199e-14	-1.78063263415	1.65194159121	-0.290175354883	0.418866397821	-0.161476319765
Outer loop 	160	0.0453227506561	-0.161476319765
	 Inner loop 	381.809045226	0.0447984559252	-0.00105938598828	-1.82815906538	1.6755878905	-0.289741673131	0.441253462018	-0.170406605274
	 Inner loop 	381.809045226	0.0447943476323	-0.000773526054355	-1.82837382111	1.67584245548	-0.289736873708	0.441494713282	-0.170502841326
	 Inner loop 	381.809045226	0.0447832338539	-5.29969674146e-07	-1.82895437622	1.67653072105	-0.289723883584	0.44214700879	-0.170763044498
	 Inner loop 	381.809045226	0.0447832317989	-3.87078913033e-07	-1.82895448352	1.67653084826	-0.289723881181	0.442147129359	-0.170763092594
	 Inner loop 	381.809045226	0.044783226232	-1.27342580925e-13	-1.82895477417	1.67653119287	-0.289723874672	0.442147455969	-0.17076322288
	 Inner loop 	381.809045226	0.044783226232	-8.24340595784e-14	-1.82895477417	1.67653119287	-0.289723874672	0.442147455969	-0.17076322288
Outer loop 	161	0.044783226232	-0.17076322288
	 Inner loop 	382.814070352	0.0442396621374	-0.000771280953358	-1.87765396189	1.70073429597	-0.289254090471	0.465402475437	-0.179923137272
	 Inner loop 	382.814070352	0.0442366923495	-0.000567068419851	-1.87780759856	1.7009140985	-0.28925050584	0.465576937481	-0.179991257268
	 Inner loop 	382.814070352	0.0442284473635	-2.72588622785e-07	-1.87823392823	1.70141308683	-0.289240550436	0.46606111925	-0.180180309621
	 Inner loop 	382.814070352	0.044228446314	-2.0045533744e-07	-1.87823398248	1.70141315033	-0.289240549168	0.466061180865	-0.180180333679
	 Inner loop 	382.814070352	0.0442284433974	-6.30051566475e-14	-1.87823413323	1.70141332678	-0.289240545646	0.466061352092	-0.180180400536
	 Inner loop 	382.814070352	0.0442284433974	-4.29101199018e-14	-1.87823413323	1.70141332678	-0.289240545646	0.466061352092	-0.180180400536
Outer loop 	162	0.0442284433974	-0.180180400536
	 Inner loop 	383.819095477	0.0436692392083	-0.000855938653369	-1.92787254481	1.72590386914	-0.288738665692	0.48985140271	-0.189469401767
	 Inner loop 	383.819095477	0.043665947173	-0.000637378960977	-1.92804002236	1.72609751763	-0.288734593481	0.490039719245	-0.189542931351
	 Inner loop 	383.819095477	0.0436563489703	-3.32345617249e-07	-1.92852805494	1.72666187891	-0.288722716288	0.490588559972	-0.189757230273
	 Inner loop 	383.819095477	0.0436563476922	-2.47533822162e-07	-1.9285281199	1.72666195404	-0.288722714706	0.490588633035	-0.189757258801
	 Inner loop 	383.819095477	0.0436563439619	-4.09117184574e-14	-1.9285283095	1.72666217331	-0.288722710089	0.490588846279	-0.189757342063
	 Inner loop 	383.819095477	0.0436563439619	-3.68594044176e-14	-1.9285283095	1.72666217331	-0.288722710089	0.490588846279	-0.189757342063
Outer loop 	163	0.0436563439619	-0.189757342064
	 Inner loop 	384.824120603	0.0430788755838	-0.00105390419862	-1.97916303757	1.75151196094	-0.288185965389	0.514783137816	-0.199204182152
	 Inner loop 	384.824120603	0.0430748298817	-0.000794255582409	-1.97936540527	1.75174332901	-0.288180841134	0.515008661808	-0.199292239662
	 Inner loop 	384.824120603	0.0430624579341	-4.97740668792e-07	-1.97998385274	1.7524505095	-0.288165164224	0.51569800972	-0.199561400654
	 Inner loop 	384.824120603	0.0430624560236	-3.75201245184e-07	-1.97998394819	1.75245061866	-0.288165161802	0.51569811613	-0.199561442202
	 Inner loop 	384.824120603	0.0430624501741	-9.52571355128e-14	-1.97998424045	1.7524509529	-0.288165154388	0.515698441946	-0.199561569419
	 Inner loop 	384.824120603	0.0430624501741	-5.98410210273e-14	-1.97998424045	1.7524509529	-0.288165154388	0.515698441946	-0.199561569419
Outer loop 	164	0.0430624501741	-0.199561569419
	 Inner loop 	385.829145729	0.0424613969555	-0.00142521311837	-2.03176027809	1.77782768525	-0.287588071049	0.540095450778	-0.209232027084
	 Inner loop 	385.829145729	0.0424558681835	-0.00110077765561	-2.03202848675	1.7781311595	-0.287580998436	0.54037754803	-0.209347813979
	 Inner loop 	385.829145729	0.042437118088	-9.39794993271e-07	-2.03293727373	1.77915966602	-0.287556998398	0.541333666318	-0.209740252997
	 Inner loop 	385.829145729	0.0424371144432	-7.26067346024e-07	-2.03293745027	1.77915986584	-0.287556993731	0.541333852088	-0.209740329246
	 Inner loop 	385.829145729	0.0424371020614	-4.27879953691e-13	-2.03293804998	1.77916054468	-0.287556977875	0.541334483179	-0.209740588277
	 Inner loop 	385.829145729	0.0424371020614	-3.24407167795e-13	-2.03293804998	1.77916054468	-0.287556977875	0.541334483179	-0.209740588277
Outer loop 	165	0.0424371020613	-0.209740588278
	 Inner loop 	386.834170854	0.0418023876916	-0.00189167223117	-2.0861860558	1.80543272995	-0.286928070501	0.56578972412	-0.219778248734
	 Inner loop 	386.834170854	0.0417950799087	-0.00147622800136	-2.08653419572	1.80582299498	-0.286918497799	0.566153470545	-0.219927548556
	 Inner loop 	386.834170854	0.0417691285342	-1.62414571059e-06	-2.08776907244	1.80720771497	-0.286884477814	0.567444211137	-0.220457333391
	 Inner loop 	386.834170854	0.0417691222622	-1.26789660992e-06	-2.08776937062	1.80720804941	-0.286884469587	0.567444522898	-0.220457461353
	 Inner loop 	386.834170854	0.0417690999402	-1.17550413847e-12	-2.08777043183	1.80720923968	-0.286884440308	0.567445632459	-0.220457916773
	 Inner loop 	386.834170854	0.0417690999402	-9.17821374458e-13	-2.08777043183	1.80720923968	-0.286884440308	0.56744563246	-0.220457916773
Outer loop 	166	0.0417690999402	-0.220457916774
	 Inner loop 	387.83919598	0.041095793316	-0.00108762907507	-2.14286194203	1.8347807067	-0.286189285375	0.593182891624	-0.231021781967
	 Inner loop 	387.83919598	0.0410916129517	-0.000857231802933	-2.14305716652	1.83499779289	-0.286183677365	0.593385819192	-0.231105073644
	 Inner loop 	387.83919598	0.0410760647641	-5.25024043019e-07	-2.14378279286	1.83580482429	-0.286162810746	0.594140254301	-0.231414731744
	 Inner loop 	387.83919598	0.0410760627466	-4.13881875994e-07	-2.14378288697	1.83580492896	-0.286162808037	0.594140352162	-0.231414771911
	 Inner loop 	387.83919598	0.0410760552336	-1.04249942012e-13	-2.14378323741	1.83580531878	-0.286162797951	0.594140716587	-0.231414921489
	 Inner loop 	387.83919598	0.0410760552336	-7.76045894213e-14	-2.14378323741	1.83580531878	-0.286162797951	0.594140716587	-0.231414921489
Outer loop 	167	0.0410760552336	-0.23141492149
	 Inner loop 	388.844221106	0.040372990494	-0.00208494845447	-2.20002776343	1.86391025762	-0.285417882494	0.61945043985	-0.242214820868
	 Inner loop 	388.844221106	0.040364844722	-0.00169529773257	-2.20039272671	1.8643131012	-0.285406946818	0.619791274592	-0.242369851043
	 Inner loop 	388.844221106	0.0403294323749	-2.04322833064e-06	-2.20197723468	1.86606276915	-0.285359364986	0.621271787284	-0.243043268725
	 Inner loop 	388.844221106	0.0403294243968	-1.6618735873e-06	-2.20197759127	1.86606316304	-0.285359354259	0.621272120614	-0.243043420341
	 Inner loop 	388.844221106	0.0403293896293	-2.02216021705e-12	-2.20197914524	1.86606487955	-0.285359307511	0.6212735732	-0.243044081056
	 Inner loop 	388.844221106	0.0403293896293	-1.64812608006e-12	-2.20197914524	1.86606487955	-0.285359307511	0.621273573201	-0.243044081057
Outer loop 	168	0.0403293896293	-0.243044081057
	 Inner loop 	389.849246231	0.0395702106475	-0.00264522057591	-2.26035535656	1.89578028403	-0.284530039513	0.646459891464	-0.254500188218
	 Inner loop 	389.849246231	0.03955995601	-0.00216826749114	-2.26080498464	1.89627378808	-0.284515928841	0.646878857912	-0.254690756942
	 Inner loop 	389.849246231	0.0395133851442	-3.17538309125e-06	-2.26284353209	1.89851245312	-0.284451779798	0.648779683388	-0.255555355733
	 Inner loop 	389.849246231	0.0395133728436	-2.60373202221e-06	-2.26284406979	1.89851304386	-0.284451762841	0.648780185039	-0.255555583912
	 Inner loop 	389.849246231	0.0395133168173	-4.53070914119e-12	-2.26284651886	1.89851573452	-0.284451685602	0.648782469934	-0.255556623206
	 Inner loop 	389.849246231	0.0395133168173	-3.71758179796e-12	-2.26284651886	1.89851573452	-0.284451685602	0.648782469935	-0.255556623206
Outer loop 	169	0.0395133168172	-0.255556623208
	 Inner loop 	390.854271357	0.0386920083972	-0.00112550497129	-2.32381971068	1.93034757045	-0.283514753982	0.675861389241	-0.26787358824
	 Inner loop 	390.854271357	0.0386876839128	-0.000929730020734	-2.32400471266	1.93054985545	-0.283508651371	0.676033778566	-0.26795200028
	 Inner loop 	390.854271357	0.0386671559615	-5.5176318936e-07	-2.32488227954	1.93150963356	-0.283479670761	0.676851764977	-0.268324064981
	 Inner loop 	390.854271357	0.0386671538422	-4.55846893233e-07	-2.32488237008	1.93150973261	-0.283479667768	0.676851849398	-0.26832410338
	 Inner loop 	390.854271357	0.0386671437701	-1.44995127016e-13	-2.32488280042	1.93151020335	-0.283479653543	0.676852250614	-0.268324285875
	 Inner loop 	390.854271357	0.0386671437701	-1.07802655691e-13	-2.32488280042	1.93151020335	-0.283479653543	0.676852250614	-0.268324285875
Outer loop 	170	0.0386671437701	-0.268324285875
	 Inner loop 	391.859296482	0.0378246511406	0.000803908629843	-2.38698266215	1.9638707568	-0.282477626623	0.706393440604	-0.280893056752
	 Inner loop 	391.859296482	0.0378276703734	0.000659443573576	-2.38685473168	1.96373133505	-0.282482047824	0.706264888029	-0.280838804367
	 Inner loop 	391.859296482	0.0378414562155	-2.55944469285e-07	-2.38627031922	1.96309453456	-0.282502229901	0.705677758608	-0.280591021143
	 Inner loop 	391.859296482	0.037841455254	-2.09931680706e-07	-2.38627035999	1.96309457899	-0.282502228494	0.705677799565	-0.280591038427
	 Inner loop 	391.859296482	0.0378414508675	-5.93969318174e-14	-2.38627054602	1.96309478167	-0.282502222073	0.705677986427	-0.280591117288
	 Inner loop 	391.859296482	0.0378414508675	-5.85087533977e-14	-2.38627054602	1.96309478167	-0.282502222073	0.705677986427	-0.280591117288
Outer loop 	171	0.0378414508675	-0.280591117288
	 Inner loop 	392.864321608	0.0370121126564	-0.00080756115861	-2.44773157759	1.99410268522	-0.281497526566	0.734318857776	-0.292678277637
	 Inner loop 	392.864321608	0.0370091028841	-0.000666809930086	-2.44785650774	1.99423833921	-0.281493032345	0.734444390941	-0.292731255756
	 Inner loop 	392.864321608	0.0369948480841	-2.47555013377e-07	-2.44844791339	1.99488062353	-0.281471741714	0.735038784022	-0.292982104426
	 Inner loop 	392.864321608	0.0369948471617	-2.04424638772e-07	-2.44844795165	1.99488066508	-0.281471740336	0.735038822477	-0.292982120655
	 Inner loop 	392.864321608	0.0369948427896	2.975397706e-14	-2.44844813296	1.99488086203	-0.281471733805	0.735039004743	-0.292982197576
	 Inner loop 	392.864321608	0.0369948427896	2.55351295664e-14	-2.44844813296	1.99488086203	-0.281471733805	0.735039004743	-0.292982197576
Outer loop 	172	0.0369948427896	-0.292982197576
	 Inner loop 	393.869346734	0.0361421938204	-0.00135803664966	-2.51066379321	2.02608732403	-0.280413869998	0.763632302525	-0.30519401424
	 Inner loop 	393.869346734	0.0361371397328	-0.00113630978665	-2.51086739685	2.02630797224	-0.28040622626	0.763829341087	-0.30528052813
	 Inner loop 	393.869346734	0.0361112513103	-6.82701831289e-07	-2.51190944276	2.02743761776	-0.280367056646	0.764838198946	-0.305723488212
	 Inner loop 	393.869346734	0.0361112487706	-5.71302694929e-07	-2.51190954492	2.02743772854	-0.280367052802	0.764838297883	-0.305723531653
	 Inner loop 	393.869346734	0.0361112357457	-1.95621296939e-13	-2.51191006883	2.02743829664	-0.280367033089	0.764838805276	-0.305723754434
	 Inner loop 	393.869346734	0.0361112357457	-1.65312208367e-13	-2.51191006883	2.02743829664	-0.280367033089	0.764838805276	-0.305723754434
Outer loop 	173	0.0361112357457	-0.305723754434
	 Inner loop 	394.874371859	0.0352199212697	-0.00175884409583	-2.57535349237	2.05939215385	-0.279233860393	0.793436354814	-0.318280104945
	 Inner loop 	394.874371859	0.0352134369735	-0.00147990527652	-2.57560835991	2.059668299	-0.279223854556	0.793684010193	-0.318388843204
	 Inner loop 	394.874371859	0.0351790565928	-1.07878345745e-06	-2.57695823115	2.06113151307	-0.279170775345	0.794996414643	-0.318965081747
	 Inner loop 	394.874371859	0.0351790526178	-9.07814756923e-07	-2.57695838708	2.06113168215	-0.279170769205	0.794996566316	-0.318965148342
	 Inner loop 	394.874371859	0.0351790315109	-3.96793709001e-13	-2.57695921504	2.06113257997	-0.279170736605	0.794997371674	-0.318965501952
	 Inner loop 	394.874371859	0.0351790315109	-3.34732241924e-13	-2.57695921504	2.06113257997	-0.279170736605	0.794997371674	-0.318965501952
Outer loop 	174	0.0351790315109	-0.318965501952
	 Inner loop 	395.879396985	0.0342426837549	-0.000960180344686	-2.6419121786	2.09418500965	-0.277944207895	0.824711196499	-0.332011976407
	 Inner loop 	395.879396985	0.034239179527	-0.000812088196281	-2.64204624202	2.09433053224	-0.277938690698	0.824842312274	-0.332069545522
	 Inner loop 	395.879396985	0.0342199701253	-2.99841765417e-07	-2.64278071059	2.09512798574	-0.27790843855	0.82556086356	-0.33238504045
	 Inner loop 	395.879396985	0.0342199690314	-2.53611449286e-07	-2.64278075239	2.09512803114	-0.277908436827	0.825560904472	-0.332385058413
	 Inner loop 	395.879396985	0.03421996303	-6.70574706874e-14	-2.64278098174	2.0951282802	-0.277908427374	0.825561128908	-0.332385156956
	 Inner loop 	395.879396985	0.03421996303	-6.12843109593e-14	-2.64278098174	2.0951282802	-0.277908427374	0.825561128908	-0.332385156956
Outer loop 	175	0.03421996303	-0.332385156956
	 Inner loop 	396.884422111	0.0332555477841	-0.00125752036489	-2.70844943166	2.12847448466	-0.276615579415	0.855333006054	-0.345608995843
	 Inner loop 	396.884422111	0.0332509964023	-0.00107053640797	-2.70861853255	2.12865862022	-0.276608288817	0.855497664733	-0.345682188428
	 Inner loop 	396.884422111	0.0332249502321	-4.76902285773e-07	-2.70958547577	2.1297119184	-0.276566552761	0.856439633232	-0.346100903732
	 Inner loop 	396.884422111	0.0332249485067	-4.06016890331e-07	-2.70958553978	2.12971198815	-0.276566549995	0.856439695613	-0.346100931461
	 Inner loop 	396.884422111	0.0332249386239	-6.46149800332e-14	-2.70958590642	2.12971238766	-0.276566534155	0.856440052921	-0.346101090289
	 Inner loop 	396.884422111	0.0332249386239	-5.7620574978e-14	-2.70958590642	2.12971238766	-0.276566534155	0.856440052921	-0.346101090289
Outer loop 	176	0.0332249386239	-0.346101090289
	 Inner loop 	397.889447236	0.0322262362935	-0.000878013228658	-2.7761599136	2.16362795709	-0.275193270746	0.88684721403	-0.359617406098
	 Inner loop 	397.889447236	0.0322230925378	-0.000750532839299	-2.77627331432	2.16375211509	-0.275188138288	0.886958804673	-0.359667009359
	 Inner loop 	397.889447236	0.0322045896312	-2.11177695886e-07	-2.77694036939	2.16448264804	-0.275157923814	0.887615433991	-0.359958888276
	 Inner loop 	397.889447236	0.0322045888753	-1.8052299755e-07	-2.77694039663	2.16448267788	-0.275157922579	0.887615460812	-0.359958900198
	 Inner loop 	397.889447236	0.0322045844237	-2.6645352591e-15	-2.77694055704	2.16448285359	-0.275157915308	0.887615618758	-0.359958970407
	 Inner loop 	397.889447236	0.0322045844237	2.22044604925e-16	-2.77694055704	2.16448285359	-0.275157915308	0.887615618758	-0.359958970407
Outer loop 	177	0.0322045844237	-0.359958970407
	 Inner loop 	398.894472362	0.0311783892666	-0.00141479691458	-2.84399286782	2.19858051482	-0.273717799094	0.917715355185	-0.373617999172
	 Inner loop 	398.894472362	0.0311733556043	-0.001219351015	-2.84416810275	2.19877382257	-0.273709467263	0.917884396428	-0.373695637048
	 Inner loop 	398.894472362	0.0311419675758	-4.89420904248e-07	-2.84525976154	2.19997866325	-0.273657494192	0.918938103067	-0.374179587262
	 Inner loop 	398.894472362	0.0311419658353	-4.21827196284e-07	-2.84525982202	2.19997873003	-0.273657491309	0.918938161479	-0.37417961409
	 Inner loop 	398.894472362	0.0311419549734	-3.8413716652e-14	-2.84526019948	2.1999791468	-0.273657473319	0.918938526003	-0.37417978151
	 Inner loop 	398.894472362	0.0311419549734	-2.83106871279e-14	-2.84526019948	2.1999791468	-0.273657473319	0.918938526003	-0.37417978151
Outer loop 	178	0.0311419549734	-0.37417978151
	 Inner loop 	399.899497487	0.0300750288751	-0.00105620467721	-2.91316572097	2.23477696832	-0.272124419086	0.949456967054	-0.38819640201
	 Inner loop 	399.899497487	0.0300713149882	-0.000913001314599	-2.91329063235	2.23491629209	-0.272118156094	0.949579495046	-0.388252677111
	 Inner loop 	399.899497487	0.0300476457505	-2.342403147e-07	-2.91408613087	2.23580393349	-0.272078230605	0.950360193743	-0.388611239246
	 Inner loop 	399.899497487	0.0300476449272	-2.02485115341e-07	-2.91408615852	2.23580396436	-0.272078229216	0.950360220895	-0.388611251716
	 Inner loop 	399.899497487	0.030047639677	-1.11022302463e-14	-2.91408633486	2.23580416119	-0.272078220358	0.950360394028	-0.388611331233
	 Inner loop 	399.899497487	0.030047639677	-1.28785870857e-14	-2.91408633486	2.23580416119	-0.272078220358	0.950360394028	-0.388611331233
Outer loop 	179	0.030047639677	-0.388611331233
	 Inner loop 	400.904522613	0.0289484938678	-0.00120471295	-2.98238672118	2.27091966707	-0.270465938779	0.980728279939	-0.402837857896
	 Inner loop 	400.904522613	0.0289442837954	-0.00105004104699	-2.98252235224	2.27107314395	-0.270458750816	0.980857918061	-0.402900217987
	 Inner loop 	400.904522613	0.0289157148746	-2.42333939249e-07	-2.98344189732	2.27211422953	-0.270409959788	0.98173738524	-0.403323269879
	 Inner loop 	400.904522613	0.028915714028	-2.11221516278e-07	-2.98344192455	2.27211426037	-0.270409958342	0.981737411293	-0.403323282412
	 Inner loop 	400.904522613	0.028915708281	-6.27276008913e-14	-2.98344210938	2.27211446974	-0.270409948524	0.98173758817	-0.403323367495
	 Inner loop 	400.904522613	0.028915708281	-5.21804821574e-14	-2.98344210938	2.27211446974	-0.270409948524	0.98173758817	-0.403323367495
Outer loop 	180	0.028915708281	-0.403323367495
	 Inner loop 	401.909547739	0.0277788515758	-0.0012461767234	-3.05212581307	2.3076972956	-0.268707925061	1.0118902658	-0.417827771584
	 Inner loop 	401.909547739	0.0277745517268	-0.00108799063057	-3.05225867955	2.30785057877	-0.26870044757	1.01202055772	-0.41789044617
	 Inner loop 	401.909547739	0.0277449908182	-1.89788248006e-07	-3.05317122634	2.30890399642	-0.268649025554	1.01291606568	-0.418321214193
	 Inner loop 	401.909547739	0.0277449901637	-1.65695083876e-07	-3.05317124653	2.30890401974	-0.268649024415	1.01291608551	-0.418321223729
	 Inner loop 	401.909547739	0.027744985662	-6.88338275268e-15	-3.05317138537	2.30890418011	-0.268649016583	1.01291622185	-0.418321289314
	 Inner loop 	401.909547739	0.027744985662	-5.10702591328e-15	-3.05317138537	2.30890418011	-0.268649016583	1.01291622185	-0.418321289314
Outer loop 	181	0.027744985662	-0.418321289314
	 Inner loop 	402.914572864	0.0265723703118	-0.000485785704252	-3.12204596373	2.34494772018	-0.266853595993	1.04346605384	-0.433109035671
	 Inner loop 	402.914572864	0.0265707124409	-0.000425516137558	-3.12209470065	2.34500540455	-0.266850666197	1.04351444616	-0.433132779207
	 Inner loop 	402.914572864	0.0265590095207	-1.57892146024e-08	-3.12243859266	2.34541254342	-0.266829982403	1.04385601585	-0.433300369281
	 Inner loop 	402.914572864	0.0265590094668	-1.38301394781e-08	-3.12243859424	2.3454125453	-0.266829982308	1.04385601742	-0.433300370052
	 Inner loop 	402.914572864	0.0265590090865	-1.55431223448e-15	-3.12243860541	2.34541255853	-0.266829981636	1.04385602852	-0.433300375499
	 Inner loop 	402.914572864	0.0265590090865	1.11022302463e-15	-3.12243860541	2.34541255853	-0.266829981636	1.04385602852	-0.433300375499
Outer loop 	182	0.0265590090865	-0.433300375499
	 Inner loop 	403.91959799	0.0253710924638	-0.000504765789399	-3.19068231383	2.38118568015	-0.264977101535	1.07396896942	-0.448075193541
	 Inner loop 	403.91959799	0.0253693927694	-0.00044223978908	-3.19072970779	2.38124361188	-0.264974043621	1.07401789975	-0.448099201047
	 Inner loop 	403.91959799	0.0253573730955	-2.5299542461e-09	-3.19106470571	2.38165323147	-0.26495241661	1.07436388832	-0.448268959233
	 Inner loop 	403.91959799	0.025357373087	-2.21652229904e-09	-3.19106470595	2.38165323176	-0.264952416595	1.07436388856	-0.448268959353
Outer loop 	183	0.0253573730267	-0.448268960204
