xs-	ys-	xs+	ys+	theta	
	 0.46278	 -0.68322	 0.90261	 0.79959	 0.00000
	 0.58543	 -0.78029	 0.89039	 0.55185	 -0.15315
	 0.39840	 -0.87611	 0.83025	 0.32851	 0.00000
	 0.63172	 -0.02030	 0.79429	 0.53917	 0.00748
	 0.67855	 -0.75098	 0.87937	 0.71370	 -0.29255
	 0.73948	 -0.07772	 0.87467	 0.52330	 0.00000
	 0.44762	 -0.31972	 0.98597	 0.06523	 0.00000
	 0.73018	 -0.74928	 0.94721	 0.64450	 -0.37094
	 0.42182	 -0.77657	 0.95591	 0.65702	 -0.10659
	 0.54954	 -0.81591	 0.83357	 0.36083	 0.00000
	 0.74106	 -0.60196	 0.79472	 0.31282	 -0.18475
	 0.49770	 -0.09551	 0.97155	 0.85686	 0.00000
	 0.51199	 -0.76200	 0.81971	 0.86995	 0.00000
	 0.49298	 -0.06033	 0.88007	 0.10289	 0.00000
	 0.55183	 -0.85382	 0.95629	 0.59514	 -0.11914
	 0.54915	 -0.64279	 0.91396	 0.03347	 -0.14443
	 0.73847	 -0.72045	 0.83810	 0.58124	 -0.23373
	 0.47483	 -0.27290	 0.96340	 0.71580	 0.00000
	 0.51000	 -0.42897	 0.75943	 0.53530	 0.00779
	 0.58430	 -0.88657	 0.91703	 0.47739	 -0.15581
	 0.55425	 -0.88095	 0.78410	 0.45558	 0.00000
	 0.49718	 -0.51271	 0.86642	 0.08996	 0.00000
	 0.69126	 -0.42253	 0.78511	 0.40285	 0.00000
	 0.39630	 -0.26627	 0.78405	 0.48225	 0.00848
	 0.67124	 -0.15821	 0.83016	 0.26920	 0.00000
	 0.49955	 -0.05657	 0.92183	 0.56061	 0.00000
	 0.66552	 -0.04909	 0.80243	 0.38409	 0.00000
	 0.40860	 -0.31492	 0.84571	 0.17689	 0.00000
	 0.48904	 -0.41778	 0.76054	 0.20539	 0.00000
	 0.72953	 -0.07545	 0.86217	 0.35898	 0.00000
	 0.56816	 -0.60062	 0.98797	 0.32414	 -0.13900
	 0.71954	 -0.80981	 0.93307	 0.66437	 -0.32312
	 0.40201	 -0.54258	 0.78833	 0.70075	 0.00798
	 0.59120	 -0.10768	 0.78056	 0.74216	 0.00904
	 0.67582	 -0.02664	 0.82871	 0.18190	 0.00000
	 0.56224	 -0.73459	 0.85298	 0.11849	 -0.16030
	 0.59827	 -0.79653	 0.77585	 0.30959	 0.00000
	 0.44524	 -0.50794	 0.76908	 0.07742	 0.00000
	 0.46386	 -0.08822	 0.80246	 0.14269	 0.00000
	 0.41600	 -0.23171	 0.91789	 0.10875	 0.00000
	 0.46386	 -0.08822	 0.80246	 0.14269	 0.00000
	 0.59827	 -0.79653	 0.77585	 0.30959	 0.00000
	 0.42361	 -0.68322	 0.90267	 0.79959	 0.00000
	 0.69428	 -0.75098	 0.87937	 0.71370	 -0.35878
	 0.66552	 -0.01660	 0.80243	 0.45702	 0.00000
	 0.55425	 -0.89294	 0.78410	 0.38265	 0.00000
	 0.72811	 -0.52976	 0.94721	 0.10288	 -0.45452
	 0.49775	 -0.75499	 0.86642	 0.63211	 0.00000
	 0.51175	 -0.06033	 0.88007	 0.10289	 0.00000
	 0.49322	 -0.74703	 0.81971	 0.86995	 0.00000
	 0.53990	 -0.85382	 0.95468	 0.59514	 -0.11785
	 0.49770	 -0.09551	 0.97155	 0.85573	 0.00000
	 0.74283	 -0.74803	 0.93292	 0.19983	 -0.34322
	 0.66805	 -0.15943	 0.83016	 0.72969	 0.00000
	 0.59827	 -0.28111	 0.77585	 0.32330	 0.00000
	 0.45410	 -0.78803	 0.96340	 0.70209	 -0.11748
	 0.44762	 -0.31972	 0.98373	 0.06523	 0.00000
	 0.56528	 -0.78029	 0.89039	 0.55185	 -0.13411
	 0.69126	 -0.35379	 0.78511	 0.40285	 0.00000
	 0.73847	 -0.72045	 0.83810	 0.58123	 -0.23373
	 0.70159	 -0.07545	 0.86217	 0.35898	 0.00000
	 0.49718	 -0.52178	 0.86642	 0.08996	 0.00000
	 0.52716	 -0.63800	 0.91396	 0.03210	 -0.14145
	 0.50002	 -0.76679	 0.81971	 0.86995	 0.00000
	 0.71954	 -0.80981	 0.93307	 0.66437	 -0.32312
	 0.41600	 -0.23171	 0.91789	 0.10875	 0.00000
	 0.58596	 -0.78421	 0.89039	 0.55185	 -0.15440
	 0.56763	 -0.60062	 0.98797	 0.32414	 -0.13898
	 0.58168	 -0.81873	 0.93313	 0.55834	 -0.15461
	 0.73876	 -0.72045	 0.83790	 0.58216	 -0.23260
	 0.71954	 -0.79601	 0.93307	 0.66437	 -0.33886
	 0.74106	 -0.60196	 0.79472	 0.30247	 -0.18371
	 0.74106	 -0.17489	 0.79472	 0.24007	 0.00000
	 0.73948	 -0.64796	 0.88167	 0.52330	 -0.30877
	 0.39039	 -0.86954	 0.83443	 0.32851	 0.00000
	 0.44524	 -0.45119	 0.76506	 0.07742	 0.00000
	 0.56229	 -0.73406	 0.98656	 0.12546	 -0.11003
	 0.56811	 -0.60114	 0.85327	 0.31717	 0.00000
	 0.58298	 -0.05916	 0.80246	 0.18103	 0.00000
	 0.46517	 -0.88657	 0.91703	 0.35113	 -0.13580
	 0.53990	 -0.85382	 0.95468	 0.59514	 -0.11785
	 0.73018	 -0.74928	 0.94721	 0.64450	 -0.37094
	 0.72811	 -0.51591	 0.94721	 0.10288	 -0.46129
	 0.49775	 -0.76884	 0.85929	 0.63211	 0.00000
	 0.72811	 -0.52976	 0.94721	 0.40260	 -0.45858
	 0.74106	 -0.60196	 0.79472	 0.10414	 -0.16541
	 0.42182	 -0.77657	 0.95591	 0.65702	 -0.10659
	 0.74137	 -0.60196	 0.79472	 0.30247	 -0.18217
	 0.74283	 -0.74803	 0.93292	 0.19983	 -0.34322
	 0.73948	 -0.64796	 0.88167	 0.52330	 -0.30877
	 0.55183	 -0.85382	 0.95629	 0.59514	 -0.11914
	 0.46517	 -0.88657	 0.91703	 0.35113	 -0.13580
	 0.73847	 -0.81787	 0.83810	 0.58123	 -0.21311
	 0.71954	 -0.85075	 0.93307	 0.66437	 -0.27227
	 0.69428	 -0.75098	 0.88685	 0.73059	 -0.36123
	 0.56229	 -0.73406	 0.97864	 0.08825	 -0.10858
	 0.74106	 -0.60231	 0.79472	 0.30014	 -0.18341
	 0.70811	 -0.80181	 0.92720	 0.66670	 -0.28393
	 0.58596	 -0.78421	 0.88982	 0.55185	 -0.15349
	 0.71954	 -0.80981	 0.93307	 0.66437	 -0.32312
	 0.50483	 -0.63800	 0.91396	 0.03210	 -0.12742
	 0.74343	 -0.72045	 0.82341	 0.58216	 0.00000
	 0.45410	 -0.78803	 0.96340	 0.70209	 -0.11748
	 0.67855	 -0.75098	 0.93376	 0.68833	 -0.23974
	 0.58596	 -0.85508	 0.89039	 0.55185	 -0.17178
	 0.56528	 -0.78029	 0.90299	 0.55185	 -0.14119
	 0.57721	 -0.81924	 0.93313	 0.55834	 -0.15429
	 0.71954	 -0.79550	 0.93409	 0.66437	 -0.33601
	 0.66496	 -0.75098	 0.87839	 0.66498	 -0.23715
	 0.71954	 -0.78787	 0.93405	 0.71309	 -0.34882
	 0.53990	 -0.64372	 0.95468	 0.59514	 -0.12076
	 0.57198	 -0.85280	 0.91548	 0.03347	 -0.13890
	 0.56745	 -0.89436	 0.91703	 0.37461	 -0.14612
	 0.45997	 -0.72224	 0.85298	 0.08904	 0.00000
	 0.56521	 -0.74928	 0.93436	 0.49885	 -0.15740
	 0.74025	 -0.89417	 0.91468	 0.62303	 -0.28003
	 0.73839	 -0.21927	 0.78944	 0.23567	 0.00000
	 0.74114	 -0.67607	 0.84339	 0.58563	 -0.24269
	 0.71954	 -0.80981	 0.93307	 0.63211	 -0.31650
	 0.74283	 -0.72944	 0.94097	 0.23210	 -0.36284
	 0.71954	 -0.80981	 0.93307	 0.66437	 -0.32312
	 0.69928	 -0.75098	 0.87937	 0.70388	 -0.35064
	 0.74330	 -0.74803	 0.93240	 0.19983	 -0.34221
	 0.71954	 -0.78787	 0.93405	 0.71309	 -0.34882
	 0.71954	 -0.79550	 0.93409	 0.66437	 -0.33601
	 0.71954	 -0.80981	 0.92445	 0.77096	 -0.33848
	 0.69462	 -0.72989	 0.95157	 0.65493	 -0.25900
	 0.74203	 -0.75098	 0.87969	 0.25860	 -0.26343
	 0.74283	 -0.73296	 0.93292	 0.19983	 -0.34882
	 0.73874	 -0.89025	 0.91468	 0.62303	 -0.28300
	 0.73020	 -0.76007	 0.94721	 0.61858	 -0.36697
	 0.72809	 -0.51897	 0.94721	 0.09464	 -0.45965
	 0.74283	 -0.68437	 0.94097	 0.23210	 -0.38142
	 0.73018	 -0.74928	 0.94721	 0.64450	 -0.37094
	 0.74283	 -0.72944	 0.94759	 0.23210	 -0.37311
	 0.72811	 -0.51591	 0.94059	 0.10288	 -0.45152
	 0.67458	 -0.75098	 0.88054	 0.71370	 -0.26830
	 0.74312	 -0.67607	 0.84222	 0.63418	 0.00000
	 0.71954	 -0.80981	 0.93307	 0.66437	 -0.32312
	 0.69047	 -0.75098	 0.87937	 0.79372	 -0.33102
	 0.73948	 -0.68449	 0.88167	 0.47279	 -0.29519
	 0.65979	 -0.52976	 0.94721	 0.08759	 -0.21538
	 0.74025	 -0.89417	 0.91468	 0.62303	 -0.28003
	 0.71954	 -0.79601	 0.93307	 0.66437	 -0.33886
	 0.72716	 -0.52976	 0.94721	 0.39935	 -0.45786
	 0.66590	 -0.75098	 0.84841	 0.66823	 0.00000
	 0.73809	 -0.81916	 0.83813	 0.58572	 -0.21428
	 0.74153	 -0.67478	 0.86222	 0.58114	 -0.26806
	 0.72422	 -0.74787	 0.84738	 0.58123	 -0.27795
	 0.73018	 -0.81928	 0.94515	 0.64450	 -0.34586
	 0.67942	 -0.75459	 0.93307	 0.65160	 -0.24027
	 0.71867	 -0.84714	 0.93376	 0.66785	 -0.27307
	 0.72241	 -0.75098	 0.92843	 0.73059	 -0.35618
	 0.69391	 -0.85075	 0.89060	 0.66437	 -0.29742
	 0.73917	 -0.73965	 0.94755	 0.52330	 -0.37117
	 0.71358	 -0.65759	 0.88134	 0.64450	 -0.35334
	 0.72811	 -0.81562	 0.94721	 0.10288	 -0.34272
	 0.71954	 -0.50835	 0.93307	 0.66437	 -0.45220
	 0.72811	 -0.52976	 0.94037	 0.40260	 -0.44916
	 0.73847	 -0.72045	 0.83258	 0.58123	 -0.22782
	 0.72811	 -0.52976	 0.98307	 0.40260	 -0.50768
	 0.74283	 -0.77648	 0.93292	 0.19983	 -0.33310
	 0.74446	 -0.68437	 0.94188	 0.18933	 -0.38281
	 0.68918	 -0.70921	 0.88594	 0.77300	 -0.31413
	 0.72948	 -0.74820	 0.94778	 0.12307	 -0.36697
	 0.69291	 -0.53254	 0.87880	 0.69398	 -0.23225
	 0.72809	 -0.51897	 0.94721	 0.04123	 -0.45893
	 0.73078	 -0.78787	 0.94232	 0.71309	 -0.35293
	 0.72809	 -0.51897	 0.93306	 0.57689	 -0.44746
	 0.71954	 -0.50625	 0.94723	 0.18249	 -0.46015
	 0.71358	 -0.65759	 0.88531	 0.40461	 -0.34525
	 0.72811	 -0.52976	 0.94324	 0.64249	 -0.45672
	 0.72941	 -0.51591	 0.94756	 0.10288	 -0.46307
	 0.74151	 -0.73566	 0.95601	 0.25614	 -0.38345
	 0.72811	 -0.52976	 0.94721	 0.10288	 -0.45452
	 0.72721	 -0.74928	 0.95786	 0.64450	 -0.38373
	 0.71943	 -0.68437	 0.94097	 0.73523	 -0.39196
	 0.72238	 -0.86853	 0.93307	 0.14920	 -0.23866
	 0.73213	 -0.81928	 0.94095	 0.64450	 -0.33998
	 0.73020	 -0.76007	 0.94721	 0.61858	 -0.36697
	 0.74283	 -0.74534	 0.93292	 0.18715	 -0.34412
	 0.73018	 -0.74926	 0.94721	 0.65720	 -0.37107
	 0.71769	 -0.68306	 0.95867	 0.66437	 -0.40558
	 0.74286	 -0.79669	 0.93281	 0.23210	 -0.32627
	 0.74330	 -0.74803	 0.94272	 0.19983	 -0.35806
	 0.72241	 -0.75098	 0.92843	 0.73059	 -0.35618
	 0.72810	 -0.52976	 0.94049	 0.40260	 -0.44933
	 0.72716	 -0.52976	 0.94709	 0.39935	 -0.45769
	 0.72716	 -0.52981	 0.94044	 0.39935	 -0.44868
	 0.72811	 -0.57653	 0.94390	 0.10288	 -0.42815
	 0.72811	 -0.86233	 0.94721	 0.10288	 -0.26491
	 0.71954	 -0.50835	 0.93307	 0.66437	 -0.45220
	 0.73049	 -0.74335	 0.94721	 0.64450	 -0.37289
	 0.72780	 -0.53568	 0.94037	 0.40260	 -0.44617
	 0.70886	 -0.74803	 0.93292	 0.17176	 -0.29645
	 0.73020	 -0.71580	 0.94721	 0.67262	 -0.38315
	 0.73020	 -0.76007	 0.87833	 0.64258	 -0.29083
	 0.71264	 -0.65759	 0.95023	 0.62050	 -0.39805
	 0.70260	 -0.73296	 0.93292	 0.19983	 -0.27585
	 0.72811	 -0.51591	 0.94721	 0.10288	 -0.46129
	 0.73252	 -0.51591	 0.94117	 0.65895	 -0.46376
	 0.73049	 -0.74335	 0.94047	 0.08934	 -0.35873
	 0.72809	 -0.51897	 0.93945	 0.57689	 -0.45597
	 0.71954	 -0.50625	 0.91355	 0.18249	 -0.41759
	 0.71932	 -0.52972	 0.94723	 0.18249	 -0.44972
	 0.72738	 -0.50629	 0.94709	 0.39935	 -0.46940
	 0.71943	 -0.70321	 0.94106	 0.64286	 -0.38411
	 0.72721	 -0.74928	 0.95777	 0.73687	 -0.38446
	 0.72811	 -0.52976	 0.94037	 0.39836	 -0.44909
	 0.71954	 -0.50835	 0.93307	 0.66437	 -0.45220
	 0.72811	 -0.51591	 0.94059	 0.08940	 -0.45132
	 0.72810	 -0.52976	 0.94049	 0.44586	 -0.45001
	 0.70691	 -0.73330	 0.94755	 0.50357	 -0.29260
	 0.72754	 -0.57653	 0.94390	 0.08804	 -0.42769
	 0.72809	 -0.51450	 0.94721	 0.08118	 -0.46167
	 0.73917	 -0.74412	 0.94755	 0.52330	 -0.36948
	 0.72811	 -0.56758	 0.94721	 0.10288	 -0.43686
	 0.72536	 -0.51591	 0.95203	 0.11936	 -0.46581
	 0.72811	 -0.53535	 0.93986	 0.40260	 -0.44579
	 0.72780	 -0.53010	 0.94772	 0.38547	 -0.45865
	 0.72811	 -0.51690	 0.94728	 0.34752	 -0.46426
	 0.72941	 -0.52877	 0.94749	 0.10288	 -0.45655
	 0.69486	 -0.51615	 0.94721	 0.10644	 -0.31761
	 0.72809	 -0.48852	 0.94721	 0.03740	 -0.47420
	 0.72811	 -0.52976	 0.98307	 0.59149	 -0.50863
	 0.72811	 -0.52976	 0.95305	 0.06038	 -0.46251
	 0.72011	 -0.50834	 0.97674	 0.66437	 -0.50052
	 0.72753	 -0.52977	 0.93940	 0.39443	 -0.44740
	 0.72809	 -0.51897	 0.94721	 0.04123	 -0.45893
	 0.72809	 -0.51897	 0.94721	 0.09464	 -0.45965
	 0.72811	 -0.57828	 0.96096	 0.10288	 -0.45126
	 0.72811	 -0.51416	 0.94760	 0.10288	 -0.46273
	 0.72873	 -0.52976	 0.94049	 0.40260	 -0.44968
	 0.71707	 -0.68306	 0.95867	 0.66437	 -0.39870
	 0.73464	 -0.52976	 0.94963	 0.37277	 -0.46756
	 0.72941	 -0.51591	 0.94722	 0.12948	 -0.46290
	 0.72716	 -0.66776	 0.93306	 0.37322	 -0.38077
	 0.74283	 -0.54637	 0.94718	 0.41433	 -0.46330
	 0.72716	 -0.50868	 0.94652	 0.66453	 -0.47120
	 0.71954	 -0.48461	 0.93364	 0.43298	 -0.45825
	 0.72811	 -0.52976	 0.98307	 0.59149	 -0.50863
	 0.72809	 -0.50199	 0.94721	 0.09464	 -0.46812
	 0.72941	 -0.51591	 0.94800	 0.10288	 -0.46373
	 0.72811	 -0.52976	 0.98263	 0.59149	 -0.50805
	 0.72549	 -0.50550	 0.94709	 0.39935	 -0.46822
	 0.73653	 -0.53055	 0.94963	 0.37277	 -0.46918
	 0.72809	 -0.56531	 0.94721	 0.04123	 -0.43707
	 0.72811	 -0.51416	 0.92269	 0.10288	 -0.42569
	 0.72811	 -0.51409	 0.94721	 0.10288	 -0.46219
	 0.72811	 -0.51416	 0.94760	 0.10288	 -0.46273
	 0.72738	 -0.50629	 0.94709	 0.39935	 -0.46940
	 0.71954	 -0.50625	 0.94723	 0.18249	 -0.46014
	 0.73252	 -0.51591	 0.94117	 0.64606	 -0.46358
	 0.72941	 -0.51591	 0.93341	 0.12948	 -0.44211
	 0.72536	 -0.51309	 0.94719	 0.11936	 -0.46039
	 0.72941	 -0.51611	 0.95206	 0.12948	 -0.47005
	 0.72809	 -0.54925	 0.93954	 0.57016	 -0.44145
	 0.74283	 -0.51609	 0.94708	 0.42106	 -0.48128
	 0.72011	 -0.50834	 0.97674	 0.58829	 -0.49991
	 0.72809	 -0.51897	 0.94424	 0.09464	 -0.45527
	 0.72941	 -0.52877	 0.94722	 0.03673	 -0.45530
	 0.72809	 -0.48852	 0.94216	 0.10355	 -0.46753
	 0.72613	 -0.63904	 0.94721	 0.10288	 -0.40594
	 0.72962	 -0.52976	 0.98307	 0.40260	 -0.51030
	 0.72809	 -0.47687	 0.94605	 0.10768	 -0.47950
	 0.72811	 -0.52976	 0.98423	 0.39815	 -0.50923
	 0.72716	 -0.50868	 0.94652	 0.65696	 -0.47108
	 0.72811	 -0.51591	 0.94059	 0.10288	 -0.45152
	 0.72780	 -0.53010	 0.95498	 0.38547	 -0.46860
	 0.72716	 -0.52976	 0.94472	 0.39935	 -0.45450
	 0.72825	 -0.51937	 0.94117	 0.59641	 -0.45847
	 0.73235	 -0.48505	 0.94721	 0.03740	 -0.48158
	 0.72716	 -0.50868	 0.94653	 0.64990	 -0.47098
	 0.74260	 -0.50625	 0.94723	 0.18249	 -0.48578
	 0.72811	 -0.53172	 0.95289	 0.07327	 -0.46147
	 0.72811	 -0.51495	 0.94744	 0.33475	 -0.46528
	 0.72079	 -0.50834	 0.97674	 0.66437	 -0.50137
	 0.72743	 -0.51690	 0.94728	 0.34752	 -0.46370
	 0.72809	 -0.51450	 0.94721	 0.74933	 -0.47106
	 0.71954	 -0.43890	 0.93220	 0.00310	 -0.46221
	 0.72815	 -0.50874	 0.98745	 0.65696	 -0.52602
	 0.72711	 -0.52971	 0.95539	 0.39815	 -0.46886
	 0.73464	 -0.52976	 0.94963	 0.37277	 -0.46756
	 0.72549	 -0.50550	 0.93614	 0.39935	 -0.45366
	 0.72743	 -0.51690	 0.95231	 0.12813	 -0.46789
	 0.72536	 -0.51591	 0.94700	 0.33875	 -0.46205
	 0.72541	 -0.51541	 0.95203	 0.11936	 -0.46611
	 0.65926	 -0.50249	 0.94721	 0.09464	 -0.20672
	 0.72011	 -0.52771	 0.98405	 0.58829	 -0.49907
	 0.72811	 -0.50856	 0.98263	 0.59149	 -0.51931
	 0.72811	 -0.37596	 0.98151	 0.33011	 -0.51877
	 0.68467	 -0.51490	 0.95064	 0.60891	 -0.25361
	 0.71031	 -0.50834	 0.97674	 0.66437	 -0.41373
	 0.71984	 -0.52976	 0.98307	 0.40260	 -0.49553
	 0.73363	 -0.52976	 0.98307	 0.59149	 -0.51871
	 0.72895	 -0.53405	 0.98307	 0.40260	 -0.50686
	 0.72549	 -0.38175	 0.93792	 0.39935	 -0.46435
	 0.73464	 -0.52976	 0.94963	 0.27142	 -0.46653
	 0.72745	 -0.50887	 0.95250	 0.16944	 -0.47271
	 0.72079	 -0.51558	 0.97629	 0.62453	 -0.49709
	 0.72811	 -0.52976	 0.98307	 0.59149	 -0.50863
	 0.72811	 -0.54306	 0.98307	 0.40260	 -0.50080
	 0.74282	 -0.51609	 0.94708	 0.42106	 0.00000
	 0.72005	 -0.64758	 0.97674	 0.63304	 -0.44020
	 0.72752	 -0.54136	 0.94973	 0.37277	 -0.45561
	 0.73710	 -0.53194	 0.94594	 0.10768	 -0.46042
	 0.72780	 -0.52976	 0.98495	 0.39815	 -0.50968
	 0.72811	 -0.46610	 0.95425	 0.38574	 -0.50119
	 0.73722	 -0.47715	 0.98127	 0.00119	 -0.55229
	 0.72792	 -0.53767	 0.94902	 0.59691	 -0.45966
	 0.72809	 -0.57968	 0.94721	 0.74933	 -0.43977
	 0.72962	 -0.52976	 0.98307	 0.40260	 -0.51030
	 0.72738	 -0.44302	 0.94709	 0.39935	 -0.50267
	 0.74260	 -0.57932	 0.94723	 0.18249	 -0.44309
	 0.72716	 -0.52905	 0.94652	 0.66453	 -0.46112
	 0.72011	 -0.50834	 0.98045	 0.56231	 -0.50396
	 0.74358	 -0.50834	 0.94850	 0.68361	 0.00000
	 0.72795	 -0.51450	 0.97546	 0.78234	 -0.50761
	 0.72811	 -0.48852	 0.94373	 0.11910	 -0.47015
	 0.72809	 -0.52976	 0.97650	 0.57615	 -0.49981
	 0.72811	 -0.61764	 0.98307	 0.40260	 -0.46487
	 0.72895	 -0.53405	 0.98307	 0.40260	 -0.50686
	 0.72811	 -0.52976	 0.98307	 0.62588	 -0.50880
	 0.72795	 -0.51450	 0.97546	 0.78234	 -0.50761
	 0.72691	 -0.54661	 0.98127	 0.58893	 -0.49582
	 0.73841	 -0.46030	 0.98263	 0.00775	 -0.56371
	 0.72100	 -0.52992	 0.98907	 0.41816	 -0.50418
	 0.71918	 -0.51542	 0.97629	 0.60451	 -0.49508
	 0.73352	 -0.50874	 0.98756	 0.65696	 -0.53761
	 0.72826	 -0.52976	 0.98296	 0.59149	 -0.50873
	 0.72813	 -0.52976	 0.98307	 0.41161	 -0.50776
	 0.72959	 -0.52976	 0.98307	 0.58484	 -0.51113
	 0.72805	 -0.72318	 0.97674	 0.39402	 -0.41321
	 0.71219	 -0.54306	 0.96881	 0.67295	 -0.44817
	 0.72962	 -0.52976	 0.98307	 0.40260	 -0.51030
	 0.72809	 -0.52976	 0.97650	 0.76894	 -0.50107
	 0.72738	 -0.44302	 0.94709	 0.39935	 -0.50267
	 0.71154	 -0.52976	 0.98307	 0.64622	 -0.44414
	 0.72011	 -0.50834	 0.97659	 0.56231	 -0.49954
	 0.72079	 -0.50834	 0.98060	 0.66437	 -0.50575
	 0.72811	 -0.54890	 0.98307	 0.59149	 -0.49875
	 0.72809	 -0.52976	 0.97650	 0.53273	 -0.49953
	 0.72746	 -0.52497	 0.98307	 0.59149	 -0.51006
	 0.72620	 -0.46655	 0.97324	 0.00071	 -0.52139
	 0.72795	 -0.51487	 0.97919	 0.77823	 -0.51219
	 0.70751	 -0.50798	 0.97674	 0.65944	 -0.38980
	 0.74283	 -0.51609	 0.94708	 0.42106	 -0.48128
	 0.72811	 -0.54306	 0.96926	 0.40260	 -0.48213
	 0.72811	 -0.50856	 0.98267	 0.59149	 -0.51936
	 0.72962	 -0.52976	 0.98304	 0.40260	 -0.51025
	 0.72811	 -0.52976	 0.98423	 0.39815	 -0.50923
	 0.72815	 -0.50874	 0.98745	 0.65696	 -0.52602
	 0.72554	 -0.48173	 0.97866	 0.03825	 -0.52012
	 0.72811	 -0.36358	 0.96086	 0.32980	 -0.49234
	 0.72811	 -0.70934	 0.98158	 0.58446	 -0.42517
	 0.72807	 -0.46610	 0.96020	 0.39278	 -0.50976
	 0.72812	 -0.52919	 0.99174	 0.65810	 -0.52060
	 0.72715	 -0.50925	 0.94514	 0.40458	 -0.46513
	 0.72011	 -0.52771	 0.98405	 0.58829	 -0.49907
	 0.70716	 -0.37596	 0.98151	 0.33011	 -0.28805
	 0.72780	 -0.52976	 0.98495	 0.39815	 -0.50968
	 0.72815	 -0.50874	 0.97623	 0.65696	 -0.51116
	 0.72811	 -0.52921	 0.95643	 0.65871	 -0.47444
	 0.73657	 -0.52975	 0.99159	 0.62527	 -0.53833
	 0.69085	 -0.45803	 0.98972	 0.57598	 -0.27358
	 0.73841	 -0.53204	 0.98256	 0.02824	 -0.52495
	 0.72811	 -0.46610	 0.96020	 0.20421	 -0.50774
	 0.72807	 -0.50856	 0.98263	 0.59149	 -0.51925
	 0.73363	 -0.52976	 0.98899	 0.59149	 -0.52748
	 0.70117	 -0.46655	 0.97324	 0.01746	 -0.32666
	 0.73352	 -0.56345	 0.98756	 0.39805	 -0.50566
	 0.72962	 -0.50898	 0.99070	 0.66151	 -0.53328
	 0.72815	 -0.50855	 0.98750	 0.59110	 -0.52590
	 0.72811	 -0.50874	 0.98259	 0.65736	 -0.51950
	 0.72815	 -0.50874	 0.98745	 0.65696	 -0.52602
	 0.73888	 -0.52976	 0.98307	 0.61749	 -0.53001
	 0.72962	 -0.52165	 0.98307	 0.40260	 -0.51467
	 0.72795	 -0.51487	 0.97919	 0.77823	 -0.51219
	 0.72840	 -0.52976	 0.98423	 0.39815	 -0.50973
	 0.72933	 -0.52976	 0.98307	 0.40260	 -0.50979
	 0.72740	 -0.46504	 0.98339	 0.59149	 -0.54295
	 0.72813	 -0.52603	 0.95988	 0.39278	 -0.47778
	 0.72811	 -0.52976	 0.98307	 0.59149	 -0.50863
	 0.73722	 -0.47715	 0.98127	 0.00085	 -0.55229
	 0.72813	 -0.52976	 0.98265	 0.59445	 -0.50812
	 0.72959	 -0.52976	 0.98302	 0.39640	 -0.51015
	 0.72826	 -0.53761	 0.98296	 0.59149	 -0.50463
	 0.72811	 -0.50856	 0.98267	 0.59358	 -0.51938
	 0.72813	 -0.52976	 0.98307	 0.41161	 -0.50776
	 0.72823	 -0.48173	 0.97866	 0.03825	 -0.52541
	 0.72789	 -0.52976	 0.98747	 0.58484	 -0.51401
	 0.72986	 -0.50874	 0.98306	 0.71380	 -0.52369
	 0.70980	 -0.53395	 0.96422	 0.00119	 -0.43707
	 0.72811	 -0.47296	 0.98307	 0.58713	 -0.53953
	 0.72420	 -0.52976	 0.98463	 0.59149	 -0.50445
	 0.72896	 -0.52976	 0.98307	 0.30528	 -0.50867
	 0.73326	 -0.37596	 0.98320	 0.33011	 -0.58141
	 0.72837	 -0.50874	 0.98756	 0.65696	 -0.52659
	 0.72811	 -0.37596	 0.97294	 0.33011	 -0.51105
	 0.73841	 -0.46030	 0.98263	 0.00684	 -0.56371
	 0.72557	 -0.52976	 0.98709	 0.01898	 -0.50706
	 0.73369	 -0.49910	 0.97903	 0.61962	 -0.53073
	 0.72813	 -0.52976	 0.98307	 0.59115	 -0.50867
	 0.73495	 -0.50855	 0.98750	 0.59145	 -0.54071
	 0.73326	 -0.37596	 0.98320	 0.33011	 -0.58141
	 0.73722	 -0.47715	 0.98127	 0.00068	 -0.55229
	 0.70901	 -0.50874	 0.98748	 0.65696	 -0.39632
	 0.73657	 -0.52975	 0.99168	 0.67508	 -0.53857
	 0.72815	 -0.50874	 0.98743	 0.58891	 -0.52571
	 0.72740	 -0.46504	 0.98341	 0.65954	 -0.54334
	 0.73841	 -0.53204	 0.98256	 0.02802	 -0.52494
	 0.73841	 -0.46030	 0.98263	 0.02677	 -0.56375
	 0.73841	 -0.46030	 0.98263	 0.00775	 -0.56371
	 0.72815	 -0.50855	 0.98750	 0.53249	 -0.52566
	 0.72812	 -0.52919	 0.99209	 0.65810	 -0.52105
	 0.72815	 -0.50874	 0.98710	 0.65696	 -0.52556
	 0.74217	 -0.50856	 0.98316	 0.59149	 -0.54799
	 0.73888	 -0.52976	 0.98021	 0.61749	 -0.52528
	 0.72823	 -0.48173	 0.97866	 0.02570	 -0.52533
	 0.72620	 -0.51034	 0.97324	 0.00071	 -0.49836
	 0.73363	 -0.50970	 0.98899	 0.59204	 -0.53919
	 0.73722	 -0.47715	 0.98093	 0.00119	 -0.55173
	 0.73836	 -0.46030	 0.99367	 0.00775	 -0.57948
	 0.73727	 -0.47715	 0.98127	 0.00119	 -0.55239
	 0.74263	 -0.50856	 0.98714	 0.58954	 -0.55424
	 0.72808	 -0.50874	 0.98294	 0.65892	 -0.51992
	 0.72843	 -0.37596	 0.98320	 0.36275	 -0.51855
	 0.74173	 -0.50874	 0.98756	 0.62432	 -0.55444
	 0.72962	 -0.50898	 0.99070	 0.62341	 -0.53315
	 0.74389	 -0.46030	 0.98263	 0.05796	 -0.54624
	 0.72740	 -0.46504	 0.98339	 0.59149	 -0.54295
	 0.71741	 -0.50874	 0.99231	 0.67820	 -0.49118
	 0.73363	 -0.52976	 0.98307	 0.59149	 -0.51871
	 0.72986	 -0.50874	 0.96965	 0.71380	 -0.50541
	 0.72826	 -0.50898	 0.98745	 0.66175	 -0.52612
	 0.72951	 -0.50874	 0.99462	 0.65673	 -0.53849
	 0.72811	 -0.59936	 0.98745	 0.55432	 -0.47951
	 0.70394	 -0.49920	 0.98911	 0.66795	 -0.35591
	 0.73722	 -0.47715	 0.98127	 0.00069	 -0.55229
	 0.72811	 -0.47296	 0.98307	 0.58713	 -0.53953
	 0.73721	 -0.47715	 0.98127	 0.55116	 -0.55406
	 0.69303	 -0.58255	 0.98714	 0.05419	 -0.29892
	 0.73034	 -0.50874	 0.99175	 0.59244	 -0.53621
	 0.73412	 -0.50855	 0.98701	 0.65574	 -0.53825
	 0.73841	 -0.49360	 0.98263	 0.03153	 -0.54794
	 0.71982	 -0.46580	 0.97903	 0.62932	 -0.47613
	 0.73312	 -0.37596	 0.98316	 0.59858	 -0.58162
	 0.74231	 -0.45848	 0.98320	 0.32302	 0.00000
	 0.73865	 -0.47702	 0.98296	 0.10965	 -0.55772
	 0.72668	 -0.47309	 0.98137	 0.44088	 -0.53335
	 0.73148	 -0.47296	 0.98307	 0.62438	 -0.54718
	 0.72096	 -0.50898	 0.99070	 0.66151	 -0.51715
	 0.74173	 -0.50874	 0.98353	 0.28854	 -0.54753
	 0.73326	 -0.37596	 0.98740	 0.62094	 -0.58568
	 0.72740	 -0.46504	 0.98118	 0.63197	 -0.54020
	 0.73841	 -0.49618	 0.98263	 0.00684	 -0.54641
	 0.73326	 -0.41960	 0.98320	 0.33011	 -0.57766
	 0.73363	 -0.50970	 0.98899	 0.59204	 -0.53919
	 0.73722	 -0.47715	 0.98093	 0.00119	 -0.55173
	 0.74263	 -0.50856	 0.98714	 0.57429	 -0.55422
	 0.73836	 -0.46030	 0.97822	 0.00775	 -0.55699
	 0.73841	 -0.46030	 0.98263	 0.00684	 -0.56371
	 0.74432	 -0.46030	 0.98263	 0.06746	 0.00000
	 0.73326	 -0.37596	 0.98320	 0.32073	 -0.58142
	 0.73841	 -0.46030	 0.98263	 0.00775	 -0.56371
	 0.72740	 -0.46504	 0.98339	 0.62728	 -0.54314
	 0.72811	 -0.47296	 0.98307	 0.58713	 -0.53953
	 0.73841	 -0.46030	 0.98633	 0.00775	 -0.56913
	 0.74057	 -0.50874	 0.98245	 0.00912	 -0.54337
	 0.72857	 -0.46030	 0.97572	 0.56950	 -0.53742
	 0.73722	 -0.47715	 0.98127	 0.00069	 -0.55229
	 0.73841	 -0.44907	 0.96282	 0.02677	 -0.53748
	 0.68756	 -0.47715	 0.98127	 0.00119	 -0.26854
	 0.73881	 -0.47649	 0.98093	 0.00119	 -0.55464
	 0.73733	 -0.46030	 0.99367	 0.00775	 -0.57971
	 0.73838	 -0.47715	 0.98127	 0.00119	 -0.55430
	 0.72753	 -0.50856	 0.98316	 0.59149	 -0.51896
	 0.74204	 -0.46504	 0.98341	 0.65954	 -0.55799
	 0.73738	 -0.47715	 0.97590	 0.00085	 -0.54367
	 0.74157	 -0.50874	 0.98813	 0.62432	 -0.55517
	 0.73841	 -0.50808	 0.97777	 0.56828	 -0.53316
	 0.74263	 -0.48335	 0.99383	 0.02324	 -0.56737
	 0.73841	 -0.46030	 0.98263	 0.00678	 -0.56371
	 0.73841	 -0.46030	 0.98263	 0.00781	 -0.56371
	 0.74138	 -0.47715	 0.98127	 0.14740	 -0.55549
	 0.73836	 -0.46030	 0.98123	 0.00775	 -0.56159
	 0.74173	 -0.50874	 0.98756	 0.62432	 -0.55444
	 0.73961	 -0.37596	 0.98740	 0.62094	 -0.53651
	 0.74089	 -0.42814	 0.99388	 0.64595	 -0.56389
	 0.70131	 -0.50615	 0.98790	 0.00775	 -0.34839
	 0.73721	 -0.45946	 0.98091	 0.53612	 -0.56210
	 0.73836	 -0.47799	 0.99394	 0.01020	 -0.57389
	 0.73326	 -0.37596	 0.98740	 0.62094	 -0.58568
	 0.73722	 -0.47715	 0.98127	 0.00069	 -0.55229
	 0.73326	 -0.37596	 0.98050	 0.32073	 -0.57839
	 0.73727	 -0.47715	 0.98127	 0.00119	 -0.55239
	 0.74474	 -0.37596	 0.99311	 0.54259	 -0.48470
	 0.74263	 -0.50856	 0.98793	 0.57429	 -0.55538
	 0.73326	 -0.37596	 0.98320	 0.60087	 -0.58109
	 0.73312	 -0.37596	 0.98316	 0.30035	 -0.58194
	 0.74204	 -0.46504	 0.98341	 0.65954	 -0.55799
	 0.72738	 -0.37596	 0.98320	 0.32073	 -0.49766
	 0.74157	 -0.50874	 0.98996	 0.62432	 -0.55801
	 0.73326	 -0.41960	 0.98320	 0.29287	 -0.57755
	 0.73722	 -0.47715	 0.98127	 0.00085	 -0.55229
	 0.73326	 -0.30782	 0.98320	 0.33754	 0.00000
	 0.73326	 -0.37808	 0.98646	 0.28323	 -0.58556
	 0.73841	 -0.45818	 0.98307	 0.00775	 -0.56506
	 0.73326	 -0.37596	 0.98320	 0.33011	 -0.58141
	 0.73841	 -0.46030	 0.98263	 0.00775	 -0.56371
	 0.74217	 -0.50856	 0.98316	 0.59148	 -0.54799
	 0.74263	 -0.50856	 0.98714	 0.58955	 -0.55424
	 0.73881	 -0.47649	 0.98093	 0.00119	 -0.55464
	 0.73841	 -0.46669	 0.96603	 0.00775	 -0.53449
	 0.73865	 -0.47702	 0.98296	 0.10965	 -0.55772
	 0.73841	 -0.46030	 0.98513	 0.02677	 -0.56742
	 0.73842	 -0.47715	 0.98093	 0.02614	 -0.55388
	 0.73721	 -0.46030	 0.98263	 0.00204	 -0.56293
	 0.73724	 -0.35962	 0.99377	 0.00775	 -0.55111
	 0.73846	 -0.46030	 0.97801	 0.00775	 -0.55671
	 0.73841	 -0.45818	 0.98307	 0.00775	 -0.56506
	 0.73326	 -0.37596	 0.95256	 0.22351	 -0.54395
	 0.73326	 -0.37596	 0.98320	 0.33877	 -0.58140
	 0.73626	 -0.37596	 0.98320	 0.35895	 -0.56372
	 0.73312	 -0.37596	 0.98316	 0.30035	 -0.58194
	 0.73841	 -0.46030	 0.98513	 0.02677	 -0.56742
	 0.74089	 -0.43075	 0.98519	 0.64595	 -0.55814
	 0.73836	 -0.51229	 0.99394	 0.01020	 -0.55590
	 0.73841	 -0.46030	 0.98633	 0.00775	 -0.56913
	 0.73733	 -0.46030	 0.99367	 0.00775	 -0.57971
	 0.73874	 -0.45470	 0.98320	 0.60087	 -0.56699
	 0.73289	 -0.38156	 0.96547	 0.00775	 -0.56109
	 0.73326	 -0.37596	 0.98320	 0.45183	 -0.58127
	 0.73841	 -0.46030	 0.98263	 0.00684	 -0.56371
	 0.73326	 -0.41960	 0.98320	 0.33011	 -0.57766
	 0.74204	 -0.41456	 0.98341	 0.65954	 0.00000
	 0.73836	 -0.47799	 0.99394	 0.01020	 -0.57389
	 0.73326	 -0.37596	 0.96843	 0.33011	 -0.56419
	 0.73326	 -0.37596	 0.98638	 0.24188	 -0.58501
	 0.73571	 -0.37596	 0.98740	 0.64684	 -0.57087
	 0.73326	 -0.37596	 0.98320	 0.33011	 -0.58141
	 0.73326	 -0.37596	 0.98153	 0.60087	 -0.57921
	 0.73326	 -0.37596	 0.97697	 0.59137	 -0.57404
	 0.70931	 -0.37596	 0.98740	 0.35030	 -0.30288
	 0.73187	 -0.46030	 0.96383	 0.02677	 -0.52187
	 0.72668	 -0.37596	 0.98740	 0.62094	 -0.48897
	 0.73019	 -0.37808	 0.98646	 0.28011	 -0.56075
	 0.73841	 -0.46030	 0.98263	 0.00389	 -0.56370
	 0.73474	 -0.37596	 0.98331	 0.24349	 -0.57432
	 0.73326	 -0.37596	 0.99122	 0.62094	 -0.58989
	 0.73326	 -0.37596	 0.98320	 0.33011	 -0.58141
	 0.73312	 -0.37596	 0.98316	 0.59858	 -0.58162
	 0.74256	 -0.48335	 0.99267	 0.02324	 -0.56632
	 0.73527	 -0.37596	 0.98316	 0.59858	 -0.57011
	 0.71842	 -0.46030	 0.99367	 0.00775	 -0.46807
	 0.73841	 -0.46030	 0.98263	 0.00775	 -0.56371
	 0.74220	 -0.34439	 0.99350	 0.26911	 0.00000
	 0.73836	 -0.45992	 0.98662	 0.00775	 -0.56968
	 0.73841	 -0.46030	 0.98633	 0.10133	 -0.56928
	 0.73841	 -0.48279	 0.98263	 0.00386	 -0.55373
	 0.73326	 -0.37596	 0.98320	 0.32073	 -0.58142
	 0.74460	 -0.37596	 0.98316	 0.30035	 -0.48342
	 0.73326	 -0.37808	 0.98646	 0.28323	 -0.58556
	 0.73733	 -0.46030	 0.99417	 0.00775	 -0.58044
	 0.74096	 -0.37596	 0.99488	 0.56545	 -0.52651
	 0.73326	 -0.37596	 0.99122	 0.62094	 -0.58989
	 0.73326	 -0.41960	 0.98320	 0.29287	 -0.57755
	 0.73326	 -0.25721	 0.97658	 0.34214	 0.00000
	 0.67665	 -0.41960	 0.97103	 0.33011	 -0.20680
	 0.73326	 -0.37596	 0.98638	 0.24188	 -0.58501
	 0.70880	 -0.41638	 0.98320	 0.33011	 -0.34144
	 0.73733	 -0.38120	 0.99367	 0.00836	 -0.56718
	 0.73312	 -0.37596	 0.98642	 0.61297	 -0.58523
	 0.73326	 -0.37808	 0.98319	 0.26884	 -0.58193
	 0.73326	 -0.43396	 0.98320	 0.36872	 -0.57173
	 0.73313	 -0.37596	 0.98316	 0.29838	 -0.58194
	 0.73312	 -0.39780	 0.98316	 0.61267	 -0.58332
	 0.73326	 -0.37596	 0.98320	 0.31602	 -0.58143
	 0.73326	 -0.37596	 0.98740	 0.62094	 -0.58568
	 0.73326	 -0.37630	 0.98153	 0.60087	 -0.57930
	 0.73326	 -0.37596	 0.98320	 0.25788	 -0.58149
	 0.73836	 -0.46030	 0.99367	 0.00775	 -0.57948
	 0.73326	 -0.37596	 0.98320	 0.33011	 -0.58141
	 0.73326	 -0.37596	 0.98320	 0.32112	 -0.58142
	 0.73326	 -0.37596	 0.98050	 0.30106	 -0.57841
	 0.73326	 -0.37596	 0.98320	 0.33011	 -0.58141
	 0.73326	 -0.37596	 0.98320	 0.62148	 -0.58106
	 0.70499	 -0.37596	 0.99117	 0.59804	 -0.27926
	 0.73836	 -0.45992	 0.98661	 0.61514	 -0.57063
	 0.73954	 -0.41571	 0.98740	 0.02633	 -0.56367
	 0.70107	 -0.37596	 0.98320	 0.37148	 -0.26533
	 0.73326	 -0.37596	 0.97705	 0.32587	 -0.57445
	 0.73326	 -0.37596	 0.97404	 0.59137	 -0.57063
	 0.73326	 -0.37596	 0.98320	 0.35986	 -0.58138
	 0.73326	 -0.37455	 0.98320	 0.60349	 -0.58069
	 0.73326	 -0.42101	 0.98320	 0.32749	 -0.57713
	 0.73841	 -0.46030	 0.98513	 0.02677	 -0.56742
	 0.74198	 -0.37596	 0.98351	 0.33011	 -0.51092
	 0.73340	 -0.45768	 0.98740	 0.63307	 -0.56684
	 0.73823	 -0.37858	 0.96158	 0.02598	 -0.53371
	 0.73326	 -0.37596	 0.98738	 0.62094	 -0.58565
	 0.73326	 -0.37596	 0.99124	 0.62094	 -0.58991
	 0.73326	 -0.37596	 0.98320	 0.33877	 -0.58140
	 0.73313	 -0.37596	 0.98316	 0.29838	 -0.58194
	 0.73326	 -0.37593	 0.98108	 0.28593	 -0.57908
	 0.73551	 -0.37811	 0.99329	 0.60386	 -0.57895
	 0.73809	 -0.37596	 0.98316	 0.30035	 -0.54876
	 0.71751	 -0.37596	 0.98320	 0.60087	 -0.37135
	 0.73326	 -0.37817	 0.98737	 0.28323	 -0.58658
	 0.73326	 -0.37587	 0.98649	 0.68012	 -0.58458
	 0.73326	 -0.37830	 0.98310	 0.59858	 -0.58157
	 0.73313	 -0.32245	 0.98651	 0.28323	 0.00000
	 0.73312	 -0.37596	 0.97764	 0.30035	 -0.57565
	 0.73326	 -0.37808	 0.98646	 0.28323	 -0.58556
	 0.73326	 -0.26443	 0.98646	 0.62612	 0.00000
	 0.70952	 -0.44163	 0.99409	 0.27805	 -0.36054
	 0.71338	 -0.37596	 0.98646	 0.16812	 -0.34197
	 0.73326	 -0.37596	 0.98312	 0.39075	 -0.58125
	 0.73326	 -0.37817	 0.98319	 0.26884	 -0.58195
	 0.73326	 -0.37587	 0.98320	 0.25788	 -0.58147
	 0.73326	 -0.37596	 0.98320	 0.35986	 -0.58138
	 0.73312	 -0.37596	 0.98074	 0.30035	 -0.57921
	 0.73504	 -0.28981	 0.99122	 0.62094	 0.00000
	 0.73326	 -0.37596	 0.98740	 0.61915	 -0.58568
	 0.73312	 -0.37596	 0.98642	 0.61297	 -0.58523
	 0.73326	 -0.37596	 0.95892	 0.24188	 -0.55227
	 0.73312	 -0.37596	 0.98642	 0.61297	 -0.58523
	 0.73326	 -0.37596	 0.99122	 0.62094	 -0.58989
	 0.73312	 -0.37596	 0.98316	 0.59858	 -0.58162
	 0.73326	 -0.37596	 0.97073	 0.32932	 -0.56698
	 0.73326	 -0.42166	 0.98320	 0.32101	 -0.57686
	 0.73326	 -0.37596	 0.98638	 0.24188	 -0.58501
	 0.73813	 -0.36775	 0.98316	 0.29164	 -0.54217
	 0.73312	 -0.39780	 0.98316	 0.61654	 -0.58333
	 0.73312	 -0.37596	 0.98316	 0.27918	 -0.58197
	 0.73479	 -0.41651	 0.98316	 0.59979	 -0.57875
	 0.68749	 -0.37596	 0.98320	 0.25688	 -0.21682
	 0.73473	 -0.37596	 0.98320	 0.32173	 -0.57406
	 0.73326	 -0.37596	 0.98320	 0.45183	 -0.58127
	 0.73326	 -0.37596	 0.98638	 0.24188	 -0.58501
	 0.73326	 -0.37596	 0.98759	 0.24188	 -0.58632
	 0.73326	 -0.37596	 0.98740	 0.62094	 -0.58568
	 0.73326	 -0.37596	 0.98784	 0.62094	 -0.58615
	 0.73326	 -0.37596	 0.99076	 0.62094	 -0.58938
	 0.71065	 -0.37808	 0.98650	 0.31050	 -0.31705
	 0.73326	 -0.37596	 0.98736	 0.63810	 -0.58561
	 0.73326	 -0.37596	 0.98740	 0.66763	 -0.58564
	 0.73326	 -0.37596	 0.98898	 0.17491	 -0.58789
	 0.73326	 -0.37596	 0.98360	 0.62094	 -0.58151
	 0.73326	 -0.37817	 0.98737	 0.24180	 -0.58662
	 0.73326	 -0.37579	 0.98636	 0.24188	 -0.58495
	 0.73326	 -0.37825	 0.98321	 0.26884	 -0.58198
	 0.73326	 -0.37596	 0.98638	 0.24188	 -0.58501
	 0.73326	 -0.37596	 0.98638	 0.21061	 -0.58504
	 0.73326	 -0.37596	 0.98320	 0.32073	 -0.58142
	 0.73326	 -0.37596	 0.99124	 0.62094	 -0.58991
	 0.74370	 -0.44980	 0.98531	 0.61297	 -0.54586
	 0.73326	 -0.37596	 0.98738	 0.62094	 -0.58565
	 0.73326	 -0.37587	 0.98649	 0.68282	 -0.58458
	 0.73312	 -0.37596	 0.98642	 0.66843	 -0.58517
	 0.73312	 -0.34464	 0.98316	 0.59858	 -0.56552
	 0.73326	 -0.37808	 0.97191	 0.32992	 -0.56868
	 0.73312	 -0.37596	 0.98642	 0.61297	 -0.58523
	 0.73326	 -0.37808	 0.98646	 0.23288	 -0.58560
	 0.73326	 -0.37596	 0.99288	 0.57149	 -0.59177
	 0.73326	 -0.37596	 0.98515	 0.64815	 -0.58318
	 0.73326	 -0.37596	 0.98740	 0.68911	 -0.58559
	 0.73344	 -0.41837	 0.98319	 0.26884	 -0.57801
	 0.73312	 -0.42310	 0.98642	 0.61320	 -0.58156
	 0.73312	 -0.37596	 0.98827	 0.27918	 -0.58762
	 0.72061	 -0.39950	 0.98313	 0.58979	 -0.42442
	 0.73326	 -0.37648	 0.98740	 0.29781	 -0.58617
	 0.73326	 -0.37596	 0.99122	 0.62094	 -0.58989
	 0.73326	 -0.37596	 0.99122	 0.62094	 -0.58989
	 0.73326	 -0.37596	 0.99122	 0.62094	 -0.58989
	 0.70086	 -0.37830	 0.98310	 0.59858	 -0.26379
	 0.70888	 -0.37596	 0.98316	 0.30035	 -0.30149
	 0.73463	 -0.37817	 0.96871	 0.25936	 -0.56003
	 0.73326	 -0.37596	 0.99101	 0.62094	 -0.58966
	 0.73326	 -0.37596	 0.98761	 0.62970	 -0.58589
	 0.73326	 -0.37596	 0.98740	 0.62094	 -0.58568
	 0.71449	 -0.37596	 0.98784	 0.65449	 -0.33635
	 0.73326	 -0.37808	 0.98646	 0.23288	 -0.58560
	 0.71411	 -0.38873	 0.99122	 0.62094	 -0.34871
	 0.72771	 -0.37596	 0.98406	 0.62094	 -0.50848
	 0.73326	 -0.37596	 0.98740	 0.62094	 -0.58568
	 0.73326	 -0.37591	 0.98731	 0.62094	 -0.58555
	 0.73326	 -0.37653	 0.99134	 0.29781	 -0.59053
	 0.73326	 -0.37584	 0.98646	 0.28191	 -0.58501
	 0.73326	 -0.37820	 0.98759	 0.24520	 -0.58687
	 0.73326	 -0.37808	 0.98646	 0.28323	 -0.58556
	 0.73326	 -0.37678	 0.99226	 0.66665	 -0.59127
	 0.73326	 -0.37596	 0.99099	 0.62094	 -0.58963
	 0.69244	 -0.37596	 0.98093	 0.62094	 -0.22167
	 0.73326	 -0.36487	 0.99122	 0.62094	 -0.58522
	 0.73326	 -0.37596	 0.98740	 0.62094	 -0.58568
	 0.73326	 -0.42335	 0.98738	 0.62094	 -0.58291
	 0.73326	 -0.37596	 0.98761	 0.62970	 -0.58589
	 0.73326	 -0.37596	 0.99209	 0.62094	 -0.59085
	 0.74196	 -0.45716	 0.99131	 0.62094	 -0.56500
	 0.73326	 -0.37596	 0.99122	 0.62094	 -0.58989
	 0.73294	 -0.37596	 0.99122	 0.62094	 -0.59146
	 0.73326	 -0.42013	 0.98740	 0.62094	 -0.58405
	 0.73326	 -0.37596	 0.98898	 0.17491	 -0.58789
	 0.74269	 -0.37596	 0.98921	 0.62101	 -0.50532
	 0.73326	 -0.37596	 0.98725	 0.61908	 -0.58551
	 0.73326	 -0.37596	 0.99116	 0.62094	 -0.58982
	 0.73312	 -0.37596	 0.99477	 0.24469	 -0.59480
	 0.73326	 -0.37596	 0.98740	 0.62061	 -0.58568
	 0.73326	 -0.37596	 0.98395	 0.57181	 -0.58195
	 0.72434	 -0.37596	 0.99358	 0.57149	 -0.44711
	 0.73326	 -0.37596	 0.99177	 0.62094	 -0.59050
	 0.69734	 -0.37596	 0.99122	 0.62094	 -0.24064
	 0.73326	 -0.37596	 0.99122	 0.62094	 -0.58989
	 0.73326	 -0.37596	 0.98740	 0.68911	 -0.58559
	 0.73326	 -0.37596	 0.99076	 0.62094	 -0.58938
	 0.73326	 -0.37596	 0.99122	 0.62094	 -0.58989
	 0.73326	 -0.38459	 0.99124	 0.62094	 -0.59216
	 0.73326	 -0.34920	 0.98737	 0.28323	 -0.57303
	 0.72492	 -0.37805	 0.99122	 0.62094	 -0.45878
	 0.73935	 -0.37596	 0.98635	 0.24188	 -0.53923
	 0.73326	 -0.38459	 0.95273	 0.62094	 -0.54452
	 0.73326	 -0.37596	 0.99122	 0.64583	 -0.58986
	 0.73832	 -0.37596	 0.99177	 0.62094	 -0.55175
	 0.73696	 -0.37653	 0.99134	 0.27126	 -0.56513
	 0.73326	 -0.40773	 0.99209	 0.68968	 -0.59347
	 0.73188	 -0.37596	 0.99209	 0.62094	 -0.59664
	 0.73326	 -0.37596	 0.99194	 0.62094	 -0.59068
	 0.73326	 -0.40375	 0.98212	 0.62094	 -0.58108
	 0.73326	 -0.37596	 0.98761	 0.62970	 -0.58589
	 0.73326	 -0.37596	 0.97460	 0.63629	 -0.57123
	 0.73326	 -0.37596	 0.99124	 0.65185	 -0.58988
	 0.73326	 -0.38489	 0.99207	 0.62094	 -0.59317
	 0.73326	 -0.37596	 0.99099	 0.62094	 -0.58963
	 0.73326	 -0.38459	 0.98733	 0.62094	 -0.58759
	 0.73528	 -0.37596	 0.99477	 0.24469	 -0.58123
	 0.73312	 -0.37596	 0.99477	 0.24469	 -0.59480
	 0.73326	 -0.37596	 0.99122	 0.62094	 -0.58989
	 0.73326	 -0.37817	 0.98737	 0.28974	 -0.58658
	 0.73326	 -0.43332	 0.99226	 0.66665	 -0.58590
	 0.74461	 -0.27521	 0.99288	 0.66274	 0.00000
	 0.73326	 -0.37595	 0.99451	 0.57539	 -0.59353
	 0.73504	 -0.41176	 0.99101	 0.62094	 -0.58852
	 0.74023	 -0.37596	 0.99288	 0.57149	 -0.53326
	 0.73326	 -0.37596	 0.99157	 0.62970	 -0.59026
	 0.73326	 -0.37596	 0.98726	 0.62094	 -0.58552
	 0.73326	 -0.37596	 0.99122	 0.62094	 -0.58989
	 0.73382	 -0.37596	 0.98566	 0.62061	 -0.58111
	 0.73326	 -0.37596	 0.99177	 0.59630	 -0.59053
	 0.73326	 -0.37596	 0.99122	 0.62094	 -0.58989
	 0.72468	 -0.37651	 0.99076	 0.29094	 -0.45999
	 0.73326	 -0.37597	 0.99134	 0.62781	 -0.59001
	 0.73326	 -0.37810	 0.98716	 0.57166	 -0.58606
	 0.73326	 -0.37645	 0.99098	 0.38081	 -0.59003
	 0.74177	 -0.41927	 0.99122	 0.60738	 -0.54974
	 0.73326	 -0.37596	 0.99122	 0.62094	 -0.58989
	 0.73326	 -0.51015	 0.98709	 0.62094	 -0.53536
	 0.73294	 -0.37596	 0.96308	 0.62094	 -0.55831
	 0.73294	 -0.37596	 0.98709	 0.31497	 -0.58705
	 0.74241	 -0.37596	 0.99117	 0.58515	 0.00000
	 0.73947	 -0.37596	 0.99122	 0.62086	 -0.54013
	 0.73326	 -0.40773	 0.99209	 0.68976	 -0.59347
	 0.73326	 -0.37596	 0.99117	 0.25338	 -0.59025
	 0.73313	 -0.37645	 0.99455	 0.37211	 -0.59459
	 0.73892	 -0.37596	 0.98101	 0.62094	 -0.53902
	 0.71769	 -0.37653	 0.99134	 0.29781	 -0.37945
	 0.73326	 -0.37596	 0.99477	 0.24469	 -0.59410
	 0.70633	 -0.34645	 0.99116	 0.62094	 -0.27092
	 0.73326	 -0.37674	 0.99226	 0.66665	 -0.59125
	 0.74188	 -0.37599	 0.99209	 0.62094	 0.00000
	 0.73326	 -0.38256	 0.99225	 0.62094	 -0.59290
	 0.73326	 -0.37596	 0.99124	 0.62094	 -0.58991
	 0.73294	 -0.37596	 0.99122	 0.62094	 -0.59146
	 0.73326	 -0.37595	 0.97780	 0.57539	 -0.57501
	 0.73326	 -0.37596	 0.99449	 0.57122	 -0.59351
	 0.73326	 -0.37595	 0.99291	 0.57566	 -0.59179
	 0.73326	 -0.37596	 0.98631	 0.62094	 -0.58448
	 0.73188	 -0.35992	 0.99209	 0.62094	 -0.56971
	 0.73326	 -0.37653	 0.99134	 0.30794	 -0.59052
	 0.73326	 -0.38459	 0.99124	 0.61081	 -0.59217
	 0.73326	 -0.37596	 0.99157	 0.62970	 -0.59026
	 0.73312	 -0.35540	 0.99477	 0.24469	 -0.58488
	 0.73326	 -0.37596	 0.99122	 0.78259	 -0.58970
	 0.74454	 -0.37596	 0.99406	 0.62094	 -0.48698
	 0.72939	 -0.37596	 0.99477	 0.24469	 -0.54892
	 0.73324	 -0.37596	 0.99116	 0.62094	 -0.58995
	 0.73326	 -0.37596	 0.99195	 0.62094	 -0.59069
	 0.73326	 -0.37596	 0.99136	 0.62094	 -0.59004
	 0.72980	 -0.37596	 0.99288	 0.57877	 -0.54432
	 0.73326	 -0.38459	 0.99124	 0.62094	 -0.59216
	 0.73191	 -0.37596	 0.99207	 0.62094	 -0.59651
	 0.73323	 -0.37596	 0.99196	 0.62094	 -0.59086
	 0.73326	 -0.37597	 0.99176	 0.55274	 -0.59056
	 0.73326	 -0.30622	 0.99122	 0.62133	 0.00000
	 0.73326	 -0.37596	 0.99122	 0.62094	 -0.58989
	 0.73326	 -0.39302	 0.99207	 0.62094	 -0.59417
	 0.73326	 -0.37596	 0.99344	 0.62094	 -0.59233
	 0.73696	 -0.37490	 0.99194	 0.64116	 -0.56376
	 0.73326	 -0.37596	 0.99250	 0.62094	 -0.59129
	 0.73326	 -0.37596	 0.99157	 0.62970	 -0.59026
	 0.73326	 -0.28588	 0.99194	 0.62094	 0.00000
	 0.73191	 -0.37596	 0.99207	 0.62094	 -0.59651
	 0.73323	 -0.37596	 0.99196	 0.62094	 -0.59085
	 0.72689	 -0.37596	 0.99195	 0.62094	 -0.49166
	 0.73326	 -0.40773	 0.99209	 0.68976	 -0.59347
	 0.73326	 -0.37597	 0.99176	 0.55274	 -0.59056
	 0.73326	 -0.40847	 0.99209	 0.71837	 -0.59338
	 0.73326	 -0.37521	 0.99451	 0.54735	 -0.59330
	 0.73188	 -0.37596	 0.99209	 0.61071	 -0.59664
	 0.74004	 -0.38459	 0.99474	 0.62105	 -0.54355
	 0.73326	 -0.40773	 0.99373	 0.68976	 -0.59559
	 0.73326	 -0.38459	 0.99124	 0.61081	 -0.59217
	 0.73326	 -0.37593	 0.98793	 0.30289	 -0.58660
	 0.73326	 -0.37655	 0.99134	 0.60205	 -0.59023
	 0.73326	 -0.37596	 0.99154	 0.24469	 -0.59063
	 0.73191	 -0.37596	 0.99207	 0.62094	 -0.59651
	 0.73326	 -0.37596	 0.99449	 0.57122	 -0.59351
	 0.73326	 -0.38489	 0.99207	 0.62094	 -0.59317
	 0.73313	 -0.37645	 0.99455	 0.37211	 -0.59459
	 0.73326	 -0.38489	 0.99207	 0.62094	 -0.59317
	 0.73326	 -0.40265	 0.99209	 0.60342	 -0.59402
	 0.74416	 -0.37789	 0.99485	 0.70720	 -0.49310
	 0.73326	 -0.37596	 0.99477	 0.56424	 -0.59384
	 0.73034	 -0.37596	 0.99449	 0.25167	 -0.56720
	 0.73326	 -0.39302	 0.99206	 0.62094	 -0.59417
	 0.73326	 -0.38256	 0.97521	 0.62094	 -0.57307
	 0.73326	 -0.38459	 0.99198	 0.62094	 -0.59302
	 0.73326	 -0.43837	 0.99133	 0.62094	 -0.58223
	 0.73312	 -0.37596	 0.99477	 0.24469	 -0.59480
	 0.69643	 -0.37596	 0.99477	 0.24469	 -0.24666
	 0.72026	 -0.37596	 0.99477	 0.24469	 -0.40424
	 0.73313	 -0.37596	 0.99122	 0.62094	 -0.59056
	 0.73326	 -0.32399	 0.99451	 0.57539	 -0.55477
	 0.73326	 -0.39627	 0.99226	 0.59546	 -0.59451
	 0.73326	 -0.38459	 0.99124	 0.62094	 -0.59216
	 0.73326	 -0.37678	 0.98975	 0.66665	 -0.58846
	 0.73326	 -0.38459	 0.99124	 0.62094	 -0.59216
	 0.73313	 -0.37645	 0.99455	 0.37211	 -0.59459
	 0.73326	 -0.37596	 0.99350	 0.62094	 -0.59239
	 0.73188	 -0.40779	 0.99203	 0.62094	 -0.59372
	 0.73191	 -0.37596	 0.99207	 0.62094	 -0.59651
	 0.69622	 -0.37596	 0.99207	 0.62094	 -0.24186
	 0.73191	 -0.37596	 0.99207	 0.62094	 -0.59651
	 0.73312	 -0.37596	 0.99477	 0.24469	 -0.59480
	 0.73313	 -0.37645	 0.99455	 0.37211	 -0.59459
	 0.69752	 -0.34512	 0.99207	 0.62094	 -0.22116
	 0.73187	 -0.43192	 0.99214	 0.62094	 -0.58406
	 0.73314	 -0.40786	 0.99486	 0.24469	 -0.59678
	 0.73312	 -0.39312	 0.99180	 0.24469	 -0.59414
	 0.73326	 -0.37665	 0.96082	 0.62094	 -0.55464
	 0.73676	 -0.36401	 0.99209	 0.61071	 -0.55716
	 0.73313	 -0.37645	 0.99455	 0.37211	 -0.59459
	 0.73326	 -0.38256	 0.99225	 0.62094	 -0.59290
	 0.73326	 -0.38335	 0.99207	 0.62971	 -0.59286
	 0.73191	 -0.37596	 0.99207	 0.62094	 -0.59651
	 0.73326	 -0.40773	 0.99373	 0.68976	 -0.59559
	 0.73326	 -0.39302	 0.99207	 0.61339	 -0.59417
	 0.73326	 -0.39627	 0.99226	 0.59546	 -0.59451
	 0.66920	 -0.37591	 0.99490	 0.24469	 -0.17536
	 0.69541	 -0.37651	 0.99473	 0.37211	 -0.24662
	 0.73313	 -0.37645	 0.99455	 0.37211	 -0.59459
	 0.73326	 -0.37521	 0.98911	 0.54735	 -0.58739
	 0.73192	 -0.39302	 0.99207	 0.62094	 -0.59684
	 0.73325	 -0.37596	 0.99206	 0.62094	 -0.59088
	 0.73326	 -0.38459	 0.99168	 0.62094	 -0.59267
	 0.73188	 -0.37596	 0.99209	 0.62094	 -0.59664
	 0.73326	 -0.37596	 0.99477	 0.24469	 -0.59410
	 0.73326	 -0.38256	 0.99225	 0.62094	 -0.59290
	 0.73326	 -0.37596	 0.99449	 0.57122	 -0.59351
	 0.73326	 -0.40773	 0.98634	 0.68976	 -0.58597
	 0.73111	 -0.38578	 0.99209	 0.68480	 -0.59183
	 0.73326	 -0.45272	 0.99207	 0.62590	 -0.57612
	 0.73320	 -0.29659	 0.99482	 0.27762	 0.00000
	 0.73194	 -0.37596	 0.99201	 0.58338	 -0.59637
	 0.73326	 -0.39302	 0.99207	 0.62094	 -0.59417
	 0.73313	 -0.37645	 0.99455	 0.37211	 -0.59459
	 0.73312	 -0.37596	 0.99477	 0.24469	 -0.59480
	 0.73326	 -0.37596	 0.99350	 0.62094	 -0.59239
	 0.73476	 -0.37596	 0.99209	 0.62094	 -0.58194
	 0.73326	 -0.34720	 0.99226	 0.59546	 -0.57494
	 0.73326	 -0.35744	 0.99481	 0.68976	 -0.58434
	 0.73312	 -0.37596	 0.99400	 0.24469	 -0.59397
	 0.73188	 -0.35083	 0.99209	 0.55512	 -0.56355
	 0.73314	 -0.33269	 0.99486	 0.24469	 -0.56660
	 0.73194	 -0.39627	 0.99226	 0.59546	 -0.59662
	 0.73324	 -0.37596	 0.99207	 0.62094	 -0.59095
	 0.73190	 -0.37596	 0.99213	 0.62094	 -0.59662
	 0.73314	 -0.37596	 0.99470	 0.24469	 -0.59467
	 0.72807	 -0.37596	 0.99477	 0.24469	 -0.51721
	 0.73188	 -0.37596	 0.99209	 0.62094	 -0.59664
	 0.73976	 -0.37645	 0.99443	 0.37211	 -0.53969
	 0.73191	 -0.37596	 0.99218	 0.62094	 -0.59664
	 0.73209	 -0.37596	 0.99207	 0.62094	 -0.59589
	 0.73326	 -0.40773	 0.99373	 0.68976	 -0.59559
	 0.72378	 -0.36763	 0.99207	 0.62094	 -0.44142
	 0.73326	 -0.39590	 0.99206	 0.62094	 -0.59426
	 0.73313	 -0.37598	 0.99477	 0.23135	 -0.59479
	 0.73053	 -0.37644	 0.99455	 0.38545	 -0.56631
	 0.73191	 -0.37596	 0.99207	 0.62094	 -0.59651
	 0.73191	 -0.37596	 0.99207	 0.62094	 -0.59651
	 0.73313	 -0.37645	 0.99455	 0.37211	 -0.59459
	 0.73188	 -0.40779	 0.99203	 0.62094	 -0.59372
	 0.73312	 -0.37596	 0.99477	 0.18609	 -0.59485
	 0.73192	 -0.39302	 0.99207	 0.62094	 -0.59684
	 0.71930	 -0.37596	 0.97940	 0.58338	 -0.37909
	 0.73188	 -0.37596	 0.99209	 0.61071	 -0.59664
	 0.73326	 -0.31947	 0.99485	 0.24469	 0.00000
	 0.73313	 -0.38416	 0.99365	 0.68168	 -0.59536
	 0.73188	 -0.39275	 0.99209	 0.58047	 -0.59691
	 0.73192	 -0.37622	 0.99207	 0.62094	 -0.59651
	 0.73194	 -0.37596	 0.99201	 0.58338	 -0.59637
	 0.73188	 -0.37596	 0.99209	 0.62094	 -0.59664
	 0.73720	 -0.39627	 0.99226	 0.59467	 -0.57526
	 0.73326	 -0.37596	 0.99477	 0.24469	 -0.59410
	 0.73317	 -0.37596	 0.99477	 0.58137	 -0.59427
	 0.73183	 -0.37596	 0.99209	 0.27403	 -0.59691
	 0.73191	 -0.37596	 0.99207	 0.62094	 -0.59651
	 0.73191	 -0.37596	 0.99207	 0.62094	 -0.59651
	 0.73313	 -0.35821	 0.98546	 0.38532	 -0.57741
	 0.73460	 -0.39627	 0.99226	 0.59546	 -0.59012
	 0.73191	 -0.37596	 0.99207	 0.62094	 -0.59651
	 0.73188	 -0.37596	 0.99209	 0.62094	 -0.59664
	 0.73194	 -0.39627	 0.99226	 0.59546	 -0.59662
	 0.73191	 -0.37596	 0.99207	 0.62094	 -0.59651
	 0.73114	 -0.37596	 0.99257	 0.62094	 -0.58188
	 0.73188	 -0.38426	 0.99209	 0.67100	 -0.59735
	 0.73313	 -0.38416	 0.99365	 0.66671	 -0.59537
	 0.73326	 -0.40773	 0.99373	 0.68976	 -0.59559
	 0.73188	 -0.37596	 0.96399	 0.60968	 -0.56189
	 0.73188	 -0.37596	 0.99209	 0.61071	 -0.59664
	 0.73318	 -0.37596	 0.99207	 0.37151	 -0.59151
	 0.73187	 -0.40786	 0.99486	 0.60496	 -0.59748
	 0.73190	 -0.37596	 0.98352	 0.64239	 -0.58622
	 0.73192	 -0.39302	 0.99207	 0.62094	 -0.59684
	 0.74029	 -0.37596	 0.99319	 0.27403	 -0.53324
	 0.73326	 -0.40773	 0.99373	 0.68976	 -0.59559
	 0.73193	 -0.37596	 0.99201	 0.56252	 -0.59639
	 0.73188	 -0.34128	 0.99209	 0.61995	 -0.55530
	 0.73188	 -0.39275	 0.99207	 0.58047	 -0.59689
	 0.73191	 -0.37596	 0.99209	 0.60803	 -0.59654
	 0.73313	 -0.46173	 0.99494	 0.66718	 -0.57517
	 0.73212	 -0.40869	 0.97708	 0.25918	 -0.57173
	 0.73188	 -0.37622	 0.99207	 0.61069	 -0.59666
	 0.73192	 -0.37596	 0.96783	 0.62095	 -0.56677
	 0.73188	 -0.39227	 0.99209	 0.58047	 -0.59696
	 0.73191	 -0.37644	 0.99207	 0.62094	 -0.59659
	 0.73190	 -0.37596	 0.99391	 0.62164	 -0.59873
	 0.73188	 -0.37596	 0.99209	 0.59777	 -0.59665
	 0.73183	 -0.37596	 0.99209	 0.27403	 -0.59691
	 0.73188	 -0.37596	 0.98392	 0.62094	 -0.58677
	 0.69992	 -0.37596	 0.99209	 0.62094	 -0.25450
	 0.73192	 -0.39302	 0.99207	 0.62094	 -0.59684
	 0.73192	 -0.38948	 0.99213	 0.62246	 -0.59721
	 0.73326	 -0.40855	 0.99367	 0.73722	 -0.59542
	 0.73424	 -0.39302	 0.99405	 0.74562	 -0.59296
	 0.73191	 -0.37596	 0.99218	 0.62094	 -0.59664
	 0.73191	 -0.37596	 0.97287	 0.62094	 -0.57317
	 0.72740	 -0.37596	 0.99207	 0.62094	 -0.50342
	 0.73435	 -0.37596	 0.99209	 0.62094	 -0.58462
	 0.73188	 -0.37596	 0.99207	 0.62094	 -0.59663
	 0.73191	 -0.37596	 0.99218	 0.62094	 -0.59664
	 0.73192	 -0.38948	 0.99213	 0.62246	 -0.59721
	 0.73188	 -0.43725	 0.99209	 0.67100	 -0.58147
	 0.73188	 -0.37622	 0.99234	 0.61069	 -0.59699
	 0.73188	 -0.39202	 0.99209	 0.61071	 -0.59701
	 0.73188	 -0.37620	 0.99209	 0.58047	 -0.59669
	 0.72312	 -0.37596	 0.98609	 0.67377	 -0.43072
	 0.73188	 -0.39275	 0.99207	 0.58047	 -0.59689
	 0.73188	 -0.37596	 0.97562	 0.59781	 -0.57667
	 0.73188	 -0.37596	 0.99209	 0.61066	 -0.59664
	 0.73188	 -0.38802	 0.99209	 0.62094	 -0.59730
	 0.73192	 -0.37742	 0.99342	 0.66908	 -0.59827
	 0.73191	 -0.37596	 0.99209	 0.60803	 -0.59654
	 0.73187	 -0.40786	 0.99486	 0.56499	 -0.59743
	 0.73786	 -0.37522	 0.99395	 0.59755	 -0.55710
	 0.73190	 -0.39349	 0.99206	 0.58047	 -0.59676
	 0.73188	 -0.37543	 0.99209	 0.51561	 -0.59660
	 0.73188	 -0.39328	 0.99207	 0.58047	 -0.59683
	 0.73194	 -0.39607	 0.99226	 0.30886	 -0.59638
	 0.73183	 -0.37616	 0.99209	 0.50435	 -0.59686
	 0.73188	 -0.37575	 0.99207	 0.62094	 -0.59659
	 0.73192	 -0.39323	 0.99207	 0.68825	 -0.59686
	 0.71598	 -0.37596	 0.99207	 0.62094	 -0.35147
	 0.73188	 -0.39302	 0.99207	 0.54868	 -0.59683
	 0.73192	 -0.39302	 0.99207	 0.62094	 -0.59684
	 0.73190	 -0.37596	 0.99391	 0.62164	 -0.59873
	 0.73192	 -0.39302	 0.99207	 0.60930	 -0.59683
	 0.73192	 -0.39302	 0.99402	 0.62094	 -0.59932
	 0.74200	 -0.39275	 0.99209	 0.63700	 0.00000
	 0.73183	 -0.37596	 0.99209	 0.27403	 -0.59691
	 0.73183	 -0.37596	 0.97754	 0.61275	 -0.57916
	 0.73188	 -0.37596	 0.99209	 0.27198	 -0.59676
	 0.70513	 -0.39302	 0.99207	 0.62094	 -0.29032
	 0.73188	 -0.38426	 0.99209	 0.67100	 -0.59735
	 0.73188	 -0.39616	 0.99209	 0.59455	 -0.59646
	 0.68366	 -0.39238	 0.99387	 0.56784	 -0.21633
	 0.73194	 -0.39627	 0.99226	 0.58055	 -0.59661
	 0.73192	 -0.39302	 0.99207	 0.61072	 -0.59683
	 0.73188	 -0.37596	 0.99209	 0.62094	 -0.59664
	 0.73188	 -0.37596	 0.99209	 0.59777	 -0.59665
	 0.64807	 -0.39304	 0.99354	 0.58047	 -0.14415
	 0.73771	 -0.40255	 0.99206	 0.62094	 -0.57440
	 0.73314	 -0.40786	 0.99486	 0.21805	 -0.59676
	 0.73190	 -0.37596	 0.99391	 0.64828	 -0.59872
	 0.73188	 -0.38426	 0.99200	 0.62037	 -0.59723
	 0.73190	 -0.37596	 0.96458	 0.67226	 -0.56265
	 0.73192	 -0.38944	 0.99213	 0.60137	 -0.59719
	 0.73192	 -0.37746	 0.99343	 0.61965	 -0.59830
	 0.73188	 -0.39202	 0.99273	 0.27684	 -0.59758
	 0.73327	 -0.37596	 0.99209	 0.60789	 -0.59084
	 0.73188	 -0.40591	 0.99209	 0.61071	 -0.59432
	 0.71744	 -0.38426	 0.99209	 0.67100	 -0.38377
	 0.73188	 -0.38802	 0.99209	 0.63311	 -0.59731
	 0.73618	 -0.40786	 0.99486	 0.60496	 -0.58813
	 0.73183	 -0.39847	 0.99209	 0.27948	 -0.59571
	 0.73192	 -0.37051	 0.99402	 0.62094	 -0.58779
	 0.73192	 -0.37623	 0.99391	 0.62164	 -0.59869
	 0.73190	 -0.39275	 0.99453	 0.62094	 -0.60002
	 0.73187	 -0.42348	 0.99486	 0.61328	 -0.59179
	 0.73183	 -0.37616	 0.99209	 0.62517	 -0.59682
	 0.73192	 -0.33565	 0.99213	 0.53587	 -0.55026
	 0.73192	 -0.37742	 0.99342	 0.66481	 -0.59828
	 0.73188	 -0.39275	 0.99209	 0.58047	 -0.59691
	 0.73188	 -0.39227	 0.99209	 0.58047	 -0.59696
	 0.74250	 -0.40786	 0.99486	 0.56499	 0.00000
	 0.73188	 -0.39275	 0.99209	 0.58047	 -0.59691
	 0.73187	 -0.37541	 0.99199	 0.27403	 -0.59660
	 0.73183	 -0.40952	 0.99492	 0.60496	 -0.59705
	 0.73188	 -0.39275	 0.99207	 0.58047	 -0.59689
	 0.73192	 -0.39302	 0.99207	 0.62094	 -0.59684
	 0.73192	 -0.39302	 0.99352	 0.62094	 -0.59869
	 0.73192	 -0.39302	 0.99207	 0.62094	 -0.59684
	 0.73188	 -0.38426	 0.95329	 0.67100	 -0.54706
	 0.73183	 -0.37596	 0.99209	 0.27403	 -0.59691
	 0.73190	 -0.39111	 0.99391	 0.65850	 -0.59941
	 0.73192	 -0.37433	 0.99213	 0.57676	 -0.59628
	 0.73192	 -0.39302	 0.99207	 0.50336	 -0.59675
	 0.73188	 -0.39876	 0.96475	 0.61914	 -0.55907
	 0.73291	 -0.39302	 0.99207	 0.60930	 -0.59509
	 0.73188	 -0.38426	 0.99209	 0.67100	 -0.59735
	 0.73183	 -0.37734	 0.99393	 0.66961	 -0.59915
	 0.73192	 -0.40960	 0.99342	 0.60443	 -0.59504
	 0.73188	 -0.39173	 0.99209	 0.67132	 -0.59708
	 0.73456	 -0.37623	 0.99441	 0.62696	 -0.58564
	 0.72247	 -0.36171	 0.98889	 0.64828	 -0.40901
	 0.73192	 -0.37742	 0.99428	 0.66481	 -0.59929
	 0.73190	 -0.37841	 0.99336	 0.63900	 -0.59842
	 0.71297	 -0.39016	 0.99398	 0.64589	 -0.33853
	 0.73192	 -0.44066	 0.99343	 0.62987	 -0.58161
	 0.73187	 -0.40786	 0.99486	 0.61582	 -0.59750
	 0.73190	 -0.35843	 0.99453	 0.24673	 -0.57179
	 0.73188	 -0.39281	 0.99273	 0.55070	 -0.59770
	 0.73188	 -0.45204	 0.99209	 0.58047	 -0.57325
	 0.73188	 -0.39275	 0.99324	 0.58047	 -0.59838
	 0.73190	 -0.37894	 0.99391	 0.62574	 -0.59915
	 0.73188	 -0.46366	 0.99209	 0.63311	 -0.56674
	 0.73188	 -0.37622	 0.99402	 0.61069	 -0.59897
	 0.73183	 -0.37596	 0.99209	 0.27403	 -0.59691
	 0.73188	 -0.39275	 0.99164	 0.58047	 -0.59633
	 0.73183	 -0.29596	 0.99209	 0.27403	 0.00000
	 0.73739	 -0.30885	 0.99209	 0.67110	 0.00000
	 0.73592	 -0.40489	 0.99213	 0.62236	 -0.58585
	 0.73188	 -0.31047	 0.97462	 0.63986	 0.00000
	 0.73190	 -0.37596	 0.99391	 0.62164	 -0.59873
	 0.73187	 -0.40786	 0.99487	 0.56499	 -0.59745
	 0.73192	 -0.39302	 0.99402	 0.62094	 -0.59932
	 0.73192	 -0.35546	 0.99213	 0.62246	 -0.56646
	 0.73187	 -0.40786	 0.99486	 0.56499	 -0.59743
	 0.73183	 -0.37596	 0.99209	 0.27403	 -0.59691
	 0.73190	 -0.39072	 0.99453	 0.62094	 -0.60018
	 0.73188	 -0.39227	 0.99209	 0.58047	 -0.59696
	 0.73750	 -0.39302	 0.99352	 0.75598	 -0.57212
	 0.73190	 -0.37596	 0.99391	 0.62164	 -0.59873
	 0.74484	 -0.39302	 0.99352	 0.62094	 -0.49922
	 0.73183	 -0.38944	 0.99213	 0.60137	 -0.59733
	 0.73192	 -0.40952	 0.99492	 0.60496	 -0.59709
	 0.73190	 -0.39111	 0.99391	 0.65850	 -0.59941
	 0.73190	 -0.37596	 0.99391	 0.62164	 -0.59873
	 0.73192	 -0.39302	 0.99456	 0.55844	 -0.59997
	 0.73192	 -0.29672	 0.98857	 0.66908	 0.00000
	 0.72474	 -0.39946	 0.99391	 0.72334	 -0.47590
	 0.73192	 -0.40650	 0.99402	 0.62094	 -0.59677
	 0.73190	 -0.39111	 0.99391	 0.65850	 -0.59941
	 0.73192	 -0.39302	 0.99402	 0.62094	 -0.59932
	 0.73188	 -0.38763	 0.99209	 0.62094	 -0.59731
	 0.73190	 -0.39314	 0.99478	 0.62094	 -0.60031
	 0.73190	 -0.37596	 0.99471	 0.62164	 -0.59967
	 0.73190	 -0.39275	 0.99453	 0.59246	 -0.60000
	 0.73192	 -0.37961	 0.99428	 0.66481	 -0.59958
	 0.73190	 -0.37746	 0.99392	 0.62574	 -0.59896
	 0.72595	 -0.39072	 0.99453	 0.62094	 -0.49424
	 0.69283	 -0.39302	 0.99402	 0.62094	 -0.24093
	 0.73192	 -0.39302	 0.99279	 0.65849	 -0.59778
	 0.73190	 -0.39111	 0.99402	 0.62095	 -0.59952
	 0.73188	 -0.37622	 0.99402	 0.61069	 -0.59897
	 0.73192	 -0.39302	 0.98669	 0.70414	 -0.58998
	 0.73188	 -0.37596	 0.99394	 0.69620	 -0.59880
	 0.73784	 -0.39275	 0.99321	 0.68643	 -0.56900
	 0.73130	 -0.33221	 0.99343	 0.61965	 -0.52528
	 0.73192	 -0.37596	 0.99391	 0.59414	 -0.59866
	 0.73192	 -0.22212	 0.99343	 0.67702	 0.00000
	 0.73188	 -0.37757	 0.99209	 0.62066	 -0.59686
	 0.73190	 -0.39111	 0.99391	 0.65850	 -0.59941
	 0.74467	 -0.37742	 0.99428	 0.66481	 -0.48703
	 0.73184	 -0.38114	 0.99402	 0.62841	 -0.59967
	 0.73188	 -0.37734	 0.99493	 0.66961	 -0.60020
	 0.73183	 -0.37734	 0.98699	 0.66961	 -0.59079
	 0.73187	 -0.43936	 0.99486	 0.56499	 -0.58408
	 0.73187	 -0.37511	 0.99397	 0.55780	 -0.59878
	 0.73212	 -0.40871	 0.99481	 0.62882	 -0.59726
	 0.73190	 -0.37928	 0.99391	 0.62164	 -0.59919
	 0.73192	 -0.39302	 0.99352	 0.62094	 -0.59869
	 0.73214	 -0.39302	 0.99456	 0.61610	 -0.59969
	 0.73190	 -0.37596	 0.99391	 0.56397	 -0.59875
	 0.73190	 -0.38017	 0.99336	 0.62196	 -0.59861
	 0.74491	 -0.24216	 0.99403	 0.64162	 0.00000
	 0.72586	 -0.37596	 0.99457	 0.62096	 -0.47019
	 0.73190	 -0.39072	 0.99453	 0.62161	 -0.60018
	 0.73190	 -0.37906	 0.99280	 0.62574	 -0.59783
	 0.73318	 -0.39269	 0.99384	 0.54486	 -0.59651
	 0.70996	 -0.38114	 0.99158	 0.62476	 -0.32064
	 0.73183	 -0.37734	 0.98260	 0.69824	 -0.58542
	 0.73190	 -0.37738	 0.99393	 0.71400	 -0.59893
	 0.73183	 -0.37591	 0.99392	 0.62017	 -0.59895
	 0.73190	 -0.39111	 0.99391	 0.58521	 -0.59937
	 0.73190	 -0.39314	 0.99478	 0.63355	 -0.60031
	 0.72975	 -0.39314	 0.99405	 0.58682	 -0.57403
	 0.73191	 -0.38114	 0.99477	 0.62841	 -0.60038
	 0.73188	 -0.39291	 0.99493	 0.66961	 -0.60057
	 0.73192	 -0.37745	 0.99402	 0.62094	 -0.59901
	 0.72612	 -0.39089	 0.99391	 0.65763	 -0.49294
	 0.73811	 -0.37618	 0.99391	 0.62251	 -0.55531
	 0.72780	 -0.39302	 0.99456	 0.61610	 -0.52753
	 0.73190	 -0.39111	 0.99391	 0.61516	 -0.59938
	 0.73540	 -0.39111	 0.99391	 0.65850	 -0.58627
	 0.73190	 -0.39072	 0.99453	 0.62094	 -0.60018
	 0.74088	 -0.39275	 0.99453	 0.58971	 -0.54155
	 0.73190	 -0.43376	 0.99391	 0.65850	 -0.58582
	 0.73190	 -0.36277	 0.99391	 0.62164	 -0.58438
	 0.73187	 -0.37511	 0.99397	 0.55780	 -0.59878
	 0.73190	 -0.45993	 0.99391	 0.62574	 -0.57159
	 0.73190	 -0.41768	 0.99453	 0.58582	 -0.59369
	 0.73190	 -0.31257	 0.99453	 0.59355	 0.00000
	 0.73192	 -0.39302	 0.99456	 0.55735	 -0.59997
	 0.73190	 -0.39271	 0.99474	 0.59219	 -0.60027
	 0.73393	 -0.37522	 0.99457	 0.55871	 -0.58949
	 0.73190	 -0.38705	 0.99391	 0.66959	 -0.59958
	 0.73188	 -0.37734	 0.99500	 0.65852	 -0.60028
	 0.73190	 -0.39111	 0.99402	 0.62095	 -0.59952
	 0.72786	 -0.39302	 0.99402	 0.62094	 -0.52675
	 0.73190	 -0.39072	 0.99453	 0.62161	 -0.60018
	 0.73190	 -0.39275	 0.99453	 0.60924	 -0.60001
	 0.73188	 -0.37622	 0.99402	 0.61069	 -0.59897
	 0.73190	 -0.39111	 0.99391	 0.65850	 -0.59941
	 0.73190	 -0.37596	 0.99471	 0.62164	 -0.59967
	 0.73190	 -0.39111	 0.99391	 0.82669	 -0.59949
	 0.73187	 -0.37961	 0.97964	 0.55309	 -0.58180
	 0.73193	 -0.37511	 0.99397	 0.55780	 -0.59858
	 0.73192	 -0.39302	 0.99402	 0.62094	 -0.59932
	 0.73190	 -0.37596	 0.99391	 0.53073	 -0.59876
	 0.72396	 -0.39111	 0.99392	 0.65807	 -0.45935
	 0.73190	 -0.39232	 0.99440	 0.62095	 -0.59990
	 0.73190	 -0.39271	 0.99482	 0.59219	 -0.60038
	 0.72182	 -0.37734	 0.99500	 0.65852	 -0.41352
	 0.72819	 -0.39072	 0.99456	 0.62098	 -0.53700
	 0.73191	 -0.42832	 0.99474	 0.62837	 -0.58954
	 0.73190	 -0.39072	 0.98552	 0.62083	 -0.58867
	 0.73191	 -0.40853	 0.99122	 0.62852	 -0.59242
	 0.73190	 -0.37740	 0.99499	 0.61531	 -0.60022
	 0.73188	 -0.37590	 0.99465	 0.67594	 -0.59963
	 0.73190	 -0.39275	 0.99453	 0.62094	 -0.60002
	 0.73190	 -0.38705	 0.99391	 0.66959	 -0.59958
	 0.73190	 -0.39072	 0.99453	 0.62161	 -0.60018
	 0.73188	 -0.35149	 0.99493	 0.75751	 -0.56611
	 0.73190	 -0.39111	 0.99412	 0.62066	 -0.59964
	 0.73184	 -0.38114	 0.99484	 0.62870	 -0.60066
	 0.73190	 -0.39072	 0.99453	 0.62161	 -0.60018
	 0.73192	 -0.39302	 0.99456	 0.60113	 -0.60000
	 0.70207	 -0.37734	 0.99493	 0.66961	 -0.27050
	 0.73188	 -0.37785	 0.99493	 0.66961	 -0.60027
	 0.73190	 -0.39275	 0.99453	 0.62094	 -0.60002
	 0.73190	 -0.39275	 0.99498	 0.59246	 -0.60057
	 0.69590	 -0.43010	 0.97383	 0.66481	 -0.25982
	 0.73294	 -0.39314	 0.99478	 0.63355	 -0.59832
	 0.73190	 -0.39111	 0.99391	 0.65850	 -0.59941
	 0.73190	 -0.38705	 0.99391	 0.66959	 -0.59958
	 0.73190	 -0.39275	 0.99453	 0.59246	 -0.60000
	 0.73190	 -0.39072	 0.99453	 0.62094	 -0.60018
	 0.73190	 -0.39314	 0.99493	 0.62150	 -0.60049
	 0.73190	 -0.39314	 0.99478	 0.63299	 -0.60031
	 0.73190	 -0.37596	 0.99471	 0.62164	 -0.59967
	 0.73190	 -0.39111	 0.98289	 0.65850	 -0.58528
	 0.73190	 -0.39072	 0.99453	 0.62281	 -0.60018
	 0.74294	 -0.37734	 0.99500	 0.65666	 -0.50610
	 0.72380	 -0.39072	 0.99391	 0.83841	 -0.45897
	 0.73190	 -0.39111	 0.99453	 0.60981	 -0.60015
	 0.73190	 -0.37799	 0.99471	 0.55733	 -0.60000
	 0.73192	 -0.39099	 0.99456	 0.62165	 -0.60017
	 0.73190	 -0.39203	 0.99399	 0.62164	 -0.59940
	 0.73474	 -0.37695	 0.99483	 0.62094	 -0.58520
	 0.73190	 -0.39072	 0.99453	 0.61467	 -0.60018
	 0.73188	 -0.39291	 0.99493	 0.66961	 -0.60057
	 0.73190	 -0.39072	 0.99453	 0.62161	 -0.60018
	 0.73190	 -0.45873	 0.99478	 0.62094	 -0.57352
	 0.74259	 -0.43412	 0.99493	 0.63850	 0.00000
	 0.73190	 -0.39228	 0.99440	 0.62095	 -0.59990
	 0.74125	 -0.39275	 0.99498	 0.59246	 -0.53798
	 0.73184	 -0.38114	 0.99484	 0.62870	 -0.60066
	 0.73190	 -0.42807	 0.99482	 0.57664	 -0.58965
	 0.73190	 -0.39275	 0.99498	 0.59246	 -0.60057
	 0.73224	 -0.39683	 0.99456	 0.55924	 -0.59916
	 0.73190	 -0.38922	 0.99490	 0.61975	 -0.60072
	 0.73190	 -0.39272	 0.99489	 0.63299	 -0.60049
	 0.73190	 -0.39317	 0.99453	 0.62937	 -0.59998
	 0.73190	 -0.39271	 0.99482	 0.59219	 -0.60038
	 0.73214	 -0.39302	 0.99456	 0.61610	 -0.59969
	 0.73190	 -0.39275	 0.99453	 0.59246	 -0.60000
	 0.73184	 -0.38114	 0.99484	 0.57431	 -0.60066
	 0.73190	 -0.39072	 0.99453	 0.60471	 -0.60017
	 0.73190	 -0.39072	 0.99453	 0.62161	 -0.60018
	 0.73188	 -0.39273	 0.99457	 0.65346	 -0.60012
	 0.73216	 -0.39304	 0.99452	 0.62099	 -0.59961
	 0.73190	 -0.39271	 0.99474	 0.59219	 -0.60027
	 0.73264	 -0.39314	 0.99489	 0.63355	 -0.59916
	 0.73190	 -0.38114	 0.99478	 0.63242	 -0.60041
	 0.73191	 -0.39314	 0.99491	 0.63288	 -0.60046
	 0.73190	 -0.39320	 0.99478	 0.63299	 -0.60031
	 0.73190	 -0.39067	 0.98709	 0.62161	 -0.59072
	 0.73192	 -0.39099	 0.99456	 0.62165	 -0.60017
	 0.73188	 -0.37734	 0.99493	 0.65585	 -0.60020
	 0.69820	 -0.38090	 0.99478	 0.62841	 -0.24591
	 0.74236	 -0.37809	 0.99492	 0.66961	 0.00000
	 0.73190	 -0.37740	 0.99499	 0.61531	 -0.60022
	 0.68917	 -0.35534	 0.99493	 0.66961	 -0.20663
	 0.73190	 -0.37795	 0.99498	 0.62161	 -0.60029
	 0.73188	 -0.39012	 0.99493	 0.66961	 -0.60078
	 0.73188	 -0.37747	 0.99462	 0.62256	 -0.59987
	 0.73190	 -0.40657	 0.99500	 0.65757	 -0.59810
	 0.73188	 -0.40524	 0.99451	 0.62094	 -0.59775
	 0.73190	 -0.39291	 0.99494	 0.66961	 -0.60056
	 0.73190	 -0.38922	 0.99490	 0.61975	 -0.60072
	 0.73188	 -0.37734	 0.99493	 0.74187	 -0.60018
	 0.70836	 -0.39292	 0.99491	 0.61993	 -0.31808
	 0.73190	 -0.39314	 0.99480	 0.67294	 -0.60036
	 0.73190	 -0.39275	 0.99498	 0.59246	 -0.60057
	 0.73190	 -0.39314	 0.99438	 0.62150	 -0.59979
	 0.73188	 -0.39012	 0.99493	 0.66961	 -0.60078
	 0.73190	 -0.43562	 0.95110	 0.59065	 -0.52172
	 0.73190	 -0.39275	 0.99499	 0.59246	 -0.60059
	 0.73017	 -0.37381	 0.99493	 0.66961	 -0.55479
	 0.73184	 -0.43752	 0.99488	 0.63292	 -0.58512
	 0.73190	 -0.39248	 0.99485	 0.62874	 -0.60046
	 0.73190	 -0.39314	 0.99478	 0.63461	 -0.60031
	 0.73190	 -0.39291	 0.99494	 0.66855	 -0.60056
	 0.73191	 -0.39314	 0.99491	 0.63155	 -0.60046
	 0.67463	 -0.39275	 0.99016	 0.59378	 -0.18947
	 0.73188	 -0.39291	 0.99493	 0.62274	 -0.60054
	 0.71980	 -0.39314	 0.99478	 0.63229	 -0.41628
	 0.73190	 -0.39314	 0.99478	 0.63355	 -0.60031
	 0.69155	 -0.38114	 0.99489	 0.68407	 -0.22113
	 0.72528	 -0.37770	 0.99499	 0.61531	 -0.47451
	 0.73182	 -0.37828	 0.99484	 0.57431	 -0.60043
	 0.73184	 -0.38114	 0.99484	 0.60144	 -0.60066
	 0.73190	 -0.37740	 0.99499	 0.61531	 -0.60022
	 0.73188	 -0.37785	 0.99493	 0.55540	 -0.60029
	 0.73190	 -0.39314	 0.99491	 0.66949	 -0.60049
	 0.72006	 -0.38922	 0.99490	 0.61975	 -0.41289
	 0.73191	 -0.38114	 0.99477	 0.62942	 -0.60038
	 0.73620	 -0.38966	 0.99478	 0.66851	 -0.58130
	 0.73188	 -0.38160	 0.99493	 0.63352	 -0.60069
	 0.73188	 -0.39275	 0.99498	 0.67338	 -0.60065
	 0.73190	 -0.39291	 0.99139	 0.58869	 -0.59598
	 0.73702	 -0.39320	 0.95935	 0.63299	 -0.54255
	 0.73190	 -0.39072	 0.99451	 0.64647	 -0.60017
	 0.73184	 -0.38114	 0.99484	 0.60952	 -0.60066
	 0.71728	 -0.39072	 0.99453	 0.62161	 -0.37567
	 0.72369	 -0.39421	 0.99452	 0.62877	 -0.46308
	 0.72079	 -0.39072	 0.99485	 0.62155	 -0.42678
	 0.73188	 -0.37785	 0.99493	 0.66961	 -0.60027
	 0.68272	 -0.39291	 0.99494	 0.66462	 -0.20359
	 0.73190	 -0.45682	 0.99492	 0.67479	 -0.57493
	 0.73188	 -0.39309	 0.99481	 0.66961	 -0.60040
	 0.72398	 -0.38114	 0.99484	 0.60952	 -0.45322
	 0.73190	 -0.38114	 0.99478	 0.63242	 -0.60041
	 0.73188	 -0.39012	 0.99493	 0.66961	 -0.60078
	 0.73190	 -0.39275	 0.99499	 0.59246	 -0.60059
	 0.73190	 -0.39275	 0.99498	 0.59246	 -0.60057
	 0.73190	 -0.39314	 0.99491	 0.64750	 -0.60047
	 0.73190	 -0.39314	 0.99491	 0.66949	 -0.60049
	 0.70770	 -0.39275	 0.99498	 0.59246	 -0.30404
	 0.73191	 -0.38114	 0.99477	 0.62841	 -0.60038
	 0.73188	 -0.39275	 0.99498	 0.67338	 -0.60065
	 0.71726	 -0.39291	 0.99497	 0.66961	 -0.37731
	 0.73190	 -0.41404	 0.96554	 0.62150	 -0.55436
	 0.73190	 -0.39275	 0.99498	 0.59246	 -0.60057
	 0.73190	 -0.39275	 0.99498	 0.59246	 -0.60057
	 0.73183	 -0.38922	 0.98781	 0.61975	 -0.59187
	 0.73208	 -0.38114	 0.99487	 0.62870	 -0.60001
	 0.73182	 -0.37828	 0.99484	 0.64707	 -0.60042
	 0.73188	 -0.39012	 0.99498	 0.66961	 -0.60085
	 0.72888	 -0.38179	 0.99496	 0.61955	 -0.54182
	 0.73184	 -0.38114	 0.99492	 0.62890	 -0.60075
	 0.73190	 -0.39292	 0.99494	 0.62150	 -0.60053
	 0.74182	 -0.39313	 0.99493	 0.66961	 0.00000
	 0.73188	 -0.39314	 0.99490	 0.67211	 -0.60052
	 0.73191	 -0.39361	 0.99493	 0.63038	 -0.60044
	 0.73885	 -0.39012	 0.99493	 0.66961	 -0.55952
	 0.73184	 -0.38114	 0.99484	 0.60144	 -0.60066
	 0.73188	 -0.39275	 0.99498	 0.67338	 -0.60065
	 0.73191	 -0.39314	 0.99494	 0.63155	 -0.60050
	 0.73183	 -0.39291	 0.99494	 0.66819	 -0.60064
	 0.73190	 -0.38114	 0.99488	 0.62906	 -0.60052
	 0.73184	 -0.39245	 0.99483	 0.60144	 -0.60051
	 0.73190	 -0.38144	 0.99499	 0.59246	 -0.60068
	 0.71259	 -0.39291	 0.99493	 0.70517	 -0.34135
	 0.73188	 -0.39291	 0.98512	 0.62274	 -0.58789
	 0.73652	 -0.39291	 0.99494	 0.66855	 -0.58075
	 0.73190	 -0.39291	 0.99494	 0.66898	 -0.60056
	 0.73190	 -0.38922	 0.99490	 0.63922	 -0.60073
	 0.73184	 -0.38114	 0.99484	 0.57431	 -0.60066
	 0.73288	 -0.38114	 0.96670	 0.57431	 -0.56340
	 0.73190	 -0.38922	 0.99490	 0.61975	 -0.60072
	 0.73188	 -0.39008	 0.99490	 0.66961	 -0.60074
	 0.73190	 -0.38926	 0.99493	 0.57761	 -0.60075
	 0.73184	 -0.38114	 0.99484	 0.62870	 -0.60065
	 0.73188	 -0.39012	 0.99494	 0.71858	 -0.60081
	 0.71837	 -0.43189	 0.99498	 0.58641	 -0.42863
	 0.73190	 -0.39012	 0.99499	 0.67566	 -0.60082
	 0.73184	 -0.38114	 0.99484	 0.65117	 -0.60066
	 0.73188	 -0.39275	 0.99498	 0.57551	 -0.60059
	 0.73190	 -0.38899	 0.98744	 0.59363	 -0.59129
	 0.73190	 -0.38167	 0.99490	 0.63805	 -0.60059
	 0.73190	 -0.39275	 0.99491	 0.58721	 -0.60049
	 0.73190	 -0.44546	 0.99498	 0.62500	 -0.58121
	 0.74457	 -0.39291	 0.99494	 0.66900	 -0.50254
	 0.73188	 -0.29353	 0.99493	 0.66959	 0.00000
	 0.73184	 -0.38114	 0.99112	 0.62890	 -0.59614
	 0.73188	 -0.39275	 0.99498	 0.67338	 -0.60065
	 0.72451	 -0.38114	 0.99484	 0.60144	 -0.46571
	 0.73188	 -0.38160	 0.99493	 0.63352	 -0.60069
	 0.73190	 -0.38144	 0.99498	 0.66905	 -0.60068
	 0.72992	 -0.39012	 0.99499	 0.59302	 -0.57389
	 0.73184	 -0.38114	 0.99484	 0.62711	 -0.60066
	 0.73190	 -0.42600	 0.99499	 0.59404	 -0.59086
	 0.73184	 -0.38088	 0.99484	 0.60144	 -0.60064
	 0.73190	 -0.39317	 0.97900	 0.66961	 -0.57996
	 0.73184	 -0.39327	 0.99484	 0.59248	 -0.60043
	 0.73189	 -0.38062	 0.99498	 0.57429	 -0.60062
	 0.73188	 -0.39314	 0.99490	 0.67211	 -0.60052
	 0.73188	 -0.39012	 0.99493	 0.62489	 -0.60076
	 0.73184	 -0.38114	 0.98253	 0.57879	 -0.58547
	 0.73184	 -0.38114	 0.99484	 0.60505	 -0.60066
	 0.73190	 -0.38906	 0.99498	 0.66693	 -0.60085
	 0.73188	 -0.39291	 0.99489	 0.63949	 -0.60050
	 0.70806	 -0.44179	 0.99492	 0.66956	 -0.34611
	 0.73188	 -0.39012	 0.99493	 0.62895	 -0.60076
	 0.73188	 -0.38160	 0.99493	 0.62504	 -0.60069
	 0.73188	 -0.38453	 0.99493	 0.66890	 -0.60084
	 0.73184	 -0.38114	 0.98588	 0.60075	 -0.58965
	 0.73183	 -0.39291	 0.99494	 0.66819	 -0.60064
	 0.73184	 -0.34685	 0.97005	 0.61974	 -0.55080
	 0.73189	 -0.38922	 0.99492	 0.63107	 -0.60076
	 0.73720	 -0.38160	 0.99493	 0.67298	 -0.56869
	 0.73879	 -0.39012	 0.99444	 0.63090	 -0.55983
	 0.73184	 -0.38114	 0.99484	 0.60144	 -0.60066
	 0.73184	 -0.38114	 0.99484	 0.65117	 -0.60066
	 0.73188	 -0.39012	 0.99496	 0.70534	 -0.60083
	 0.73190	 -0.38926	 0.99493	 0.59084	 -0.60075
	 0.73188	 -0.38413	 0.99489	 0.66819	 -0.60078
	 0.73190	 -0.38961	 0.99493	 0.62821	 -0.60076
	 0.73190	 -0.38922	 0.99490	 0.61975	 -0.60072
	 0.73188	 -0.38160	 0.99494	 0.63352	 -0.60070
	 0.73184	 -0.45859	 0.99484	 0.57434	 -0.57342
	 0.73188	 -0.39012	 0.99493	 0.66961	 -0.60078
	 0.73188	 -0.39012	 0.99499	 0.68145	 -0.60086
	 0.73188	 -0.38453	 0.99499	 0.66890	 -0.60092
	 0.73188	 -0.38114	 0.99493	 0.68008	 -0.60065
	 0.73184	 -0.39012	 0.99485	 0.69647	 -0.60075
	 0.73184	 -0.38185	 0.99484	 0.68302	 -0.60070
	 0.73188	 -0.38941	 0.99494	 0.59388	 -0.60079
	 0.73190	 -0.38144	 0.99499	 0.59246	 -0.60068
	 0.73188	 -0.38160	 0.99493	 0.63352	 -0.60069
	 0.73190	 -0.38922	 0.99490	 0.62158	 -0.60072
	 0.74129	 -0.38922	 0.99108	 0.61975	 -0.53270
	 0.73188	 -0.39020	 0.99493	 0.62489	 -0.60076
	 0.73188	 -0.38152	 0.99493	 0.62504	 -0.60068
	 0.73188	 -0.38160	 0.99493	 0.63352	 -0.60069
	 0.73188	 -0.39012	 0.99493	 0.62489	 -0.60076
	 0.73190	 -0.40745	 0.99366	 0.66905	 -0.59608
	 0.73190	 -0.38111	 0.99498	 0.66693	 -0.60065
	 0.73184	 -0.45701	 0.99489	 0.61521	 -0.57449
	 0.71054	 -0.38114	 0.99485	 0.63917	 -0.32203
	 0.73190	 -0.49561	 0.99493	 0.67566	 -0.55223
	 0.73188	 -0.33718	 0.99499	 0.66961	 -0.54054
	 0.73184	 -0.39275	 0.98846	 0.67338	 -0.59237
	 0.73188	 -0.38114	 0.96267	 0.62890	 -0.55993
	 0.73188	 -0.39012	 0.99493	 0.66961	 -0.60078
	 0.73188	 -0.39012	 0.99498	 0.67092	 -0.60085
	 0.73442	 -0.39012	 0.99499	 0.64571	 -0.59251
	 0.73190	 -0.43543	 0.99498	 0.66708	 -0.58651
	 0.73188	 -0.35350	 0.99499	 0.70220	 -0.56783
	 0.73188	 -0.39012	 0.99496	 0.69140	 -0.60083
	 0.73188	 -0.40691	 0.99498	 0.66890	 -0.59800
	 0.71760	 -0.39012	 0.99499	 0.70534	 -0.38946
	 0.73189	 -0.38922	 0.99498	 0.63107	 -0.60084
	 0.73190	 -0.39012	 0.99492	 0.69569	 -0.60075
	 0.73190	 -0.38961	 0.99499	 0.58486	 -0.60080
	 0.73750	 -0.38906	 0.99493	 0.66693	 -0.57099
	 0.73188	 -0.43127	 0.99493	 0.62489	 -0.58836
	 0.73188	 -0.39012	 0.99493	 0.71698	 -0.60080
	 0.73188	 -0.38418	 0.99493	 0.62489	 -0.60083
	 0.73190	 -0.38926	 0.99493	 0.57761	 -0.60075
	 0.73188	 -0.39012	 0.99499	 0.58662	 -0.60082
	 0.73190	 -0.38906	 0.99492	 0.66965	 -0.60078
	 0.73188	 -0.39012	 0.99495	 0.66961	 -0.60081
	 0.73605	 -0.39012	 0.99499	 0.68145	 -0.58272
	 0.70419	 -0.39012	 0.99494	 0.71858	 -0.29076
	 0.73188	 -0.39012	 0.99498	 0.66961	 -0.60085
	 0.71160	 -0.39012	 0.99494	 0.66961	 -0.32637
	 0.73188	 -0.38624	 0.99119	 0.60491	 -0.59623
	 0.73188	 -0.38453	 0.99499	 0.66890	 -0.60092
	 0.73824	 -0.38961	 0.99493	 0.62821	 -0.56489
	 0.73190	 -0.39012	 0.99499	 0.67566	 -0.60082
	 0.73188	 -0.39020	 0.99493	 0.62028	 -0.60076
	 0.73188	 -0.33822	 0.99493	 0.62489	 -0.54166
	 0.73188	 -0.39012	 0.99493	 0.74104	 -0.60081
	 0.73188	 -0.39012	 0.99498	 0.67092	 -0.60085
	 0.73188	 -0.37938	 0.99497	 0.66961	 -0.60051
	 0.73188	 -0.39012	 0.99496	 0.62489	 -0.60080
	 0.73188	 -0.38941	 0.99494	 0.59388	 -0.60079
	 0.73184	 -0.38185	 0.99484	 0.68302	 -0.60070
	 0.71749	 -0.38941	 0.99494	 0.59388	 -0.38978
	 0.73188	 -0.39012	 0.99496	 0.66964	 -0.60082
	 0.73188	 -0.38453	 0.99493	 0.66887	 -0.60084
	 0.73188	 -0.38177	 0.99493	 0.62624	 -0.60070
	 0.73188	 -0.38995	 0.99498	 0.66841	 -0.60086
	 0.73188	 -0.38389	 0.99489	 0.66818	 -0.60077
	 0.72856	 -0.39036	 0.99496	 0.67990	 -0.53539
	 0.74115	 -0.39516	 0.99251	 0.72915	 -0.53950
	 0.73188	 -0.38453	 0.99493	 0.66890	 -0.60084
	 0.71196	 -0.38453	 0.99499	 0.66890	 -0.33699
	 0.69895	 -0.38453	 0.99500	 0.66890	 -0.26264
	 0.73188	 -0.39012	 0.99496	 0.69794	 -0.60083
	 0.73188	 -0.39012	 0.99493	 0.74104	 -0.60081
	 0.73188	 -0.39012	 0.99499	 0.61350	 -0.60083
	 0.71728	 -0.39012	 0.99498	 0.67088	 -0.37533
	 0.73188	 -0.39012	 0.99493	 0.71698	 -0.60080
	 0.70058	 -0.39012	 0.99498	 0.67092	 -0.26504
	 0.73190	 -0.38906	 0.98829	 0.66693	 -0.59243
	 0.73188	 -0.39012	 0.99496	 0.62489	 -0.60080
	 0.73189	 -0.38922	 0.99498	 0.64811	 -0.60085
	 0.73188	 -0.39012	 0.98426	 0.69011	 -0.58721
	 0.73188	 -0.38436	 0.99499	 0.62489	 -0.60090
	 0.73188	 -0.38993	 0.99496	 0.63896	 -0.60081
	 0.73188	 -0.38453	 0.99497	 0.66890	 -0.60089
	 0.73188	 -0.39012	 0.99498	 0.67092	 -0.60085
	 0.73190	 -0.39881	 0.99499	 0.66819	 -0.59983
	 0.73188	 -0.38443	 0.99489	 0.67566	 -0.60080
	 0.73188	 -0.39012	 0.99499	 0.68145	 -0.60086
	 0.73188	 -0.38453	 0.99499	 0.66890	 -0.60092
	 0.73188	 -0.38453	 0.99493	 0.66890	 -0.60084
	 0.73188	 -0.39012	 0.99496	 0.70534	 -0.60083
	 0.73997	 -0.39032	 0.99493	 0.66156	 -0.54884
	 0.73188	 -0.38361	 0.99494	 0.65602	 -0.60082
	 0.73188	 -0.39012	 0.99499	 0.64787	 -0.60084
	 0.73188	 -0.38995	 0.99498	 0.69261	 -0.60087
	 0.73188	 -0.38608	 0.99499	 0.66967	 -0.60095
	 0.73188	 -0.45004	 0.99498	 0.66885	 -0.57877
	 0.73188	 -0.39012	 0.99498	 0.60551	 -0.60082
	 0.73188	 -0.39012	 0.99493	 0.66961	 -0.60078
	 0.73188	 -0.38453	 0.99493	 0.66890	 -0.60084
	 0.68537	 -0.39765	 0.99495	 0.66961	 -0.21865
	 0.73190	 -0.38961	 0.99499	 0.58486	 -0.60080
	 0.73188	 -0.38453	 0.98723	 0.66890	 -0.59131
	 0.73190	 -0.39012	 0.99499	 0.67566	 -0.60082
	 0.73190	 -0.38906	 0.99498	 0.66693	 -0.60085
	 0.67282	 -0.38457	 0.99493	 0.67092	 -0.17605
	 0.73188	 -0.44666	 0.99498	 0.58562	 -0.58044
	 0.73808	 -0.39012	 0.97281	 0.66965	 -0.54862
	 0.73188	 -0.38995	 0.99493	 0.66838	 -0.60079
	 0.73410	 -0.46112	 0.99499	 0.61350	 -0.57768
	 0.73188	 -0.39012	 0.99289	 0.66961	 -0.59823
	 0.73188	 -0.38441	 0.99498	 0.67092	 -0.60091
	 0.73188	 -0.39023	 0.99493	 0.70505	 -0.60079
	 0.73188	 -0.39012	 0.99497	 0.66866	 -0.60083
	 0.73188	 -0.38453	 0.99499	 0.67993	 -0.60091
	 0.73188	 -0.38453	 0.98784	 0.66890	 -0.59207
	 0.73792	 -0.38453	 0.99493	 0.66890	 -0.56423
	 0.73188	 -0.38453	 0.99499	 0.66890	 -0.60092
	 0.74050	 -0.38453	 0.99499	 0.66890	 -0.53887
	 0.72555	 -0.38453	 0.99497	 0.63864	 -0.47812
	 0.72549	 -0.38995	 0.99498	 0.66122	 -0.48199
	 0.73188	 -0.38436	 0.99499	 0.55272	 -0.60089
	 0.73666	 -0.39012	 0.99499	 0.64787	 -0.57843
	 0.73188	 -0.39012	 0.99356	 0.66961	 -0.59906
	 0.73188	 -0.38453	 0.99500	 0.66890	 -0.60092
	 0.72107	 -0.40834	 0.99499	 0.66087	 -0.43737
	 0.73188	 -0.38995	 0.99499	 0.71221	 -0.60088
	 0.73965	 -0.39012	 0.99499	 0.61350	 -0.55189
	 0.73188	 -0.37744	 0.99498	 0.67092	 -0.60028
	 0.73188	 -0.42165	 0.99499	 0.66887	 -0.59286
	 0.73188	 -0.38453	 0.99493	 0.66890	 -0.60084
	 0.73188	 -0.38453	 0.99499	 0.66890	 -0.60092
	 0.73188	 -0.38995	 0.99498	 0.67666	 -0.60086
	 0.73766	 -0.38995	 0.99046	 0.69261	 -0.56660
	 0.72621	 -0.39012	 0.99498	 0.67092	 -0.49291
	 0.66972	 -0.39012	 0.99498	 0.60551	 -0.17932
	 0.73188	 -0.38608	 0.99459	 0.66967	 -0.60046
	 0.73188	 -0.38453	 0.99493	 0.66890	 -0.60084
	 0.71656	 -0.39012	 0.99496	 0.71346	 -0.37678
	 0.73188	 -0.39012	 0.99499	 0.64787	 -0.60084
	 0.73188	 -0.39012	 0.99496	 0.69794	 -0.60083
	 0.73188	 -0.38418	 0.98541	 0.62489	 -0.58900
	 0.73188	 -0.47908	 0.99499	 0.66967	 -0.56200
	 0.73188	 -0.38923	 0.99498	 0.62784	 -0.60087
	 0.73189	 -0.39011	 0.99498	 0.67284	 -0.60082
	 0.73189	 -0.39004	 0.99498	 0.67250	 -0.60083
	 0.73386	 -0.38930	 0.99500	 0.62949	 -0.59494
	 0.73188	 -0.38436	 0.99500	 0.62932	 -0.60091
	 0.73188	 -0.39012	 0.99500	 0.62528	 -0.60085
	 0.73188	 -0.38453	 0.99499	 0.66890	 -0.60092
	 0.73188	 -0.38453	 0.99499	 0.66890	 -0.60092
	 0.73188	 -0.41202	 0.99498	 0.66961	 -0.59645
	 0.73188	 -0.38453	 0.99500	 0.61830	 -0.60092
	 0.70994	 -0.38436	 0.99500	 0.62932	 -0.31040
	 0.73188	 -0.38995	 0.99498	 0.66841	 -0.60086
	 0.73579	 -0.38600	 0.99499	 0.68046	 -0.58254
	 0.73188	 -0.31388	 0.99499	 0.63445	 0.00000
	 0.73188	 -0.38453	 0.99493	 0.66887	 -0.60084
	 0.73188	 -0.39012	 0.99498	 0.67092	 -0.60085
	 0.73188	 -0.38453	 0.99493	 0.66890	 -0.60084
	 0.72538	 -0.39012	 0.99500	 0.72026	 -0.48237
	 0.73188	 -0.38453	 0.99499	 0.70691	 -0.60092
	 0.73188	 -0.38453	 0.99499	 0.66890	 -0.60092
	 0.73188	 -0.41706	 0.99497	 0.66890	 -0.59465
	 0.73188	 -0.38453	 0.99499	 0.66890	 -0.60092
	 0.73188	 -0.38452	 0.99498	 0.62784	 -0.60090
	 0.73188	 -0.43409	 0.99493	 0.53862	 -0.58680
	 0.73188	 -0.38453	 0.99499	 0.72038	 -0.60093
	 0.74455	 -0.38923	 0.99498	 0.62784	 -0.49942
	 0.73188	 -0.38441	 0.99498	 0.67092	 -0.60091
	 0.73188	 -0.38453	 0.99500	 0.66890	 -0.60092
	 0.73188	 -0.38453	 0.98034	 0.69706	 -0.58268
	 0.73188	 -0.38995	 0.99499	 0.71221	 -0.60088
	 0.69688	 -0.38608	 0.99499	 0.73597	 -0.24937
	 0.73188	 -0.40874	 0.99499	 0.71221	 -0.59754
	 0.73188	 -0.38453	 0.99436	 0.70925	 -0.60016
	 0.73770	 -0.38453	 0.99499	 0.66890	 -0.56624
	 0.73188	 -0.39012	 0.99498	 0.67092	 -0.60085
	 0.73188	 -0.38453	 0.99493	 0.66890	 -0.60084
	 0.73188	 -0.38995	 0.98937	 0.67405	 -0.59378
	 0.73188	 -0.39012	 0.99498	 0.67092	 -0.60085
	 0.73225	 -0.38453	 0.99499	 0.64580	 -0.59997
	 0.73188	 -0.38436	 0.99437	 0.65844	 -0.60016
	 0.73188	 -0.38436	 0.99499	 0.55272	 -0.60089
	 0.73188	 -0.38436	 0.99499	 0.62932	 -0.60091
	 0.73190	 -0.38906	 0.99498	 0.42000	 -0.60076
	 0.69537	 -0.37098	 0.97089	 0.66890	 -0.22198
	 0.73188	 -0.38442	 0.99493	 0.66912	 -0.60084
	 0.73188	 -0.38452	 0.99498	 0.67070	 -0.60091
	 0.73188	 -0.38441	 0.99498	 0.67092	 -0.60091
	 0.73188	 -0.38608	 0.99499	 0.66967	 -0.60095
	 0.73733	 -0.38436	 0.99499	 0.62489	 -0.56953
	 0.73188	 -0.38453	 0.99499	 0.72038	 -0.60093
	 0.73188	 -0.38452	 0.99498	 0.69262	 -0.60091
	 0.73188	 -0.38453	 0.99499	 0.66890	 -0.60092
	 0.73641	 -0.38453	 0.99500	 0.54698	 -0.57732
	 0.73188	 -0.38453	 0.99499	 0.67993	 -0.60091
	 0.73188	 -0.38441	 0.99498	 0.66893	 -0.60091
	 0.73188	 -0.30717	 0.99499	 0.67090	 0.00000
	 0.71953	 -0.38453	 0.99500	 0.66890	 -0.39561
	 0.73188	 -0.38453	 0.99470	 0.66890	 -0.60056
	 0.73188	 -0.38453	 0.99499	 0.63360	 -0.60092
	 0.73188	 -0.38453	 0.99500	 0.66890	 -0.60092
	 0.73188	 -0.38453	 0.99499	 0.80224	 -0.60093
	 0.73188	 -0.38995	 0.99499	 0.66841	 -0.60086
	 0.73202	 -0.38453	 0.99500	 0.66890	 -0.60056
	 0.73537	 -0.38483	 0.99090	 0.66890	 -0.58102
	 0.73188	 -0.38995	 0.99498	 0.67184	 -0.60086
	 0.73188	 -0.38452	 0.99498	 0.67553	 -0.60091
	 0.71918	 -0.35483	 0.99498	 0.63103	 -0.37346
	 0.73188	 -0.42166	 0.99500	 0.67495	 -0.59287
	 0.74465	 -0.38453	 0.99499	 0.65404	 -0.49401
	 0.73188	 -0.38453	 0.99499	 0.70691	 -0.60092
	 0.73452	 -0.41863	 0.99499	 0.62968	 -0.59403
	 0.73188	 -0.49943	 0.99499	 0.70654	 -0.55009
	 0.73188	 -0.38453	 0.99499	 0.66890	 -0.60092
	 0.73188	 -0.38453	 0.99500	 0.66890	 -0.60092
	 0.73620	 -0.38453	 0.98796	 0.66107	 -0.57257
	 0.73188	 -0.38453	 0.99499	 0.72038	 -0.60093
	 0.73188	 -0.38608	 0.99498	 0.66967	 -0.60094
	 0.73188	 -0.38995	 0.99499	 0.72612	 -0.60089
	 0.73188	 -0.38436	 0.99499	 0.55272	 -0.60089
	 0.72951	 -0.38453	 0.99499	 0.54510	 -0.55224
	 0.73188	 -0.38453	 0.99361	 0.66890	 -0.59923
	 0.73188	 -0.38453	 0.99499	 0.66890	 -0.60092
	 0.73188	 -0.38452	 0.99499	 0.64820	 -0.60091
	 0.73188	 -0.38437	 0.99499	 0.55566	 -0.60089
	 0.73188	 -0.38453	 0.97600	 0.66890	 -0.57714
	 0.73188	 -0.38453	 0.99499	 0.71263	 -0.60092
	 0.73188	 -0.38453	 0.99500	 0.66890	 -0.60092
	 0.73188	 -0.38453	 0.99499	 0.66890	 -0.60092
	 0.73239	 -0.43328	 0.99499	 0.77797	 -0.58869
	 0.73188	 -0.36602	 0.99499	 0.58861	 -0.58719
	 0.73188	 -0.38794	 0.98942	 0.72323	 -0.59400
	 0.73188	 -0.38453	 0.98846	 0.61546	 -0.59284
	 0.72896	 -0.38453	 0.99500	 0.67054	 -0.54279
	 0.73188	 -0.38453	 0.99499	 0.71874	 -0.60092
	 0.73188	 -0.38453	 0.99499	 0.66890	 -0.60092
	 0.73188	 -0.38453	 0.99499	 0.66890	 -0.60092
	 0.73188	 -0.38606	 0.99500	 0.66890	 -0.60095
	 0.73188	 -0.38454	 0.99498	 0.66967	 -0.60091
	 0.73188	 -0.38453	 0.99499	 0.66890	 -0.60092
	 0.73188	 -0.38453	 0.99076	 0.71263	 -0.59573
	 0.73188	 -0.38453	 0.99499	 0.66890	 -0.60092
	 0.73188	 -0.38453	 0.99500	 0.80224	 -0.60094
	 0.73188	 -0.38608	 0.99499	 0.66967	 -0.60095
	 0.73820	 -0.34767	 0.99499	 0.67993	 -0.52871
	 0.73188	 -0.38453	 0.99499	 0.57545	 -0.60091
	 0.73188	 -0.38453	 0.99499	 0.72242	 -0.60093
	 0.73188	 -0.38453	 0.95434	 0.70691	 -0.54858
	 0.73188	 -0.38453	 0.99500	 0.66890	 -0.60093
	 0.73188	 -0.38453	 0.99298	 0.66890	 -0.59845
	 0.73188	 -0.38608	 0.99499	 0.66967	 -0.60095
	 0.73188	 -0.32739	 0.99500	 0.68539	 -0.53025
	 0.73188	 -0.38453	 0.99499	 0.66338	 -0.60091
	 0.72827	 -0.38453	 0.99499	 0.67996	 -0.53369
	 0.73188	 -0.38453	 0.98981	 0.66887	 -0.59454
	 0.73188	 -0.38453	 0.99499	 0.53032	 -0.60090
	 0.73396	 -0.38453	 0.99499	 0.79878	 -0.59311
	 0.72696	 -0.38612	 0.99498	 0.67092	 -0.50090
	 0.73188	 -0.38437	 0.99499	 0.66967	 -0.60092
	 0.73188	 -0.38453	 0.99499	 0.72038	 -0.60093
	 0.73188	 -0.34220	 0.99499	 0.66967	 -0.54533
	 0.73188	 -0.38453	 0.99499	 0.75996	 -0.60093
	 0.73188	 -0.38453	 0.99499	 0.67155	 -0.60092
	 0.74161	 -0.38453	 0.99499	 0.66830	 0.00000
	 0.73188	 -0.38608	 0.99499	 0.72175	 -0.60095
	 0.73188	 -0.38453	 0.99499	 0.68691	 -0.60091
	 0.69920	 -0.38453	 0.99499	 0.66890	 -0.26246
	 0.73188	 -0.38476	 0.99498	 0.72175	 -0.60092
	 0.73188	 -0.38585	 0.99499	 0.82521	 -0.60098
	 0.73188	 -0.43273	 0.99499	 0.62179	 -0.58773
	 0.73188	 -0.39105	 0.99499	 0.71874	 -0.60082
	 0.73188	 -0.38453	 0.99499	 0.72038	 -0.60093
	 0.73188	 -0.38453	 0.99499	 0.66890	 -0.60092
	 0.72586	 -0.38453	 0.99500	 0.66890	 -0.49078
	 0.73188	 -0.38606	 0.99500	 0.66890	 -0.60095
	 0.74491	 -0.38453	 0.99499	 0.71874	 -0.49116
	 0.73188	 -0.38608	 0.99499	 0.66967	 -0.60095
	 0.73188	 -0.39185	 0.99499	 0.66890	 -0.60074
	 0.73869	 -0.38453	 0.99499	 0.72038	 -0.55686
	 0.73188	 -0.38591	 0.99499	 0.75996	 -0.60097
	 0.73188	 -0.35829	 0.99499	 0.67031	 -0.57131
	 0.73188	 -0.38598	 0.99499	 0.72238	 -0.60096
	 0.73188	 -0.36046	 0.99499	 0.66767	 -0.57273
	 0.73188	 -0.38453	 0.98122	 0.72038	 -0.58379
	 0.73188	 -0.38606	 0.99500	 0.66890	 -0.60095
	 0.73188	 -0.38608	 0.99498	 0.66967	 -0.60094
	 0.73188	 -0.38453	 0.99500	 0.80224	 -0.60094
	 0.69223	 -0.38453	 0.99499	 0.72242	 -0.23606
	 0.72818	 -0.38453	 0.97049	 0.66890	 -0.51060
	 0.73188	 -0.37807	 0.99499	 0.66501	 -0.60038
	 0.73188	 -0.38608	 0.99500	 0.76462	 -0.60097
	 0.73124	 -0.38608	 0.99499	 0.62489	 -0.59504
	 0.73188	 -0.38608	 0.99499	 0.66967	 -0.60095
	 0.73188	 -0.38453	 0.99499	 0.67857	 -0.60092
	 0.73188	 -0.38608	 0.99499	 0.66972	 -0.60095
	 0.73188	 -0.38453	 0.99499	 0.59326	 -0.60091
	 0.73595	 -0.38608	 0.99500	 0.66967	 -0.58149
	 0.73188	 -0.28441	 0.99499	 0.71263	 0.00000
	 0.73188	 -0.38453	 0.99499	 0.80224	 -0.60093
	 0.73188	 -0.38453	 0.99499	 0.71432	 -0.60092
	 0.73188	 -0.38453	 0.99499	 0.67496	 -0.60092
	 0.73188	 -0.38608	 0.99499	 0.71788	 -0.60096
	 0.73188	 -0.38608	 0.99499	 0.67354	 -0.60095
	 0.73188	 -0.38453	 0.99500	 0.66890	 -0.60093
	 0.73188	 -0.38453	 0.99500	 0.80224	 -0.60094
	 0.73696	 -0.38453	 0.99500	 0.66263	 -0.57272
	 0.73188	 -0.38453	 0.99499	 0.72665	 -0.60093
	 0.73188	 -0.36867	 0.99500	 0.71874	 -0.58820
	 0.73325	 -0.38608	 0.99499	 0.66967	 -0.59677
	 0.73188	 -0.38608	 0.99500	 0.67354	 -0.60096
	 0.73188	 -0.38453	 0.99500	 0.80224	 -0.60094
	 0.73188	 -0.38598	 0.99499	 0.72238	 -0.60096
	 0.73188	 -0.37636	 0.99500	 0.80224	 -0.60007
	 0.73188	 -0.38608	 0.99499	 0.66815	 -0.60095
	 0.73188	 -0.38913	 0.99499	 0.71940	 -0.60092
	 0.73188	 -0.29320	 0.99499	 0.75732	 0.00000
	 0.74078	 -0.43128	 0.99499	 0.85398	 -0.56704
	 0.73188	 -0.38453	 0.99499	 0.76477	 -0.60093
	 0.73188	 -0.38608	 0.99388	 0.66967	 -0.59958
	 0.73188	 -0.38608	 0.99499	 0.66967	 -0.60095
	 0.73188	 -0.38453	 0.99499	 0.72038	 -0.60093
	 0.73188	 -0.38608	 0.99499	 0.72614	 -0.60095
	 0.73188	 -0.38608	 0.98511	 0.66149	 -0.58857
	 0.73188	 -0.38608	 0.99390	 0.66967	 -0.59961
	 0.73188	 -0.38608	 0.99499	 0.66967	 -0.60095
	 0.73188	 -0.38606	 0.99500	 0.67176	 -0.60095
	 0.73663	 -0.37898	 0.99500	 0.83002	 -0.57168
	 0.73188	 -0.41498	 0.99500	 0.76462	 -0.59560
	 0.73188	 -0.38608	 0.99499	 0.74530	 -0.60096
	 0.73188	 -0.38453	 0.99499	 0.72038	 -0.60093
	 0.73188	 -0.38608	 0.99500	 0.76462	 -0.60097
	 0.73188	 -0.38453	 0.99499	 0.72038	 -0.60093
	 0.73188	 -0.46572	 0.99500	 0.66890	 -0.56985
	 0.73188	 -0.38585	 0.99499	 0.82521	 -0.60098
	 0.73188	 -0.38598	 0.99193	 0.72238	 -0.59719
	 0.73188	 -0.38608	 0.99499	 0.66967	 -0.60095
	 0.73188	 -0.44826	 0.99499	 0.66967	 -0.57976
	 0.73188	 -0.38453	 0.99500	 0.66890	 -0.60093
	 0.73188	 -0.38608	 0.99499	 0.66967	 -0.60095
	 0.73188	 -0.38616	 0.99500	 0.71788	 -0.60097
	 0.73188	 -0.38444	 0.99500	 0.80224	 -0.60094
	 0.73717	 -0.38453	 0.99500	 0.80224	 -0.57082
	 0.73188	 -0.38453	 0.99499	 0.72242	 -0.60093
	 0.70948	 -0.38606	 0.99500	 0.66890	 -0.31189
	 0.73188	 -0.39092	 0.99500	 0.66890	 -0.60081
	 0.73188	 -0.38592	 0.99500	 0.75996	 -0.60097
	 0.73188	 -0.38606	 0.99499	 0.66890	 -0.60095
	 0.73188	 -0.40213	 0.99500	 0.71874	 -0.59925
	 0.73188	 -0.38608	 0.99499	 0.76377	 -0.60097
	 0.72171	 -0.38598	 0.99499	 0.74386	 -0.41996
	 0.72506	 -0.38608	 0.99499	 0.74530	 -0.46648
	 0.71188	 -0.38608	 0.99498	 0.66967	 -0.33818
	 0.73188	 -0.38608	 0.99500	 0.74312	 -0.60097
	 0.73188	 -0.38598	 0.99500	 0.71815	 -0.60097
	 0.73188	 -0.38616	 0.99070	 0.72212	 -0.59566
	 0.73188	 -0.38608	 0.97436	 0.66967	 -0.57490
	 0.73188	 -0.38585	 0.99167	 0.82521	 -0.59690
	 0.73188	 -0.38606	 0.99500	 0.66890	 -0.60095
	 0.72279	 -0.38585	 0.99499	 0.82521	 -0.44567
	 0.73188	 -0.38608	 0.99499	 0.66967	 -0.60095
	 0.73188	 -0.38608	 0.98891	 0.66967	 -0.59340
	 0.73188	 -0.38608	 0.99500	 0.67380	 -0.60096
	 0.73188	 -0.38608	 0.99499	 0.66940	 -0.60095
	 0.73188	 -0.38616	 0.99500	 0.72126	 -0.60097
	 0.73653	 -0.38608	 0.99499	 0.74193	 -0.57702
	 0.73188	 -0.38584	 0.99498	 0.78367	 -0.60096
	 0.73188	 -0.38608	 0.99500	 0.83497	 -0.60098
	 0.73188	 -0.38598	 0.99500	 0.66890	 -0.60095
	 0.73188	 -0.39379	 0.98266	 0.68906	 -0.58466
	 0.73188	 -0.38606	 0.99500	 0.68938	 -0.60096
	 0.73188	 -0.38608	 0.99499	 0.66972	 -0.60095
	 0.73188	 -0.37494	 0.99500	 0.68266	 -0.59986
	 0.73188	 -0.38592	 0.99500	 0.75904	 -0.60097
	 0.73188	 -0.41989	 0.99500	 0.66967	 -0.59358
	 0.73188	 -0.38608	 0.99499	 0.75660	 -0.60097
	 0.73188	 -0.38585	 0.99499	 0.82521	 -0.60098
	 0.73188	 -0.29859	 0.99500	 0.67354	 0.00000
	 0.73188	 -0.42879	 0.99499	 0.76374	 -0.58988
	 0.73188	 -0.38606	 0.99500	 0.67176	 -0.60095
	 0.73188	 -0.38608	 0.99499	 0.66972	 -0.60095
	 0.73188	 -0.38608	 0.99499	 0.66967	 -0.60095
	 0.73188	 -0.38608	 0.99500	 0.66685	 -0.60095
	 0.73188	 -0.38606	 0.99500	 0.76667	 -0.60097
	 0.73188	 -0.38591	 0.99499	 0.75996	 -0.60097
	 0.73975	 -0.38606	 0.99500	 0.65224	 -0.54778
	 0.73090	 -0.38453	 0.99500	 0.80224	 -0.58747
	 0.73188	 -0.38608	 0.99499	 0.72614	 -0.60095
	 0.73188	 -0.38606	 0.99500	 0.77538	 -0.60098
	 0.73188	 -0.40139	 0.99499	 0.67343	 -0.59935
	 0.73188	 -0.38585	 0.99499	 0.82521	 -0.60098
	 0.70806	 -0.38616	 0.99500	 0.71788	 -0.29873
	 0.73188	 -0.38616	 0.99499	 0.72238	 -0.60096
	 0.73188	 -0.38598	 0.99500	 0.71788	 -0.60097
	 0.73188	 -0.38608	 0.99499	 0.75660	 -0.60097
	 0.73188	 -0.38591	 0.99499	 0.75996	 -0.60097
	 0.73188	 -0.38598	 0.99500	 0.77096	 -0.60098
	 0.73188	 -0.38585	 0.99499	 0.82521	 -0.60098
	 0.73892	 -0.38585	 0.99499	 0.82521	 -0.55547
	 0.73188	 -0.36957	 0.99500	 0.75996	 -0.58852
	 0.73188	 -0.38592	 0.99500	 0.75904	 -0.60097
	 0.73188	 -0.38591	 0.99499	 0.75996	 -0.60097
	 0.73188	 -0.42283	 0.99500	 0.67354	 -0.59238
	 0.73188	 -0.42883	 0.99500	 0.76667	 -0.58987
	 0.73188	 -0.38608	 0.99500	 0.67380	 -0.60096
	 0.73188	 -0.38592	 0.99500	 0.75996	 -0.60097
	 0.73884	 -0.38598	 0.99499	 0.72238	 -0.55646
	 0.66437	 -0.38598	 0.99500	 0.71815	 -0.16458
	 0.73188	 -0.38606	 0.99500	 0.66820	 -0.60096
	 0.73188	 -0.38608	 0.99500	 0.74382	 -0.60097
	 0.73188	 -0.38608	 0.99499	 0.71788	 -0.60096
	 0.73188	 -0.33588	 0.99404	 0.65115	 -0.53854
	 0.73188	 -0.38608	 0.98500	 0.83793	 -0.58856
	 0.73188	 -0.38606	 0.99500	 0.76667	 -0.60097
	 0.73188	 -0.38616	 0.99500	 0.72126	 -0.60097
	 0.73188	 -0.35211	 0.99499	 0.67354	 -0.56687
	 0.73188	 -0.38608	 0.99500	 0.79802	 -0.60098
	 0.73188	 -0.38585	 0.99499	 0.82521	 -0.60098
	 0.73789	 -0.38608	 0.99500	 0.67380	 -0.56559
	 0.73188	 -0.38608	 0.99500	 0.83497	 -0.60098
	 0.73188	 -0.38585	 0.99499	 0.81429	 -0.60098
	 0.73188	 -0.38608	 0.99500	 0.76462	 -0.60097
	 0.69713	 -0.38584	 0.99263	 0.89710	 -0.24581
	 0.73188	 -0.38606	 0.99500	 0.69580	 -0.60096
	 0.73188	 -0.38584	 0.99498	 0.78367	 -0.60096
	 0.73188	 -0.38606	 0.99500	 0.67176	 -0.60095
	 0.73188	 -0.38608	 0.99500	 0.76464	 -0.60097
	 0.73188	 -0.38592	 0.99500	 0.75902	 -0.60097
	 0.73188	 -0.38585	 0.99499	 0.82521	 -0.60098
	 0.73188	 -0.38608	 0.99500	 0.76462	 -0.60097
	 0.73188	 -0.40493	 0.99500	 0.79278	 -0.59868
	 0.73188	 -0.38608	 0.99500	 0.83497	 -0.60099
	 0.73188	 -0.40755	 0.99500	 0.75996	 -0.59795
	 0.74153	 -0.38592	 0.99444	 0.82521	 0.00000
	 0.73188	 -0.38608	 0.99499	 0.76017	 -0.60097
	 0.72974	 -0.38591	 0.99500	 0.83476	 -0.56270
	 0.73188	 -0.38585	 0.99499	 0.82521	 -0.60098
	 0.73188	 -0.38608	 0.99500	 0.83497	 -0.60098
	 0.73188	 -0.38616	 0.99500	 0.76795	 -0.60098
	 0.73188	 -0.38592	 0.99500	 0.70990	 -0.60096
	 0.73188	 -0.31618	 0.99500	 0.75904	 0.00000
	 0.72871	 -0.38608	 0.99500	 0.76299	 -0.53220
	 0.73336	 -0.41297	 0.99500	 0.76462	 -0.59630
	 0.73188	 -0.38608	 0.99500	 0.76462	 -0.60097
	 0.73188	 -0.37534	 0.99499	 0.81661	 -0.59061
	 0.73188	 -0.38608	 0.97922	 0.83266	 -0.58132
	 0.73188	 -0.38585	 0.99499	 0.82521	 -0.60098
	 0.73188	 -0.38591	 0.99499	 0.75996	 -0.60097
	 0.73188	 -0.38608	 0.99500	 0.76462	 -0.60097
	 0.73188	 -0.38606	 0.99500	 0.77538	 -0.60098
	 0.73447	 -0.42034	 0.99499	 0.82820	 -0.59398
	 0.74076	 -0.57213	 0.99500	 0.75605	 -0.52848
	 0.73188	 -0.38608	 0.99274	 0.76729	 -0.59820
	 0.73516	 -0.38606	 0.99500	 0.79740	 -0.58667
	 0.73188	 -0.38585	 0.99499	 0.82521	 -0.60098
	 0.73188	 -0.38616	 0.99500	 0.72126	 -0.60097
	 0.73188	 -0.41207	 0.99499	 0.84576	 -0.59670
	 0.73188	 -0.38585	 0.99499	 0.82521	 -0.60098
	 0.73188	 -0.38591	 0.99500	 0.75996	 -0.60097
	 0.73188	 -0.38599	 0.99500	 0.77096	 -0.60097
	 0.69960	 -0.29827	 0.99500	 0.72126	 0.00000
	 0.73188	 -0.38608	 0.99500	 0.76462	 -0.60097
	 0.73188	 -0.41775	 0.99499	 0.82636	 -0.59467
	 0.73188	 -0.38585	 0.98390	 0.87258	 -0.58718
	 0.73188	 -0.38585	 0.99499	 0.82521	 -0.60098
	 0.73497	 -0.38616	 0.97891	 0.71690	 -0.57134
	 0.73188	 -0.36850	 0.99500	 0.75904	 -0.58807
	 0.73188	 -0.38593	 0.99500	 0.76464	 -0.60097
	 0.73188	 -0.38585	 0.99499	 0.82521	 -0.60098
	 0.71974	 -0.38608	 0.99500	 0.85228	 -0.39524
	 0.73926	 -0.38608	 0.99500	 0.83497	 -0.55241
	 0.73188	 -0.38608	 0.99500	 0.83497	 -0.60098
	 0.73188	 -0.39197	 0.99500	 0.82521	 -0.60082
	 0.73188	 -0.38593	 0.99500	 0.76464	 -0.60097
	 0.73188	 -0.38064	 0.99499	 0.82521	 -0.60065
	 0.73188	 -0.38606	 0.99500	 0.76667	 -0.60097
	 0.73188	 -0.38608	 0.99500	 0.83497	 -0.60098
	 0.73188	 -0.38585	 0.99499	 0.82521	 -0.60098
	 0.73188	 -0.34679	 0.99499	 0.82521	 -0.56216
	 0.73188	 -0.38585	 0.99499	 0.85612	 -0.60098
	 0.73188	 -0.38607	 0.99500	 0.82521	 -0.60098
	 0.73188	 -0.38585	 0.99499	 0.76462	 -0.60097
	 0.73188	 -0.38585	 0.99500	 0.82521	 -0.60098
	 0.73188	 -0.38608	 0.99225	 0.76462	 -0.59760
	 0.73188	 -0.38608	 0.99500	 0.76801	 -0.60098
	 0.73188	 -0.32988	 0.99500	 0.76456	 -0.53264
	 0.71790	 -0.38585	 0.99499	 0.82521	 -0.38512
	 0.73188	 -0.38585	 0.99499	 0.82521	 -0.60098
	 0.69849	 -0.31993	 0.99500	 0.82521	 0.00000
	 0.73188	 -0.38585	 0.99499	 0.82521	 -0.60098
	 0.73188	 -0.38605	 0.99500	 0.82521	 -0.60099
	 0.73188	 -0.38587	 0.99500	 0.76462	 -0.60097
	 0.73188	 -0.38607	 0.99500	 0.77096	 -0.60098
	 0.73188	 -0.38599	 0.99500	 0.83497	 -0.60099
	 0.73188	 -0.38599	 0.99500	 0.77096	 -0.60097
	 0.73188	 -0.38608	 0.99500	 0.80376	 -0.60098
	 0.69776	 -0.38608	 0.99133	 0.83798	 -0.24505
	 0.73188	 -0.38608	 0.99500	 0.79501	 -0.60098
	 0.73188	 -0.38608	 0.99500	 0.83497	 -0.60098
	 0.73188	 -0.38606	 0.99500	 0.77538	 -0.60098
	 0.73188	 -0.38608	 0.99500	 0.76462	 -0.60098
	 0.73137	 -0.38585	 0.99499	 0.82521	 -0.59468
	 0.73188	 -0.42092	 0.99500	 0.81615	 -0.59342
	 0.73188	 -0.38585	 0.99499	 0.82476	 -0.60098
	 0.73188	 -0.38585	 0.99499	 0.82521	 -0.60098
	 0.73188	 -0.38585	 0.99499	 0.82521	 -0.60098
	 0.73014	 -0.37311	 0.99499	 0.76795	 -0.55440
	 0.73188	 -0.27441	 0.99500	 0.82521	 0.00000
	 0.73188	 -0.38599	 0.99500	 0.87608	 -0.60099
	 0.73188	 -0.38608	 0.99500	 0.80507	 -0.60098
	 0.73188	 -0.38609	 0.99500	 0.76462	 -0.60098
	 0.73188	 -0.38615	 0.99500	 0.76795	 -0.60098
	 0.73188	 -0.38605	 0.99500	 0.82521	 -0.60099
	 0.73188	 -0.38607	 0.99500	 0.82521	 -0.60098
	 0.73188	 -0.38585	 0.99488	 0.85612	 -0.60084
	 0.73188	 -0.40033	 0.99500	 0.85966	 -0.59975
	 0.73188	 -0.42760	 0.99499	 0.82521	 -0.59055
	 0.73188	 -0.38585	 0.99499	 0.82521	 -0.60098
	 0.73188	 -0.35263	 0.99500	 0.83497	 -0.56684
	 0.73188	 -0.49522	 0.99188	 0.82521	 -0.54847
	 0.73188	 -0.38608	 0.99500	 0.83497	 -0.60099
	 0.73188	 -0.38608	 0.99500	 0.83497	 -0.60098
	 0.73188	 -0.38608	 0.99500	 0.80376	 -0.60098
	 0.73188	 -0.38585	 0.99201	 0.82521	 -0.59732
	 0.73188	 -0.38585	 0.99499	 0.82521	 -0.60098
	 0.73188	 -0.38608	 0.99500	 0.83497	 -0.60098
	 0.73188	 -0.38608	 0.99500	 0.79802	 -0.60098
	 0.73188	 -0.36103	 0.99500	 0.83497	 -0.57274
	 0.73188	 -0.38608	 0.99500	 0.76114	 -0.60097
	 0.73188	 -0.38608	 0.99500	 0.83454	 -0.60098
	 0.73188	 -0.38608	 0.99500	 0.83497	 -0.60099
	 0.73950	 -0.38585	 0.99499	 0.82521	 -0.54992
	 0.73188	 -0.26362	 0.99499	 0.82476	 0.00000
	 0.73188	 -0.38608	 0.99500	 0.76462	 -0.60098
	 0.73188	 -0.38293	 0.99500	 0.83497	 -0.60085
	 0.73188	 -0.38608	 0.99500	 0.83497	 -0.60098
	 0.73188	 -0.38585	 0.99499	 0.82521	 -0.60098
	 0.73188	 -0.38585	 0.99499	 0.82521	 -0.60098
	 0.73188	 -0.38585	 0.99500	 0.80537	 -0.60098
	 0.73188	 -0.38608	 0.99500	 0.76801	 -0.60098
	 0.73188	 -0.38608	 0.99500	 0.83497	 -0.60099
	 0.73188	 -0.38608	 0.99500	 0.83497	 -0.60098
	 0.73188	 -0.38608	 0.99500	 0.83497	 -0.60099
	 0.72216	 -0.38608	 0.99500	 0.83497	 -0.43312
	 0.73188	 -0.38585	 0.99499	 0.82521	 -0.60098
	 0.73188	 -0.38585	 0.99500	 0.82521	 -0.60098
	 0.73188	 -0.38605	 0.99500	 0.77055	 -0.60098
	 0.73188	 -0.38607	 0.99500	 0.82543	 -0.60098
	 0.73188	 -0.38608	 0.99500	 0.83497	 -0.60098
	 0.73188	 -0.38002	 0.99500	 0.89305	 -0.60058
	 0.73188	 -0.38608	 0.99500	 0.83497	 -0.60099
	 0.73188	 -0.38608	 0.99500	 0.73606	 -0.60097
	 0.73188	 -0.38605	 0.99500	 0.82521	 -0.60099
	 0.71362	 -0.38608	 0.99500	 0.83497	 -0.34926
	 0.73188	 -0.38608	 0.99500	 0.82474	 -0.60099
	 0.70591	 -0.38607	 0.99500	 0.83545	 -0.28594
	 0.73188	 -0.38608	 0.99500	 0.83497	 -0.60098
	 0.73188	 -0.38608	 0.99500	 0.80376	 -0.60098
	 0.73188	 -0.38608	 0.99500	 0.83109	 -0.60098
	 0.74483	 -0.42503	 0.99500	 0.83497	 -0.52595
	 0.73188	 -0.38608	 0.98800	 0.80300	 -0.59231
	 0.73386	 -0.38608	 0.99500	 0.83573	 -0.59402
	 0.73188	 -0.38608	 0.99500	 0.83497	 -0.60099
	 0.73188	 -0.38599	 0.99500	 0.83497	 -0.60099
	 0.73188	 -0.31828	 0.99499	 0.82521	 0.00000
	 0.73188	 -0.34632	 0.99500	 0.82521	 -0.56177
	 0.73188	 -0.38608	 0.99500	 0.83497	 -0.60099
	 0.73188	 -0.38605	 0.99479	 0.82521	 -0.60074
	 0.73188	 -0.46880	 0.99166	 0.83457	 -0.56371
	 0.73601	 -0.38608	 0.99500	 0.83495	 -0.58089
	 0.73360	 -0.38608	 0.99500	 0.83497	 -0.59524
	 0.73223	 -0.34784	 0.99500	 0.80537	 -0.56029
	 0.74097	 -0.38598	 0.99500	 0.83497	 -0.53500
	 0.73188	 -0.38610	 0.99500	 0.83497	 -0.60099
	 0.72949	 -0.38608	 0.99500	 0.83497	 -0.55253
	 0.73188	 -0.38608	 0.99500	 0.83454	 -0.60098
	 0.73188	 -0.38608	 0.99500	 0.83497	 -0.60098
	 0.73188	 -0.38608	 0.99500	 0.83497	 -0.60099
	 0.73188	 -0.38608	 0.99500	 0.80771	 -0.60098
	 0.73188	 -0.38608	 0.99500	 0.83101	 -0.60099
	 0.73902	 -0.38608	 0.99500	 0.83497	 -0.55472
	 0.73188	 -0.38608	 0.99500	 0.83497	 -0.60098
	 0.73188	 -0.38599	 0.99500	 0.87608	 -0.60099
	 0.73188	 -0.38605	 0.99500	 0.82521	 -0.60099
	 0.73188	 -0.38608	 0.99500	 0.77883	 -0.60098
	 0.73188	 -0.38608	 0.99500	 0.76801	 -0.60098
	 0.72293	 -0.37350	 0.99500	 0.83497	 -0.43575
	 0.73188	 -0.38608	 0.98975	 0.83497	 -0.59452
	 0.73188	 -0.38716	 0.99500	 0.83497	 -0.60100
	 0.73188	 -0.38608	 0.99500	 0.83497	 -0.60099
	 0.73188	 -0.38608	 0.99500	 0.83497	 -0.60099
	 0.73188	 -0.38599	 0.99500	 0.87608	 -0.60099
	 0.73188	 -0.41693	 0.99500	 0.83955	 -0.59500
	 0.73188	 -0.38605	 0.99145	 0.82521	 -0.59663
	 0.73188	 -0.38608	 0.98937	 0.83497	 -0.59405
	 0.73188	 -0.38599	 0.99500	 0.87608	 -0.60099
	 0.73188	 -0.38608	 0.99392	 0.83497	 -0.59967
	 0.70568	 -0.38608	 0.99500	 0.83497	 -0.28616
	 0.73188	 -0.38608	 0.99500	 0.83497	 -0.60099
	 0.71540	 -0.38608	 0.99500	 0.82474	 -0.36079
	 0.72959	 -0.34288	 0.99500	 0.82474	 -0.50668
	 0.73188	 -0.38605	 0.99500	 0.82521	 -0.60099
	 0.73188	 -0.38605	 0.99500	 0.85638	 -0.60099
	 0.73188	 -0.38608	 0.99500	 0.83497	 -0.60098
	 0.73188	 -0.38608	 0.99500	 0.83497	 -0.60098
	 0.70469	 -0.38610	 0.99500	 0.83497	 -0.28709
	 0.73188	 -0.38605	 0.99500	 0.82521	 -0.60099
	 0.73188	 -0.38608	 0.99500	 0.83497	 -0.60099
	 0.73687	 -0.38608	 0.99500	 0.83497	 -0.57427
	 0.73188	 -0.38608	 0.99500	 0.83497	 -0.60099
	 0.73188	 -0.38608	 0.99500	 0.83497	 -0.60099
	 0.73188	 -0.38608	 0.98562	 0.83497	 -0.58934
	 0.73188	 -0.38609	 0.99500	 0.83142	 -0.60099
	 0.73188	 -0.38598	 0.99134	 0.87962	 -0.59650
	 0.73188	 -0.38608	 0.99500	 0.83497	 -0.60099
	 0.73188	 -0.38608	 0.99500	 0.83497	 -0.60099
	 0.70309	 -0.38608	 0.99500	 0.82521	 -0.27424
	 0.73188	 -0.52012	 0.99500	 0.83497	 -0.53838
	 0.73188	 -0.37918	 0.99500	 0.83092	 -0.60049
	 0.73188	 -0.42674	 0.99500	 0.82530	 -0.59094
	 0.72450	 -0.38599	 0.99500	 0.83497	 -0.46847
	 0.74410	 -0.38608	 0.99500	 0.83497	 -0.50144
	 0.73188	 -0.41479	 0.99500	 0.83497	 -0.59577
	 0.73188	 -0.38610	 0.99500	 0.77314	 -0.60098
	 0.73188	 -0.41036	 0.99500	 0.83534	 -0.59723
	 0.73188	 -0.38608	 0.99500	 0.87570	 -0.60099
	 0.73188	 -0.38608	 0.99500	 0.83497	 -0.60099
	 0.72211	 -0.38608	 0.99500	 0.83497	 -0.43330
