30.086480000000001667 0.108549999999999994 199.803760000000011132
30.147290000000001697 0.108559999999999990 193.126186435589914936
29.807919999999999305 0.108559999999999990 200.550783248052425733
30.368059999999999832 0.108579999999999996 197.044831093797085941
30.795950000000001268 0.108579999999999996 203.595564485994685811
31.691120000000001511 0.108579999999999996 198.440693725453741081
32.066369999999999152 0.108579999999999996 203.023752503573234662
32.611190000000000566 0.108579999999999996 204.368483519126584724
33.239974929899737788 0.108579999999999996 201.093513247594472659
33.644339999999999691 0.108559999999999990 205.499754784374374594
34.182257906927986824 0.108059999999999989 199.938915477729381109
34.828609999999997626 0.108009999999999995 198.394751459420348283
35.410190000000000055 0.108009999999999995 196.184438423040717225
35.915770000000001971 0.108009999999999995 197.664273469136134054
36.412419999999997344 0.108009999999999995 198.820060868578764257
36.956859999999998934 0.108009999999999995 199.396028007713027819
37.377180000000002735 0.107999999999999999 202.312613302969054985
37.804929999999998813 0.107519999999999991 196.821529616635871207
38.278555409260150100 0.107509999999999994 196.777752470916112770
38.928350000000001785 0.107509999999999994 198.316899645132963315
39.294997520956954418 0.107519999999999991 198.095907425609141228
39.831130000000001701 0.107519999999999991 199.687067024898823320
40.351720000000000255 0.107519999999999991 200.326758717154660872
40.919269999999997367 0.107519999999999991 200.992459384923762400
41.336269999999998959 0.107519999999999991 201.837173969521671779
41.839120000000001198 0.107519999999999991 203.095934296998620994
42.376980000000003201 0.107509999999999994 204.167039231069509242
43.038359999999997285 0.107019999999999990 198.382079982042057509
43.789279999999997983 0.106699999999999989 195.537178118805172744
44.684440000000002158 0.106699999999999989 197.529441130517568581
45.575870000000001880 0.106699999999999989 199.360357779074632845
46.548160000000002867 0.106699999999999989 201.256237954810700330
47.477809999999998070 0.106699999999999989 202.838604336105191805
48.416370000000000573 0.106699999999999989 204.055874454806144058
49.258809999999996876 0.106363176957267505 200.579836771543028817
50.101059999999996819 0.105990000000000001 197.088090487708029741
50.881579999999999586 0.105990000000000001 198.423560030971003698
51.656619999999996651 0.105990000000000001 199.698695067457549612
52.348999999999996646 0.105990000000000001 200.985305361507329280
53.038400000000002876 0.105990000000000001 202.383850282643265928
53.746400000000001285 0.105795118568805885 200.876406868261170757
54.433729999999997062 0.105529999999999999 198.738573361688565910
55.146740000000001203 0.105529999999999999 200.344463214473790913
55.841580000000000439 0.105529999999999999 201.651811096404003365
56.549810000000000798 0.105240000000000000 198.990287555530585450
57.272190000000001930 0.105199999999999988 200.432559866225915357
58.007660000000001332 0.105130000000000001 200.975079626505845454
58.743200000000001637 0.104689999999999991 196.875876936770964676
59.511929999999999552 0.104689999999999991 198.625191249459874143
60.242818542719966501 0.104699999999999988 200.243987359854827446
61.031480000000001951 0.104689999999999991 202.209052825190838121
61.730150000000001853 0.104689999999999991 203.773444730239788214
62.514969999999998151 0.104189999999999991 198.817375412004793134
63.197099999999998943 0.104159999999999989 200.374729444603588036
63.965820000000000789 0.103988880097858033 199.759251834057579345
64.630740000000002965 0.103739999999999999 198.307264009738133836
65.342060000000003583 0.103739999999999999 200.586705524650767529
66.003699999999994930 0.103739999999999999 202.195867297345728275
66.698199999999999932 0.103319999999999995 198.575669996796762007
67.380409999999997694 0.103270000000000001 200.487597650305616526
68.125810000000001310 0.102880683464831729 197.701417216951000455
68.773570000000006530 0.102779999999999996 199.026269988705564629
69.505480000000005703 0.102779999999999996 201.578554449740920518
70.189779999999998950 0.102338513390417163 198.628171836399872063
70.957854775265232661 0.102090027447502313 198.673609286484946779
71.663600000000002410 0.101959999999999995 200.572845767345825152
72.438710000000000377 0.101781577673970586 201.388529104280735282
73.108350000000001501 0.101379999999999998 199.692973530737731380
73.805059999999997444 0.101333160406727532 202.533122070915027280
74.503540000000000987 0.100809999999999997 199.883580598559802866
75.216499999999996362 0.100444702381083453 198.948653216103195973
75.889789695473865550 0.100015500588567910 198.232838894559392884
76.574010000000001241 0.099699999999999997 198.814407670408115791
77.196487148522777488 0.099690000000000001 202.147489939439822138
77.898550000000000182 0.098957834870540287 197.530263740207544743
78.546732600567253257 0.098799999999999999 201.102084351735214796
79.270979999999994448 0.098238270509495990 199.755502273392067991
80.008524109858072393 0.097830197077471620 200.579631507910903565
80.700659999999999172 0.097500967829765361 201.540071367626808296
81.466415805895152857 0.096929999999999988 200.710720936306074691
82.099170000000000869 0.096512522682147689 201.310573724405742269
82.804895757488878871 0.095823330036696783 199.968900568669369022
83.505790000000004625 0.095368201577981149 198.680499036114042610
84.195984872642483765 0.095019999999999993 201.475679278256791349
84.939989999999994552 0.094205642857300154 198.711149002534853025
85.625491922594477501 0.093739999999999990 200.097475293355216763
86.313820000000006871 0.092969999999999997 199.376764840610150031
86.978674714364174747 0.092454013501528307 199.291784486875940274
87.672529999999994743 0.091878775252803330 200.411736547279872411
88.378519999999994639 0.091129093917678539 199.931863683458260539
89.067930000000004043 0.090350000000000000 199.697043772480299140
89.762079999999997426 0.089772274919469319 200.821165625576526281
90.377979999999993765 0.089031908212028402 200.898526968883913923
91.116690000000005512 0.087975358463955516 199.501996480184942584
91.766750000000001819 0.086953467690324887 200.007040428514443420
92.519099999999994566 0.086188540837919672 201.156033385931920066
93.161770000000004188 0.085615041171253611 202.576225066336235159
93.965879999999998518 0.083821623847094781 198.195201681244583369
94.607540000000000191 0.083296583333516874 201.856295500340280569
95.341740000000001487 0.081734781209844606 199.557531039265541040
95.989699999999999136 0.080734522391436192 200.960619146564766879
96.691990000000004102 0.079254724413862360 200.078006714266109611
97.350817654649759447 0.077999431270132744 201.912070178259540398
98.028149999999996567 0.076669999999999988 201.353407001636213636
98.666420000000002233 0.074603921269111667 200.694738794792442604
99.360889999999997713 0.072406233525993097 199.039304328257088628
100.029960000000002651 0.070391394377165795 200.155177461936887084
100.780240000000006262 0.067438098540972366 200.030792593329607598
101.521238697668650275 0.063826476191012491 200.837005173493651000
102.211079999999995493 0.058512108012227879 200.711458319515543280
102.871443589677198815 0.049897667963298024 201.221792040639371635
103.627300000000005298 0.039478036892966951 198.558982025089363788
104.292989903659744755 0.031552666668135075 197.158465428905600447
104.995540000000005421 0.028018349291696470 200.635055168911833334
105.610699999999994247 0.024837343538225323 199.710676062874995296
106.325940000000002783 0.022889770530071005 200.978145632142172872
106.959789999999998145 0.020791968248616205 199.271221996478089977
107.676329999999992992 0.019455739168327449 199.538495871980870788
108.415128574711729925 0.018056742415900814 200.657191145188107839
109.064229999999994902 0.017059054672782195 200.198238982961640886
109.756410000000002469 0.015953788976554487 200.817073286433412704
110.406430000000000291 0.014373680553233542 194.890272005117168419
111.075400000000001910 0.013649999999999995 199.459177001031036980
111.753640000000004306 0.013156151183485829 200.928479886485774841
112.464479999999994675 0.012529999999999999 201.683440124748926792
113.151660000000006789 0.011905385376146951 201.480163556424344051
113.840038177357641302 0.011096928571900588 200.115564723347432619
114.561670000000006553 0.010209999999999997 198.937008188783977403
115.229968232568865005 0.009749999999999995 200.416974924254304824
115.847160000000002356 0.009220825647298536 200.052754094922875083
116.576319999999995503 0.008809999999999998 201.427079280612900902
117.293390000000002260 0.008064759600518112 197.839454757051584011
118.053920000000005075 0.007859999999999992 201.905661690415030307
118.766559999999998354 0.007309999999999997 200.277001350374490585
119.536140000000003170 0.006919999999999996 199.835032147792105661
120.212779999999995084 0.006550000000000000 199.218309376202938665
120.838179999999994152 0.006409999999999999 201.523910674142456401
121.458979999999996835 0.005899999999999989 199.941483350577556166
122.109091887731736392 0.005559999999999996 199.837738302979971650
122.824110000000004561 0.005217266140672847 198.928854031419206194
123.495199999999996976 0.004959999999999992 201.168032617606314716
124.233350000000001501 0.004649999999999987 199.693195769620928104
124.892600000000001614 0.004440995277267851 200.604848883220000744
125.621219999999993888 0.004080000000000000 200.072514320950432420
126.277339999999995257 0.003892537035305482 200.773504264238084716
126.957019999999999982 0.003543324808436235 200.308767864343252540
127.543319999999994252 0.003189999999999998 198.345947061376250531
128.225449999999995043 0.003189999999999998 201.475740469048304249
128.881640000000004420 0.002935669741080574 199.997923686834411683
129.622359999999986258 0.002689999999999998 200.004518758849059168
130.351986248213705721 0.002227247723033662 196.830214426270487138
131.089949999999987540 0.002179999999999988 200.360858666644446657
131.770460000000014134 0.002179999999999988 202.322773453722760451
132.366029999999994970 0.001709999999999989 198.236862346390381617
133.106251840424334887 0.001699999999999993 201.110617601517958519
133.874310000000008358 0.001639999999999989 202.804938520919137090
134.566649739459194279 0.001219999999999999 199.786467403779653296
135.292949999999990496 0.001139999999999988 201.287724671080383132
135.995547000725366615 0.000849999999999990 199.966886410256591944
136.669129999999995562 0.000829999999999997 201.765844788215190420
137.322291873377253069 0.000359999999999999 195.135102143047760137
138.026929999999993015 0.000279999999999989 196.741933954060442602
138.643394893123286238 0.000279999999999989 199.398656207197007006
139.275630000000006703 0.000279999999999989 201.517566326599023796
139.749208512245843394 0.000279999999999989 202.219670283096462526
140.135999999999995680 0.000279999999999989 202.901724708098669225
140.424970000000001846 0.000000000000000000 197.210030162905269435
140.489589999999992642 0.000000000000000000 197.767288078904556414
140.474708855737787871 0.000000000000000000 197.482076186123265416
140.372700000000008913 0.000000000000000000 196.918231529713722239
140.166339999999991051 0.000009999999999996 196.542909251209636068
139.989030000000013843 0.000029999999999988 196.731192632798013165
139.783479999999997290 0.000469999999999998 205.422302684312938936
139.543820000000010850 0.000469999999999998 204.104732683449441311
139.318729999999987967 0.000459999999999988 203.532543814301902785
139.064770000000009986 0.000430000000000000 202.424331639000257610
138.781568864862492774 0.000309999999999991 199.099617362234056372
138.478000000000008640 0.000309999999999991 198.165701862239927777
138.152855927216393184 0.000309999999999991 197.802589095243405382
137.874079999999992197 0.000320000000000001 196.661760167209649808
137.568630000000013069 0.000389999999999988 197.424265079951197777
137.227620000000001710 0.000688545637583485 202.065939023498060578
136.893295056109565166 0.000799999999999995 203.907083493637060201
136.590910000000008040 0.000789999999999999 202.522797497090891738
136.243161688431712264 0.000789999999999999 201.941369080580415130
135.969500000000010687 0.000779999999999989 200.655790183383459180
135.640843639197527182 0.000769999999999993 199.991270288002993993
135.316440000000000055 0.000769999999999993 199.175632799212905866
134.992420000000009850 0.000769999999999993 198.242137607822058953
134.735839999999996053 0.000769999999999993 197.680679888006409328
134.439040000000005648 0.000769999999999993 197.083467712405933980
134.120000000000004547 0.000790737434505362 196.298681344808926497
133.742102105069136542 0.001110000000000000 201.875302077603180351
133.406299999999987449 0.001119999999999996 200.816840080341194152
133.013790000000000191 0.001119999999999996 200.410025406697656081
132.729999999999989768 0.001119999999999996 198.804793183271527823
132.347319999999996298 0.001119999999999996 197.898304128512023681
132.005920000000003256 0.001180000000000000 198.945136610804581778
131.630395313443983696 0.001319999999999988 199.802494206515177666
131.348569999999995161 0.001329999999999998 199.355390815198290966
131.019301079523359022 0.001349999999999990 199.014242045035700812
130.698039999999991778 0.001469999999999999 200.656769841456537051
130.377255801813532798 0.001619999999999996 202.439787143797417457
129.995929999999987103 0.001629999999999993 201.026634025653123672
129.623340000000013106 0.001629999999999993 199.246163898666480918
129.273699999999990951 0.001629999999999993 198.553154645271263234
128.937612381806502526 0.001649999999999999 198.613930554477207124
128.610109999999991715 0.001819999999999988 200.289385133122607385
128.260390000000001010 0.001829999999999998 199.606102861587402231
127.896199999999993224 0.001876664685150159 199.682063579858038338
127.577522095307998029 0.001995873065275197 200.550180128797080670
127.229529999999996903 0.002209999999999990 203.504866599432688190
126.835329999999999018 0.002209999999999990 202.250185844475993235
126.515860000000003538 0.002209999999999990 201.445460001883333234
126.163970000000006166 0.002209999999999990 200.405326298301162069
125.838859999999996830 0.002209999999999990 199.321649022974497711
125.475480000000004566 0.002209999999999990 198.593795649578964913
125.163970000000006166 0.002209999999999990 197.627577184718830949
124.843819999999993797 0.002209999999999990 196.799053416698768615
124.473370000000002733 0.002258850971695425 196.357207621113104778
124.105680000000006658 0.002819999999999989 205.308856115528072905
123.782489999999995689 0.002819999999999989 204.248991048251127722
123.417109999999993875 0.002819999999999989 202.983888730128740008
123.078130000000001587 0.002819999999999989 201.757301586105683100
122.706689999999994711 0.002809999999999993 200.831341146776821915
122.327489999999997394 0.002809999999999993 199.733861898082579955
121.988320000000001642 0.002809999999999993 198.743684808698134248
121.629490000000004102 0.002809999999999993 197.549617067121090486
121.300979999999995584 0.002809999999999993 196.900416412065709437
120.975639999999998508 0.002819999999999989 196.313342899660369767
120.588930000000004839 0.002829999999999999 195.406619318416687747
120.282619999999994320 0.003259999999999999 201.323023000005946415
119.924629999999993402 0.003259999999999999 200.145921140819950779
119.598839999999995598 0.003269999999999995 199.077832104828218007
119.209080000000000155 0.003297096510703729 198.487620956338417955
118.892910000000000537 0.003739999999999993 204.597281391675011264
118.530490000000000350 0.003739999999999993 203.153559227026761391
118.172473947517275406 0.003739999999999993 202.679005683522547088
117.815790000000006899 0.003739999999999993 200.762763293594872493
117.465984975265044454 0.003739999999999993 200.374001244306981562
117.142970000000005371 0.003739999999999993 198.998498291828383344
116.800690000000003010 0.003739999999999993 197.581001014636711943
116.432699999999996976 0.003739999999999993 196.296683229536284898
116.109920000000002460 0.003739999999999993 195.690543468580813169
115.793289999999998940 0.004348578175331713 204.755752626773244174
115.457070787028428072 0.004589999999999997 206.897717480938524659
115.140159999999994511 0.004549999999999998 204.578399536147514937
114.823337629092193879 0.004089999999999996 195.499684170259882876
114.518230000000002633 0.004099999999999993 194.975378493971220450
114.190217507742730163 0.004179999999999989 195.515721201883820868
113.862239999999999895 0.004719999999999988 203.276671940345522671
113.588365829518892269 0.004709999999999992 201.912817266544834638
113.290130000000004884 0.004709999999999992 200.996179729396232005
113.006883219625933634 0.004709999999999992 199.765149999340451359
112.691389999999998395 0.004709999999999992 199.062191798662269093
112.466639999999998167 0.004709999999999992 198.778989486599243719
112.179779999999993834 0.004719999999999988 196.839333757365636757
111.959580000000002542 0.005089119457696634 202.569837522117836670
111.657200000000003115 0.005129999999999996 201.688631131674668495
111.405199999999993565 0.005129999999999996 200.699647967266230353
111.141429999999999723 0.005129999999999996 199.695260149600187560
110.905799999999999272 0.005129999999999996 198.875190942740601940
110.659809999999993124 0.005129999999999996 197.569199206526064927
110.385490135856116467 0.005679999999999991 204.833991337740400240
110.159800000000004161 0.005679999999999991 203.857165878309928075
109.889319675126031939 0.005669999999999994 202.736415452055609876
109.669020000000003279 0.005649999999999988 201.505117726576941095
109.410539999999997463 0.005579999999999988 199.781602667011583208
109.139880000000005111 0.005579999999999988 198.800213259243776065
108.899296763704157343 0.005579999999999988 197.511702179316557704
108.698970000000002756 0.005579999999999988 197.013087336062199029
108.429820000000006530 0.005599999999999994 195.432931335678091500
108.188689999999994029 0.006050000000000000 201.549192846472067231
107.911479999999997403 0.006079999999999988 200.227099335532614077
107.643940000000000623 0.006079999999999988 199.441327410067060555
107.396950000000003911 0.006079999999999988 198.581557262225544491
107.170540000000002578 0.006254275363914680 200.774518219957400333
106.938320000000004484 0.006550000000000000 203.096829632732237769
106.675060000000001992 0.006550000000000000 201.760892360244895372
106.390749999999997044 0.006550000000000000 201.070111616592811288
106.112009999999997945 0.006550000000000000 199.774183400395003218
105.844049999999995748 0.006550000000000000 198.022014563672513532
105.577510000000003743 0.006550000000000000 197.920272419407297093
105.287178169731291177 0.006569999999999993 196.758111865475115110
105.036140000000003170 0.007019999999999998 201.604469040357344056
104.732470000000006394 0.007019999999999998 200.649300403345790755
104.411580000000000723 0.007019999999999998 198.550848248985232658
104.134257058993057399 0.007215697188582976 199.912056658793829911
103.813659999999998718 0.007499999999999993 201.950593759226876500
103.475819999999998799 0.007499999999999993 199.985148670861661913
103.152770000000003847 0.007499999999999993 198.732849653334312734
102.777649999999994179 0.007625128458715782 198.632743724214378744
102.402869999999992956 0.008049999999999988 200.634493308375425613
101.950509999999994193 0.008049999999999988 199.907069879121053191
101.599149999999994520 0.008049999999999988 198.159733365037084241
101.171763179065450799 0.008699999999999999 203.167045760832451151
100.746750000000005798 0.008749999999999994 200.002303576301954990
100.222778459512412041 0.008749999999999994 197.452808314038094295
99.701200000000000045 0.009117103837229676 201.462526504377677838
99.095240000000003988 0.009700000000000000 202.703193910681022771
98.502300000000005298 0.009700000000000000 197.701775484676232963
97.897260000000002833 0.009934756806320028 194.839585405276210395
97.280330000000006407 0.010643985453172300 203.569116662859244116
96.744050000000001432 0.010819999999999996 200.744160673462488376
96.216189999999997440 0.010862394599388606 194.865083865792570350
95.583320000000000505 0.011599999999999999 202.138382102005664365
94.983379999999996812 0.011829999999999993 199.993857544337089394
94.383830000000003224 0.012670162703266402 199.154145987504335835
93.837019999999995434 0.012780000000000000 203.269975759565568296
93.368979999999993424 0.013055472663608889 194.457218396593162879
92.767684043711682307 0.013739999999999988 204.710174468334741960
92.273279999999999745 0.014123898156989403 196.153864618068752179
91.874210323888419794 0.014589999999999992 203.019669175421000773
91.469560000000001310 0.014640000000000000 195.808481357384039256
91.021129999999999427 0.015544587176350683 200.460541741365403823
90.493330000000000268 0.016093816424056981 206.000751726755197524
89.991669999999999163 0.016656089953911199 194.094700771345571866
89.584770000000006007 0.017110000000000000 201.959224073577985337
89.298799999999999955 0.017269999999999994 201.528420904045930229
88.810439999999999827 0.017763417324159120 192.579411196102000758
88.443370000000001596 0.018479999999999996 202.352194536569669481
87.984519077647647123 0.019369999999999998 202.988824757845492286
87.772210000000001173 0.019956642515800968 194.078344487429944820
87.447729419818642782 0.020907550505606595 204.832091690335545309
87.003799999999998249 0.021906779753312927 201.778147356223087172
86.598942080980762626 0.023096008602277993 192.793051226336586979
86.254180000000005180 0.023319999999999994 197.688129109823080398
86.013918258254633997 0.025159999999999988 204.151697984902710914
85.736329999999995266 0.026640114734965123 189.770343031927694710
85.339311117860177092 0.029559999999999996 203.509658016804763747
84.967690000000004602 0.032278418002955549 207.118566737139218503
84.751598080423207193 0.034841618156502593 193.068746923323999454
84.509940000000000282 0.037371541504587547 199.823764873745176374
83.917810000000002901 0.041788972330275141 210.045744056989150295
83.690719999999998890 0.045121777820803198 193.538069858981543803
83.365780000000000882 0.048094575181886826 197.043676374033708498
82.993030000000004520 0.052124761751274888 208.535068167064082445
82.751089673532987945 0.055916270863404942 199.473796572643408354
82.515240000000005693 0.059546714968399125 194.895683932482143064
82.065860000000000696 0.064455204378183861 206.621103311607413389
81.731800000000006889 0.068871344063490977 202.915405628364595714
81.491640000000003852 0.070326954328236907 193.949797656710046567
81.133639999999999759 0.072029999999999997 205.754619259855417113
80.870519999999999072 0.073355806978592702 202.739118629351025902
80.747360000000000468 0.074083492073566543 193.015548465574966031
80.387249999999994543 0.075399999999999995 203.944276338819548755
80.158550000000005298 0.076568720357798437 202.870880282200516831
79.816540000000003374 0.077268802700305825 191.288653844665418546
79.315319999999999823 0.078289999999999998 202.300549381111096636
78.942659281103942703 0.079317246719118412 202.847836102160982819
78.588380000000000791 0.080822202466872009 192.911719491473945709
78.095500000000001251 0.081295669741080517 197.141149693455787428
77.676029999999997244 0.082969999999999988 205.018940226512683012
77.122180000000000177 0.083822382949533730 194.050835474083299914
76.740984043515467761 0.083919999999999995 195.952664932737434356
76.402010000000004197 0.084859999999999991 205.319805698749973999
76.197444621330291170 0.085472362206931676 193.378152582874236032
75.894540000000006330 0.086039999999999991 202.988871877877670613
75.502003493735159623 0.086689999999999989 204.289494100564212431
75.264349999999993202 0.087157615290521379 193.822447975717068402
74.856459999999998445 0.088119999999999990 204.397251662068498490
74.413949999999999818 0.088149999999999992 203.562706569190851269
74.216440000000005739 0.088241273825500940 189.304797060361238437
73.760930000000001883 0.089176301710941222 206.088260131265371911
73.401139999999998054 0.089399999999999993 200.088469345246465991
73.323750000000003979 0.089599999999999999 195.318077523174281396
73.031570000000002096 0.089839999999999989 206.101647013094890326
72.831249999999997158 0.090473187173627873 201.056808261903000812
72.568610000000006721 0.090499999999999997 195.999049172636944149
72.278819999999996071 0.091021596399592369 208.218767427942822223
71.937730000000001951 0.091670825647298629 197.602390650354209356
71.489300000000000068 0.092059999999999989 199.909894566794150705
71.108450000000004820 0.092189999999999994 204.413837230876907824
70.967250000000007049 0.092428463440367301 195.313906446224279989
70.602440000000001419 0.092659999999999992 197.456587136815130634
70.109790000000003829 0.093169999999999989 206.838091110518604410
70.013350000000002638 0.093236150798950271 195.415112800162347639
69.680109999999999104 0.093419999999999989 198.346705819773177382
69.445819999999997663 0.093949999999999992 206.651018913211458994
69.382210000000000605 0.094000000000000000 194.240710262207358028
69.069339999999996849 0.094089999999999993 198.651643988493759707
68.585300000000003706 0.094792246697411250 206.625337390837813700
68.256399999999999295 0.095110000000000000 198.512516394624611848
68.059569999999993684 0.095129999999999992 197.840464838449207718
67.747219999999998663 0.095139999999999988 204.232447416163097387
67.614949999999993224 0.095369114424272663 195.616621642288407656
67.262960000000006744 0.095619999999999997 197.190514148443924114
66.994941237920386357 0.095759999999999998 204.560357744196522845
66.794950000000000045 0.096246752305810465 200.535077867906210258
66.689289434813588286 0.096290000000000001 194.114061902243037139
66.025339999999999918 0.097259999999999999 206.573014880629898471
65.398610000000005016 0.097754411694586929 200.489315145212856351
65.108310000000003015 0.097760000000000000 197.612410011691878253
64.252740000000002851 0.098282848594291511 204.356131775814816365
63.750500000000002387 0.098972077841997713 201.767563772744068729
63.498049999999999216 0.098979999999999999 197.225834419950672327
62.965609999999998081 0.098979999999999999 204.906127466999635089
62.748759999999997206 0.099089715635066286 196.428633292873996652
62.380690000000001305 0.099678944882772638 199.118796822172413385
62.052500819406816390 0.099849999999999994 205.870756080285843836
61.699509999999996523 0.099859999999999990 196.865513022139225541
61.187879480779734820 0.100019999999999998 194.709029608445291615
60.832099999999996953 0.100279999999999994 204.969610266444163926
60.581069999999996867 0.100519999999999998 197.866812842690819707
60.255679999999998131 0.100599999999999995 195.666883686821108768
59.951030000000002929 0.100899999999999990 205.676186171844847195
59.696210000000000662 0.100989999999999996 197.970109963081540627
59.488609349247631997 0.101131908212028568 195.294272054438266650
58.745669999999996946 0.101779999999999995 206.715705590399608127
58.493623620961436416 0.101779999999999995 197.803491184410148662
58.213580000000000325 0.101789999999999992 195.274981003122434231
57.626590000000000202 0.102449999999999999 209.312271365144823676
57.251739999999998076 0.102489999999999998 199.290210775463236814
57.048349999999999227 0.102489999999999998 197.088066370602433608
56.430120000000002278 0.102629999999999999 205.742395391974298491
56.404965189539879589 0.102799999999999989 198.442019005884276339
56.002429999999996824 0.102809999999999999 195.873809365542058458
55.407510000000002037 0.103520000000000001 208.434597983661461740
55.380659999999998888 0.103520000000000001 199.296975292161704374
55.228310000000000457 0.103520000000000001 200.864109496534467780
54.803119999999999834 0.103520000000000001 202.538514575722501831
54.314860000000003026 0.103520000000000001 194.232077158698729136
54.015129999999999200 0.103520000000000001 196.848700458118941015
53.558720000000000994 0.103909999999999988 203.965586565823372212
53.493420000000000414 0.103969999999999993 196.142988502360879011
53.000990000000001601 0.104069999999999996 200.234261355536517613
52.473869999999998015 0.104389999999999997 204.882425025478710268
52.332509999999999195 0.104389999999999997 195.401592059116779865
52.062330000000002883 0.104389999999999997 199.495035683773835444
51.785640000000000782 0.104389999999999997 200.941932423707982025
51.576479999999996551 0.104767862318042887 194.849737064904132922
51.209820000000000562 0.104819999999999997 200.307042604067760294
50.629759999999997433 0.105389999999999998 207.257676107177928770
50.317990000000001771 0.105399999999999994 198.567352170588577565
49.824309999999996990 0.105399999999999994 203.411269439837553819
49.538849999999996498 0.105399999999999994 202.575457709770944348
49.513970000000000482 0.105399999999999994 195.328764018452261553
49.065883146021164407 0.105399999999999994 201.367469793954398938
48.842249999999999943 0.105399999999999994 198.726253522530498685
48.495431171573898155 0.105399999999999994 192.976439399497053273
47.928570000000000562 0.105670000000000000 203.219351570149370900
47.617809999999998638 0.105799999999999991 199.852827069627750234
47.440510000000003288 0.105899999999999994 198.665353074536994882
47.115409999999997126 0.105909999999999990 202.709982813080870301
46.643850000000000477 0.106240000000000001 201.776137761761702905
46.413190000000000168 0.106240000000000001 198.280015507897957150
46.057290000000001839 0.106240000000000001 203.416975057611523425
45.834710000000001173 0.106249999999999997 196.668524424899260339
45.477539999999997633 0.106669999999999987 198.628768280075036046
44.781579999999998165 0.106689999999999993 204.344332094311965875
44.698270000000000834 0.106689999999999993 200.012061796976894357
44.305579999999999075 0.106689999999999993 196.052410204263281912
43.872599999999998488 0.106719999999999995 201.965373916244004704
43.585540000000001726 0.106769999999999990 198.420517124363811945
43.230449999999997601 0.107269999999999990 201.303644113679951033
42.824390000000001066 0.107269999999999990 208.718993989208172479
42.632040339502005111 0.107269999999999990 201.711870168942425607
42.483669999999996492 0.107269999999999990 198.672029216872459756
41.848232760486183679 0.107269999999999990 204.786910707002164145
41.787289999999998713 0.107269999999999990 197.970972932818625623
41.390639999999997656 0.107269999999999990 195.216039169049452084
40.640909999999998092 0.107269999999999990 202.776092477121125057
40.526179999999996539 0.107269999999999990 195.890679859519877937
40.241320000000001755 0.107269999999999990 195.523214096762785630
39.844198651212025197 0.107689999999999994 205.759004959481785590
39.511530000000000484 0.108100000000000002 204.759502168461750671
39.304028315151789741 0.108100000000000002 201.308798911188972625
38.795850000000001501 0.108064986276248692 205.857266092021916393
38.477468786944285739 0.107669999999999988 198.114844277966966501
38.455539999999999168 0.107589999999999991 191.918300899593617714
38.069706729093347519 0.107589999999999991 197.370099884206439356
37.539050000000003138 0.107885642293578249 199.120722595543668376
37.305011599822805124 0.108489999999999989 202.209838153439505959
36.653900000000000148 0.108489999999999989 207.140582476882457286
36.402267383248769761 0.108479999999999993 204.664179438832263713
36.108069999999997890 0.108399999999999996 200.139709727546573959
35.886851744808311082 0.107809999999999989 196.157470546147095547
35.550350000000001671 0.107819999999999999 192.823285446701135015
35.383006890974435521 0.108206435192294906 194.583295477293489739
34.796259999999996637 0.108719999999999997 206.213076128235258011
34.494483377524467471 0.108719999999999997 205.266146358588542853
34.220709999999996853 0.108710000000000001 199.268596955988101627
33.949880000000000280 0.108679999999999999 203.944228789986993888
33.461069999999999425 0.108609999999999998 201.860278155938146938
33.218870000000002563 0.108570000000000000 196.004643307255435047
32.827210000000000889 0.108570000000000000 199.882713326832771372
32.349089999999996792 0.108570000000000000 199.374474336969853994
32.104759999999998854 0.108579999999999996 195.112490839313096558
31.935863700053829461 0.108579999999999996 198.834269420101122705
31.489170000000001437 0.108589999999999992 199.221610959301102639
31.293299999999998562 0.108941110012232528 197.256534277393541288
30.775289999999998258 0.109189999999999995 204.442061448070745655
30.298439999999999372 0.109189999999999995 206.974435168450327183
30.368710000000000093 0.109169999999999989 200.204827645936632052
30.319649999999999324 0.109026096288481006 202.997320201760913960
30.291669999999999874 0.108659999999999993 198.541351243969444340
30.305730000000000501 0.108619999999999994 191.335674357666306378
30.009720000000001505 0.108639999999999987 198.314512999639049440
30.011489999999998446 0.109010774543766800 202.182138318157285539
30.000669999999999504 0.109070000000000000 200.389800000000008140
