30.023679999999998813 0.091069999999999998 4.871240000000000236
30.069359999999999644 0.092044167334669330 14.871964309619240652
30.132919999999998595 0.093018334669338676 26.544741388777559621
30.182730881763525588 0.094002502004008018 38.518445765531069469
30.245059999999998723 0.094986669338677360 50.812623799599215602
30.278629999999999711 0.095960836673346692 61.786060671342696082
30.287977939879759504 0.096945004008016034 73.847918617234469707
30.323039999999998884 0.097929171342685375 86.406661813627280821
30.375229999999998398 0.098903338677354707 98.834446901803616470
30.424495701402804571 0.099779999999999994 108.887121823647333940
30.424839999999999662 0.098640000000000005 93.506948188376739495
30.472519999999999385 0.099150000000000002 99.973567270541209950
30.473669999999998481 0.099389999999999992 103.413502401803654607
30.527960000000000207 0.099349999999999994 102.436528248496983906
30.552270000000000039 0.098890000000000006 96.850955305611236668
30.617039999999999367 0.098909999999999998 97.489224492985869119
30.686949999999999505 0.099360000000000004 103.212278524048116424
30.757529999999999148 0.099349999999999994 102.675021190380675762
30.852689999999999060 0.098919999999999994 98.302582518036189185
30.914459999999998274 0.098930000000000004 97.181747515029854867
31.023669999999999192 0.098989999999999995 98.073892467935877448
31.273279999999999745 0.099209999999999993 101.769770973947984771
31.718891104208431386 0.099199999999999997 102.635327529058514529
32.311349999999997351 0.098900000000000002 100.340699474949829550
32.957819999999998117 0.098879999999999996 101.236902044088182606
33.584339999999997417 0.098799999999999999 99.530720132264519862
34.108580000000003452 0.098729999999999998 100.480994538076245703
34.543959999999998445 0.098729999999999998 99.337747931863830786
34.940640000000001919 0.098640000000000005 99.056213288577353637
35.321869999999996992 0.098619999999999999 100.030630090180281400
35.770029999999998438 0.098619999999999999 99.682296980961851318
36.218718160320655386 0.098619999999999999 101.360257302605404561
36.622909999999997410 0.098489999999999994 99.588834425851189280
37.073099999999996612 0.098489999999999994 100.661334799599401890
37.538600000000002410 0.098489999999999994 100.655784909818876827
37.941130000000001132 0.098409999999999997 99.706193859720130490
38.351759999999998740 0.098390000000000005 100.142029748496270258
38.767890000000001294 0.098330000000000001 99.873137018035322399
39.161589999999996792 0.098330000000000001 100.025344814629704615
39.586129999999997153 0.098010000000000000 97.831019679358462326
40.017749999999999488 0.098019999999999996 96.787783599197197759
40.434917553106217269 0.098101360721442890 98.199433290581339406
40.855739999999997281 0.098430000000000004 104.174753395791469757
41.293010000000002435 0.098190609218436850 100.409497382763944984
41.683076578156331493 0.097930000000000003 98.513595015029949309
42.090049999999997965 0.097939999999999999 98.015561300601362404
42.452500000000000568 0.097949999999999995 98.987839316634605780
42.884529999999998040 0.097949999999999995 99.856775675352253074
43.286279999999997870 0.097949999999999995 100.585036272545295333
43.717520000000000380 0.097949999999999995 101.355139158316745807
44.130839999999999179 0.097949999999999995 101.095867812625343163
44.505420000000000869 0.097949999999999995 101.403752537074282714
44.885970000000000368 0.097930000000000003 101.318819490981724130
45.284619999999996764 0.097669999999999993 99.347837498998245565
45.705350000000002808 0.097659999999999997 98.656036442885550741
46.085850000000000648 0.097659999999999997 100.201691535070452233
46.497520000000001517 0.097650000000000001 100.922043512023947187
46.942659999999996501 0.097610000000000002 100.858180935871544648
47.361539533066135732 0.097509999999999999 99.099054138276954973
47.722499999999996589 0.097509999999999999 100.014091543086919955
48.112980000000000302 0.097470000000000001 100.517339907815923539
48.502575152304622463 0.097435292585170336 99.577490669339198348
48.885730000000002349 0.097369999999999998 100.149956226454122543
49.301040000000000418 0.097339999999999996 100.755242885771451711
49.737582815631284916 0.097129999999999994 97.545483757515157208
50.096550000000000580 0.097140000000000004 98.977718639278634782
50.510120000000000573 0.097150000000000000 99.719566293587178052
50.885682529058129830 0.097150000000000000 100.439794753507442238
51.284919999999999618 0.097150000000000000 100.936801564127193842
51.683759999999999479 0.097150000000000000 100.820192314630787678
52.145150000000001000 0.097150000000000000 100.813224134268651255
52.551070000000002835 0.097140000000000004 102.554425258517426300
52.919069999999997833 0.096939451903807594 99.329518324648162775
53.271850000000000591 0.096879999999999994 99.890658849700216138
53.664879999999996585 0.096879999999999994 100.630099333668894701
54.088490000000000180 0.096879999999999994 101.500564969939077287
54.488480000000002690 0.096739999999999993 99.082163816632672138
54.875740903807646021 0.096680000000000002 99.381023689378594099
55.292700000000003513 0.096669999999999992 100.007061719438851810
55.726799999999997226 0.096669999999999992 100.862117715430315457
56.100917591182401623 0.096540000000000001 100.082201514027474332
56.465919999999997003 0.096509999999999999 99.995261947895627941
56.885739999999998417 0.096509999999999999 100.276732724448748968
57.251295979959927251 0.096489999999999992 100.116651919839625862
57.564610000000001833 0.096400000000000000 100.899749979959821644
58.039920000000002176 0.096070000000000003 97.376747749499699580
58.438074226452961568 0.096079999999999999 98.438565208417585950
58.886899999999997135 0.096089999999999995 98.141203687373902653
59.309969999999999857 0.096110000000000001 98.971082971945321560
59.705140000000000100 0.096129999999999993 99.807477344690241239
60.047759999999996694 0.096129999999999993 100.964021348694103608
60.401519999999997879 0.096129999999999993 102.712875182366701665
60.782519999999998106 0.096119999999999997 101.858514351705650824
61.197470000000002699 0.095961937875751482 100.640140691382129035
61.627729999999999677 0.095629999999999993 97.971851432870096232
62.066569999999998686 0.095640000000000003 99.245312957914137542
62.421647017034082694 0.095640000000000003 100.821848512023919398
62.845019999999998106 0.095640000000000003 100.363915791582385850
63.193869999999996878 0.095640000000000003 101.632525552104183930
63.577000521042130288 0.095516933867735451 100.758313907814454069
64.011290000000002465 0.095159999999999995 97.441200458917421656
64.421390000000002374 0.095170000000000005 97.827294651302992179
64.783261411823659159 0.095170000000000005 99.374763051101936639
65.223439999999996530 0.095170000000000005 100.872933434869352709
65.616100000000002979 0.095170000000000005 101.940232640280541432
66.042702196392838232 0.095159999999999995 102.992170216433549967
66.413989999999998304 0.094829999999999998 99.985207582164136397
66.790779999999998040 0.094729999999999995 99.494386304610614502
67.185000000000002274 0.094729999999999995 101.425632918836569729
67.538669999999996207 0.094589999999999994 99.636399629258946220
67.951769999999996230 0.094500000000000001 99.528050757514307634
68.378870000000006257 0.094210000000000002 97.853961422844989215
68.764060000000000628 0.094210000000000002 100.256303050100470386
69.213660000000004402 0.094210000000000002 101.531902911824744251
69.633709999999993556 0.094039999999999999 100.945788837675394234
69.996920000000002915 0.093750000000000000 98.160071158316611672
70.372699999999994702 0.093740000000000004 100.193642878758339521
70.750169999999997117 0.093591921843687337 100.012848370740968562
71.146606665330693886 0.093267754509018017 98.634846742484810989
71.546300000000002228 0.093240000000000003 100.344647214428846382
71.950270000000003279 0.093240000000000003 101.302141244488836946
72.351958919839731266 0.092979999999999993 100.611177318638226552
72.740340000000003329 0.092710000000000001 99.945984117233962252
73.131119999999995684 0.092499999999999999 99.622697326654062522
73.541756232464948084 0.092240000000000003 99.577648186373153294
73.928889999999995553 0.092210000000000000 101.451438813627916602
74.365160000000003038 0.091719999999999996 98.985437842685513488
74.770079999999992992 0.091640248496993953 99.937615450900182168
75.068060000000002674 0.091229999999999992 100.008819067134268721
75.497190000000003351 0.091170000000000001 102.109153877755971962
75.898240000000001260 0.090609999999999996 100.259117280560943186
76.301519999999996458 0.090240000000000001 98.454144993987611656
76.724249999999997840 0.090199411823647282 101.571032408818268777
77.148840000000006967 0.089740000000000000 101.278842286573052434
77.533709999999999241 0.089270000000000002 100.340268101202426010
77.961910000000003151 0.088886909819639259 100.096162701403216033
78.272639999999995553 0.088772742484969913 101.562530236472511547
78.642546102204448744 0.088300000000000003 101.578598509018078744
79.060580000000001633 0.087819999999999995 101.373463406813939969
79.433610000000001605 0.087331683366733345 99.219602164326758498
79.887097422845741335 0.086249999999999993 96.570691672342988454
80.291600000000002524 0.086249999999999993 101.228948985972550645
80.713759999999993511 0.086249999999999993 103.592206217436171301
81.115533647294640218 0.085383571142284551 98.572327983968307308
81.471500000000006025 0.084989999999999996 99.853472540080232989
81.855710000000001969 0.084489999999999996 100.627607138275365628
82.257456171342752782 0.083722138276553018 98.104719591180483462
82.631020000000006576 0.083540000000000003 101.432283314628975290
83.021460000000004698 0.082598203406813536 96.758854210420437880
83.428280000000000882 0.082500000000000004 101.987597354709492947
83.860429999999993811 0.081430000000000002 99.180058828656754599
84.275210000000001287 0.080670464929859659 98.188541903807276867
84.686650000000000205 0.080049999999999996 99.949939666333222021
84.998509999999996012 0.079833795591182311 101.340540771542919174
85.419979999999995357 0.078839999999999993 98.479886047094467472
85.822119999999998186 0.078380000000000005 99.717980096194068551
86.183197004008135877 0.077729999999999994 101.086620711421787178
86.653880000000000905 0.076839999999999992 98.958982619237829681
87.025229999999993424 0.076022122244488913 98.573867082162436759
87.423276032064180185 0.075429999999999997 100.584992585169615609
87.796109999999998763 0.074560000000000001 99.638457330661609035
88.222589999999996735 0.073568559118236440 99.542697535071170023
88.593774048096236129 0.072630000000000000 99.163104176353925823
89.019400000000004525 0.071770224448897746 99.597257338676556060
89.395489999999995234 0.070796057114228428 98.969069308618003333
89.786070919839715998 0.069871889779559090 99.997591581163177921
90.214479999999994675 0.068897722444889758 100.291375774549834432
90.623519999999999186 0.068093555110220416 101.380142096192386703
91.048869999999993752 0.066209999999999991 97.785436239478570997
91.408730000000005589 0.065535661322645183 100.094785541082487157
91.746139999999996917 0.064411053106212396 98.781817648296453171
92.146850000000000591 0.063456885771543042 101.746977815632249076
92.544430000000005521 0.062152718436873693 100.773124637273369331
93.004779999999996676 0.060469999999999996 100.214387458918267271
93.403369999999995343 0.059679999999999997 100.815287875751934621
93.702569999999994366 0.058060216432865727 100.453448625250445048
94.152969999999996276 0.057216049098196359 101.133501330661289330
94.550830000000004816 0.054693763527054053 97.652544787575280338
94.920875495992035553 0.053550000000000000 101.354320625249400223
95.340490000000002624 0.051833547094188345 100.513650721443852376
95.798429999999996198 0.050478759519037956 99.102012138276251108
96.203388242485033288 0.049169999999999998 100.458364651303938331
96.581800000000001205 0.048160000000000001 100.124116453908229118
96.922740000000004557 0.046809999999999997 99.671130004008333003
97.348610275551166637 0.045602710420841644 99.787065811621431521
97.655469999999994002 0.044568543086172321 99.461555879761021970
98.084050000000004843 0.043124375751502977 99.733396558115174457
98.561192969939952491 0.041600208416833630 99.143025470942319544
98.953289999999995530 0.040576041082164262 100.065568181360205813
99.322249999999996817 0.039619999999999995 99.801454649300410438
99.735020000000005780 0.038357706412825612 98.666342689377145803
100.101060000000003924 0.037390000000000000 100.410292272544410253
100.465829999999996858 0.036609999999999997 102.638399154308615380
100.926100000000005252 0.035439999999999999 101.919389308617937218
101.314999999999997726 0.034241037074148273 100.190646583165332117
101.698710000000005493 0.033316869739478921 99.965418625251160734
102.079849999999993315 0.032329999999999998 100.229013590180812798
102.443583843687434864 0.031588535070140221 101.297291539079580502
102.825819999999993115 0.029694367735470899 97.305061353706861382
103.265169999999997685 0.028730200400801577 100.904031322645337809
103.707698253507032859 0.027142066132264511 96.568416154309048238
104.121059999999999945 0.026319999999999996 101.083528144287555506
104.524680000000003588 0.025319999999999995 99.931851715429687033
104.939138436873776072 0.024667062124248448 100.813455046092329326
105.292799999999999727 0.023639363727454871 99.296074403808617603
105.655219999999999914 0.022940000000000002 99.961307086172510594
106.021587066132340738 0.022069999999999992 100.925401355712153872
106.391360000000005925 0.021110000000000004 100.583881262525807188
106.788240000000001828 0.020162694388777533 101.162331032063860903
107.255729999999999791 0.019407054108216346 101.690533396794123178
107.683920000000000528 0.018460000000000004 99.500460932864740471
108.063569999999998572 0.017650192384769517 99.648940368737413564
108.487769999999997594 0.017096025050100175 99.148950756512093108
108.820679999999995857 0.016431857715430792 99.314890296589041441
109.178539999999998145 0.015769999999999992 100.488592119237324596
109.590720000000004575 0.014909999999999993 98.501088196392942109
109.971664321643345374 0.014359999999999998 98.478590790581876036
110.450310000000001764 0.013859999999999997 100.888497505014996136
110.929439999999999600 0.012991021042084133 98.306069773546965962
111.304543286573192518 0.012776853707414812 100.774106993988482373
111.602389999999999759 0.012222686372745470 98.841668630259533757
111.920450000000002433 0.011888519038076084 100.615624915832583497
112.337884397795690461 0.011184351703406745 98.916118814629029998
112.735569999999995616 0.010900184368737423 102.161687691381601439
113.228399999999993497 0.010099999999999998 99.533380631261309190
113.634565340681390921 0.009761849699398792 100.417067276553012789
114.040700000000001069 0.009107682364729405 96.828668896794681586
114.399469999999993775 0.008999999999999994 101.655801959919870114
114.824809999999999377 0.008609999999999993 101.915572317635309219
115.113749999999996021 0.008160000000000001 100.917176863726865577
115.510609999999999786 0.007679999999999992 98.762359733466510647
115.895553587174447330 0.007199999999999998 98.056245154308555811
116.346909999999994056 0.006862678356713392 100.309932555110862040
116.791499999999999204 0.006300000000000000 97.730962436874335708
117.214680000000001314 0.006264343687374704 100.807450776550908245
117.640190000000004034 0.005819999999999992 99.928675474952299851
117.996650000000002478 0.005349999999999994 99.560461697394700309
118.413988683366767418 0.005290000000000003 102.224243096193305291
118.744389999999995666 0.004860000000000003 100.172312156308208841
119.070009999999996353 0.004540000000000002 100.924027835671537900
119.462040000000001783 0.004389339679358673 101.171088494990428330
119.801379999999994652 0.003250000000000003 94.630806080160269289
120.231440000000006307 0.003259999999999999 99.050525085170576745
120.773970000000005598 0.003259999999999999 102.275285210420477711
121.157359999999997058 0.003250000000000003 104.549392469940144679
121.507609999999999673 0.001970000000000000 92.267536959920192885
121.875429999999994379 0.001970000000000000 97.214674189378214919
122.341390000000004079 0.001979999999999996 100.327428709421354824
122.759500000000002728 0.001979999999999996 102.426829277555469844
123.158929999999998017 0.001970000000000000 105.110534799600657152
123.464094606212611893 0.001070000000000002 98.061227020039623881
123.880989999999997053 0.001070000000000002 100.819074380756731557
124.276489999999995462 0.000959331663326624 101.183579988978394226
124.613074066132298867 0.000420000000000004 98.457750164327151765
125.024950000000004025 0.000420000000000004 101.026024033065255026
125.243669999999994502 0.000399999999999998 102.267810280564845016
125.390894227454936072 0.000000000000000000 97.829386146292776516
125.109480000000004907 0.000000000000000000 97.549130589181061168
124.934579999999996858 0.000009999999999996 98.475724764530568223
124.708582324649199791 0.000130000000000005 99.369119078153389069
124.591160000000002128 0.000210000000000002 100.292080698396262051
124.236050000000005866 0.000210000000000002 99.659440605210960484
123.891980000000003770 0.000210000000000002 98.234267098196568213
123.461169999999995639 0.000469999999999998 101.246224825654408619
123.026460000000000150 0.000469999999999998 100.561249013029197386
122.641069999999999141 0.000469999999999998 99.413179591185496520
122.228899999999995885 0.000469999999999998 98.874989220443410431
121.872410000000002128 0.000629999999999992 100.242342581158112580
121.480890000000002260 0.000659999999999994 99.696142029060482059
121.184518006011984426 0.000759999999999997 99.509716923849140358
120.796779999999998267 0.001000000000000001 102.189517590180955153
120.423190000000005284 0.001000000000000001 101.492443739480819431
120.008343702404673081 0.000990000000000005 100.232030164326758381
119.611869999999996139 0.001000000000000001 98.906070647297170240
119.269149999999996226 0.001000000000000001 98.131432940881865079
118.825050000000004502 0.001096517034068212 98.037815190384719699
118.415660000000002583 0.001350000000000004 100.755322086168447981
117.944580000000001974 0.001379999999999992 99.783485833670866327
117.487813449899761054 0.001430000000000001 99.660541356714702488
117.219800000000006435 0.001559999999999992 100.938055751499220491
116.928250000000005571 0.001579999999999998 99.831523870739161453
116.534099999999995134 0.001640000000000003 99.181729474949534620
116.114469999999997185 0.002030000000000004 102.668507802605930124
115.617609999999999104 0.002019999999999994 100.837076653301821239
115.201158652304513907 0.002019999999999994 100.130004428861255406
114.826809999999994716 0.002019999999999994 98.997156681360038988
114.497079999999996858 0.002019999999999994 98.622358465932421723
114.098789999999993938 0.002030000000000004 96.787870148292796557
113.705290000000005080 0.002439999999999998 100.961745369741578315
113.228229999999996380 0.002449999999999994 99.699472364730794993
112.804529999999999745 0.002530000000000004 99.773981193388365796
112.407889999999994757 0.002610000000000001 99.743618376754284327
112.028620000000003643 0.002669999999999992 99.044362320640658481
111.609849999999994452 0.003099999999999992 103.134868809619248964
111.237790000000003943 0.003099999999999992 102.009572615230311499
110.844729999999998427 0.003089999999999996 100.783917078156406433
110.449359999999998649 0.003089999999999996 99.110078782565580013
110.068879999999992947 0.003099999999999992 97.929192254507981374
109.659689999999997667 0.003099999999999992 96.474878176353072945
109.233729999999994220 0.003549999999999998 100.922991102204420599
108.840348137274332885 0.003549999999999998 99.779984985971992728
108.440439999999995280 0.003624867735470994 98.703284579159088707
108.009709999999998331 0.004790964929859684 111.650542289578467603
107.645700224448859217 0.003036404809619295 88.059418849699966358
107.307519999999996685 0.004839999999999997 109.941525095190883121
106.884219999999999118 0.003369999999999998 89.776924579157324047
106.488186057114148753 0.005299999999999999 112.648010081163391760
106.112989999999996371 0.003500000000000003 86.776087238476065977
105.733580000000003452 0.005470000000000003 112.282551411822723253
105.365236613226258555 0.004463587174348554 97.077125210420646795
105.001879999999999882 0.004349999999999993 94.772651475948862299
104.634320000000002437 0.005139999999999992 103.585457050099591925
104.283919999999994843 0.005129999999999996 101.872675545089506954
103.946560000000005175 0.005129999999999996 101.168044777555962810
103.653850000000005593 0.005129999999999996 99.335867940881684035
103.322829999999996176 0.005129999999999996 99.037423454909614406
103.026539999999997121 0.005129999999999996 96.937589808618568554
102.727670000000003370 0.005139999999999992 96.244695535070007963
102.484549999999998704 0.006089999999999998 105.482621511018464844
102.163700000000005730 0.006069999999999992 104.908286112227571607
101.896109999999993079 0.005519999999999997 96.046448940886122614
101.605159999999997922 0.005529999999999993 95.712194060120978634
101.322597188376704480 0.006362381763527103 103.725132144289261760
101.040639999999996235 0.006379999999999997 103.111647783567661918
100.784009999999994989 0.006370000000000001 101.079072875752331129
100.514369999999999550 0.006349999999999995 99.549730458923150422
100.191460000000006403 0.006339999999999998 99.376321512029136329
99.951319999999995503 0.006339999999999998 97.998352460918042084
99.640461365731411547 0.006349999999999995 96.180517988977186405
99.346999999999994202 0.006989999999999996 102.351531492986424610
99.045400000000000773 0.006989999999999996 102.121304533066108888
98.762517575150269522 0.006989999999999996 98.810272797594706162
98.473539999999999850 0.006989999999999996 97.885550775550342451
98.124529999999992924 0.007309999999999997 100.331100380758115875
97.797330000000002315 0.007519999999999999 100.570173191382835398
97.444429999999996994 0.007699999999999999 101.023543394789584227
97.101209999999994693 0.007699999999999999 97.884148252505454479
96.743780000000000996 0.008010000000000003 99.278123979957086931
96.373289999999997235 0.008169999999999997 100.613251258518189957
95.926730000000006271 0.008349999999999996 99.767032905811049659
95.463480000000004111 0.008739999999999998 101.441791358717907201
95.021613038075827262 0.008819999999999995 98.069236755516243420
94.479699999999994020 0.009209999999999996 99.779081316633565280
93.946820000000002437 0.009709895791583226 100.257396989981714341
93.406464619238363412 0.009760000000000005 99.811962995988238845
92.870490000000003761 0.010239999999999999 98.376904537072192625
92.215549999999993247 0.010800000000000004 103.439604573149097178
91.632940000000004943 0.011079999999999993 98.943984661322303964
90.842290000000005534 0.011849999999999999 101.596518409823772799
90.163809999999998013 0.012149999999999994 97.262888356712693394
89.390299999999996317 0.013020000000000004 103.527073597194416266
88.545249999999995794 0.013673234468937978 97.457491430864607196
87.935230000000004225 0.013917401803607302 98.269283462920341776
87.359752106212411604 0.014549999999999993 101.961333350700030564
86.814530000000004861 0.014909999999999993 103.019045175351024568
86.163809999999998013 0.015889903807615291 105.437164484973806111
85.629553822644837169 0.015979999999999994 98.947045337680364696
85.186790000000002010 0.016759999999999997 98.872305745492127471
84.764089999999995939 0.016852405811623269 94.255967529058636956
84.259969999999995593 0.017759999999999998 96.681337675350349059
83.867679999999992901 0.017790000000000000 95.932773800598027947
83.493660000000005539 0.018680000000000002 100.358252140279461173
83.037199999999998568 0.019000000000000003 102.092471595190588118
82.587770000000006121 0.019640000000000005 102.763636733464522877
82.255399999999994520 0.019949999999999996 105.108894614228489672
81.788460000000000605 0.020669999999999994 102.200340725457479607
81.507980000000003429 0.021285744488977992 100.613275468939832535
81.121229999999997062 0.021759823647294577 96.406022416833337729
80.791060000000001651 0.022480000000000000 95.740646097189653574
80.347660000000004743 0.023120000000000002 100.692976933857679001
80.038539999999997576 0.023519999999999999 101.703519284569580350
79.696229999999999905 0.024450000000000000 105.404927494990744208
79.400515472945713213 0.025041496993988069 100.810060138282992170
79.074349999999995475 0.025524915831663386 93.895473142286675738
78.767719999999997071 0.026289083166332716 96.530365626252972788
78.411784348697409541 0.026939999999999992 101.373053202403767159
77.985770000000002256 0.027480000000000004 101.480864461929115805
77.620639999999994529 0.029244755511022340 104.962585156318340296
77.308997347694898394 0.030359999999999998 95.842565807616182383
76.970590000000001396 0.031320000000000001 93.504153446891066892
76.615740000000002397 0.032094087174348737 97.730769997995381004
76.293972008016069708 0.033158254509018083 103.700948655309090896
75.933300000000002683 0.034262421843687434 103.680213342690336731
75.592569999999994934 0.035150000000000001 98.487760721445368972
75.261949999999998795 0.036647565130260483 97.878355891783073162
74.988780000000005543 0.038824923847695481 94.714942953909542211
74.634330000000005612 0.040107273547094466 95.192123222441338726
74.115250000000003183 0.042243258517034116 102.593232072136956390
73.730099999999993088 0.043797425851703438 103.103112940880563997
73.294899999999998386 0.046191593186372781 107.005814258516849691
72.878860000000003083 0.047535760521042136 102.899734300602190729
72.707560000000000855 0.048909855711422964 98.198705747498266305
72.270129999999994652 0.050790475951903898 94.710949245492912496
71.849779999999995539 0.052298262525050182 93.664573172342315388
71.479150000000004184 0.053789999999999998 97.380155971936076753
71.131110000000006721 0.055180000000000000 100.592018785565230132
70.699749999999994543 0.057880000000000001 106.435512894786768356
70.156430000000000291 0.059874931863727485 107.289911897798020846
69.636439999999993233 0.061594595190381018 104.626348039082401442
69.211460000000002424 0.063623266533066186 98.599272785573987221
68.664109999999993761 0.065114867735471024 93.776786926855947968
68.137810000000001764 0.066361601202404891 98.095576961920514236
67.663210000000006517 0.067569999999999991 106.242703903803246135
67.283940000000001191 0.068859935871743577 103.462816192394370773
66.937629999999998631 0.069504103206412871 95.422726658316534554
66.622739999999993188 0.070048270541082189 97.306585048093651835
66.268610289579257255 0.071179999999999993 106.314627704409758735
65.883449999999996294 0.071816605210420881 105.614252937878518424
65.668589999999994689 0.072330772545090238 95.191384380762471551
65.216610000000002856 0.073214939879759633 92.813079909806802448
64.728149999999999409 0.074179999999999996 101.541211924844247960
64.319059999999993238 0.075029999999999999 105.717353883775814438
64.033832218436529615 0.075287441883767611 98.499283324648772009
63.735860000000002401 0.076020000000000004 94.657728761525504524
63.527569999999997208 0.076505776553106239 99.280464038072011590
63.186004016032143227 0.076829999999999996 102.952899579153680065
62.926999999999999602 0.077130000000000004 103.491772170339984882
62.622860000000002856 0.077810000000000004 103.492048094190494112
62.342329999999996915 0.078072445891783665 100.480368820639682781
61.920879999999996812 0.078916613226452992 97.233582825658004367
61.672249999999998238 0.079420780561122339 96.833122940883285423
61.359870000000000800 0.079664947895791635 94.074419817633156526
60.980409999999999116 0.080339999999999995 97.393346386771199263
60.219380000000001019 0.081279999999999991 100.377247947893849300
59.332520000000002369 0.083627449899799644 107.557380335667815530
58.767532737474901694 0.083639999999999992 105.299136601201482222
58.234310000000000684 0.083765784569138385 99.321156277558216630
57.847290000000000987 0.084549951903807680 97.002794112234752788
57.489746861723283189 0.084694119238477028 92.711640625240590907
57.015720000000001733 0.085459999999999994 103.365072635265576650
56.577210000000000889 0.085550000000000001 102.755274561121737520
56.384900000000001796 0.086196621242484991 101.750166444889757145
56.198419999999998709 0.086209999999999995 93.527388004010589384
55.812860000000000582 0.086529999999999996 96.505984364729769709
55.362000000000001876 0.087050000000000002 105.248360035066127693
54.746529999999999916 0.087550000000000003 103.310624649304727996
54.404940000000003408 0.087774915831663469 97.350336299607050705
54.192558541082263446 0.088039999999999993 96.409755146282748228
53.796909999999996899 0.088279999999999997 103.120898030055244021
53.360979999999997858 0.088839959919839687 104.926042204408375369
52.970294087174160325 0.089050000000000004 97.401874148295647160
52.511209999999998388 0.089389999999999997 94.220888350696100133
52.042290000000001271 0.089910000000000004 104.358210767544434816
51.646980501001557684 0.089920000000000000 100.696592737470410839
51.397979999999996892 0.090329999999999994 95.815345931873551422
50.822679999999998302 0.090624963927855781 98.767936723439603952
50.470513702404709022 0.091020000000000004 105.768407341684763878
50.145850000000002922 0.091020000000000004 99.262917218439056910
49.861499999999999488 0.091030000000000000 93.794331450901054836
49.482480000000002462 0.091420000000000001 103.124634819637591931
48.950620000000000687 0.092219999999999996 105.556904826656761998
48.522880000000000678 0.092219999999999996 96.425032913832524173
48.346939999999996473 0.092219999999999996 96.817230898788992022
47.922159999999998092 0.092219999999999996 101.349796498992063221
47.595649999999999125 0.092939999999999995 103.573742224456708527
47.117899999999998784 0.092939999999999995 96.478430368739779510
46.651812662324672942 0.093210000000000001 98.060870837674102063
45.946609999999999729 0.093899999999999997 108.608206202405639829
45.950449999999996464 0.093899999999999997 101.225609851705897313
45.675891643286469446 0.093899999999999997 95.292165210418460219
45.145890000000001407 0.093899999999999997 101.811207730453290310
44.800559999999997274 0.094081641282565201 100.949962665339143086
44.560454855710915467 0.094469999999999998 98.403815020046394579
44.081740000000003477 0.094469999999999998 96.327823442883300231
43.671300000000002228 0.094670000000000004 102.186908186372221508
43.199197326653255402 0.094968310621242488 103.854352356713903305
42.840499999999998693 0.095140000000000002 97.251161130261834842
42.516950000000001353 0.095140000000000002 95.349567743486545623
42.119500000000002160 0.095629999999999993 106.341158588163338550
41.711190000000001987 0.095629999999999993 103.023128847701968880
41.284489999999998133 0.095629999999999993 96.054640331667911823
40.927199999999999136 0.095856629258517179 97.016673907815004441
40.388809999999999434 0.096089999999999995 102.613202948888584842
40.089300000000001489 0.096089999999999995 102.204827715431122215
39.656190000000002271 0.096631633266533096 103.713766442888456254
39.322710000000000719 0.096759999999999999 98.428181659331087872
38.911549999999998306 0.096750000000000003 99.313013472935523396
38.495669999999996946 0.096750000000000003 103.028989897792953911
38.109348212424642099 0.096750000000000003 101.211349719447397888
37.765540000000001442 0.096750000000000003 98.027691503005627283
37.535730000000000928 0.097009999999999999 95.804171503014472933
37.058909999999997353 0.097479999999999997 102.135390951905009160
36.524790000000002976 0.097470000000000001 104.382599719438388775
36.188760000000002037 0.097470000000000001 102.899500124250309341
35.688830000000002940 0.097479999999999997 98.293612955906809248
35.333140000000000214 0.097531657314629386 95.808958711414931031
35.016309999999997160 0.097799999999999998 100.320410015025871076
34.821090989980312713 0.097799999999999998 101.751451683359846356
33.847720000000002472 0.098019999999999996 102.963732178350312552
33.773380000000003065 0.098059999999999994 98.224692605209696694
33.364375851703321985 0.098419999999999994 98.776951290581834542
33.200549999999999784 0.098419999999999994 98.866743523045485631
32.455910000000002924 0.098409999999999997 102.377941640272865698
32.210195084168333324 0.098409999999999997 103.786186931868741112
31.746089999999998810 0.098409999999999997 100.997113066141565696
31.380089999999999151 0.098409999999999997 98.447583951903098409
31.145582897795208055 0.098419999999999994 93.559937008014784965
30.656780000000001252 0.098870000000000000 100.087130426849739706
30.071300000000000807 0.098870000000000000 104.361163156308691669
30.084820000000000562 0.098870000000000000 101.866389999999995553
