34.397179999999998756 0.091220000000000009 -0.079689999999999997
31.498029999999999973 0.107730000000000006 171.834073727454949676
38.985750000000003013 0.107109999999999997 172.356137995991986145
48.967050000000000409 0.106530000000000000 172.626234168336708308
57.203580000000002315 0.106070000000000011 172.240369939879599315
65.285550000000000637 0.105500000000000010 171.848292344689212996
70.611879999999999313 0.105270000000000002 173.517887154308482422
74.721760000000003288 0.104730000000000004 171.355996953907634861
78.707239999999998759 0.103990000000000013 171.770750981963914228
82.679659999999998377 0.102670000000000011 171.826272545089466348
86.689539999999993825 0.100430000000000005 171.273812965931114149
90.715043166332662850 0.097190000000000012 173.063878296593088635
94.748393286573147520 0.092339098196392799 171.821412424849569334
98.751069358717430191 0.084520000000000012 172.640792805611255289
102.829200000000000159 0.039747895791583179 171.214113106212465709
106.803860000000000241 0.012606372745491003 172.773354609218301903
110.765540000000001442 0.007479999999999997 172.051623166332433357
114.893150000000005662 0.004590000000000007 172.137107354708234652
118.856489999999993756 0.002310000000000003 171.271057014026240495
122.878110000000006607 0.000789999999999995 170.936567314630110559
124.108220000000002869 -0.000010000000000000 170.964139579157688331
120.222849999999993997 0.000240000000000000 170.448242665330411683
116.163219999999995480 0.000696653306613209 172.620276973947227361
112.163560000000003924 0.001219999999999995 171.665435511022110404
108.096930000000000405 0.001870000000000007 172.085930901803834558
104.282979999999994902 0.002550000000000007 171.511376312625174023
101.153549999999995634 0.003230000000000007 171.675344629257750739
96.798500000000004206 0.004670000000000004 172.868859959920172287
91.372600080160410130 0.006939999999999998 172.977424609216910767
87.796909999999996899 0.009210000000000006 171.981258356717319202
84.040744488977964011 0.013270000000000001 171.757120661326467825
80.403398436873885657 0.023739318637274336 170.222822785568922654
75.914010000000004652 0.081174809619238397 174.759003266531777854
71.765069999999994366 0.090919979959919808 173.866569138276673812
67.934209999999993101 0.097230000000000011 172.734028456911346439
59.068600000000003547 0.106340000000000004 175.223987294585242580
51.731889999999999930 0.110550000000000009 172.331703246497767168
43.745829999999997995 0.113659999999999997 167.713016933867322678
35.591490000000000293 0.115480000000000013 169.572838897797424806
30.354289999999998884 0.116590000000000013 170.695285751496612647
37.136249999999996874 0.115680000000000005 171.292413927854283884
46.021610000000002572 0.114710000000000006 172.758697635270152659
54.377429999999996824 0.113689999999999999 172.526327555110043477
62.473880000000001189 0.112430000000000002 171.205046152302401197
70.148690000000001987 0.110969999999999999 170.783852765531889872
73.337832885771604197 0.110290000000000013 172.612451082167751792
77.292879999999996699 0.108820000000000014 173.185730160321043059
81.309530140280443788 0.106570000000000012 171.354162004007804398
85.383690000000001419 0.103870000000000004 173.189097394789598638
89.336309999999997444 0.100118817635270474 171.976137434867922593
93.368560000000002219 0.094950000000000007 172.557963326651389480
97.394540000000006330 0.087313667334669498 172.865871042082659415
101.471819999999993911 0.068696553106213060 170.376726593185139791
105.481880000000003861 0.017969999999999996 172.018077615232385824
109.543999999999996930 0.010019999999999998 172.054684689378859730
113.423680000000004497 0.006479999999999996 171.347543446888948893
117.441590000000005034 0.004065791583166483 171.286570881762997942
121.505970000000004916 0.002249999999999998 169.787602865728899815
125.128749999999996589 0.001150000000000008 171.890939739480359094
121.560090000000002419 0.001330000000000008 170.252623206412067702
117.509770000000003165 0.002010000000000008 174.062126973947698616
113.520520000000004757 0.002340000000000005 170.326323607214476397
109.420169999999998822 0.003060000000000003 172.384409819636118755
105.417360000000002174 0.003740000000000003 171.069416392789236170
101.871931863727539280 0.004570000000000001 172.488868737475257831
98.660240000000001714 0.005579999999999998 174.317022525050447257
93.716596693386861716 0.007159999999999996 166.945203547092120289
88.774131462925993219 0.010710000000000008 173.567885090175337837
85.188490000000001601 0.013720000000000006 171.788532525047514810
81.332629999999994652 0.022110000000000001 170.906821543087119153
77.280670000000000641 0.078460000000000002 174.821346653327140075
73.273110000000002628 0.090090000000000003 170.189695290578413278
69.849140000000005557 0.096259999999999998 172.051048236481989306
61.455779999999997187 0.105970000000000009 175.420485511019506930
54.354430000000000689 0.110140000000000002 176.257086472946895128
46.321790000000000020 0.113720000000000002 174.273563987992105240
38.357819999999996696 0.115545711422845587 169.949530400796703589
30.368649999999998812 0.117129999999999998 175.432047034068943958
34.886360000000003367 0.116329138276553293 172.664474509027940030
43.015419999999998879 0.115409999999999999 172.467397715430593053
51.665047374749427433 0.114360000000000003 171.725741142285613705
59.742776713426863466 0.113299999999999998 172.562660060120208527
67.763800000000003365 0.111860000000000001 172.412098196391980309
71.952642304609014445 0.110800000000000010 170.712956272546080072
76.012569999999996639 0.109600000000000003 172.418402985971368935
79.982320000000001414 0.107410000000000005 170.611274328654218380
83.982540000000000191 0.105120000000000005 172.955604609212315381
88.020799999999994156 0.101560000000000011 173.161701703425876531
92.008210000000005380 0.096813386773547325 171.037618837680696515
96.108940000000004034 0.089960000000000012 171.781091002004927759
100.043390000000002260 0.079329999999999998 171.199886853705351086
104.089290000000005421 0.026880661322645476 171.059556052098542978
108.047389999999992938 0.012629999999999999 173.472979158315325776
112.059939999999997440 0.008330000000000001 173.196745070139257905
116.146490000000000009 0.005640000000000003 173.313185871731917587
120.140910000000005198 0.003499999999999999 171.346648597180262641
124.163049999999998363 0.002179999999999997 173.174198657308011207
122.904309999999995284 0.002030000000000000 171.713344228458424823
118.951800000000005753 0.002469999999999996 171.435703226456780612
114.853039999999992915 0.003060000000000003 172.190006953905992759
110.809860000000000468 0.003660000000000007 172.112525591180030915
106.785709999999994579 0.004369999999999995 172.194526893787724475
103.025884769539416652 0.005240000000000005 172.343737755529190281
99.802649999999999864 0.006200000000000008 175.123259098192562533
95.619439999999997326 0.007509999999999999 172.980945611223006608
90.061469999999999914 0.010629999999999997 172.845922905808095038
86.435040000000000759 0.013590000000000001 171.458573286570896244
82.614590000000006853 0.019649999999999997 173.390959819620292137
78.655529999999998836 0.073568697394787844 173.132044448896834865
74.720179999999999154 0.089200000000000002 171.710179478950664134
70.767340000000004352 0.095420000000000005 174.736490761521082504
65.396370000000004552 0.102520000000000000 173.018344589199415395
56.985370000000003188 0.109000000000000000 171.219214869746423346
48.830030000000000712 0.113200000000000009 177.727464388777946169
41.075286533066538652 0.115413567134268508 174.335316753505736642
33.097541943887740956 0.116650000000000004 172.392006252483696471
32.300559999999997274 0.116700000000000012 170.597759018034537348
39.933804949899673886 0.115810000000000010 170.421158797592624978
48.825440000000000396 0.114990000000000009 173.097773787596935335
57.024200000000000443 0.113840000000000011 171.999625611231834910
65.053803286573042897 0.112730000000000011 174.842877775545446184
70.484149999999999636 0.111579999999999999 175.118406613225062074
74.599850000000003547 0.110500000000000001 176.503744288577564703
78.629970000000000141 0.108499999999999999 173.516488096213322478
82.588350000000005480 0.105710000000000012 168.770063747497147233
86.646450000000001523 0.102820000000000009 172.763414028055620975
90.696690000000003806 0.098290000000000002 171.663250180359057140
94.736260000000001469 0.092700000000000005 172.963041282571310830
98.683639999999996917 0.083780000000000007 174.393036753509875325
102.706270000000003506 0.041895611222445318 171.272836272539080937
106.821879999999993061 0.015410000000000004 172.261833386776544330
110.724620000000001596 0.010402965931864610 174.703848276572756504
114.793499999999994543 0.007040000000000001 173.590637234477753736
118.823480641282529291 0.004710000000000002 171.581853226453119987
122.823290000000000077 0.003050000000000007 172.012639218478540215
124.181529999999995084 0.002460000000000000 170.625933466972526276
120.336730000000002860 0.002899999999999996 170.492637795595328498
116.209519999999997708 0.003420000000000002 171.450374268537387934
112.227059999999994488 0.004240000000000004 175.635429318650977848
108.162049999999993588 0.004789999999999999 171.827542404803295994
104.194370000000006371 0.005439999999999997 169.112563987923948616
100.994010000000002947 0.006460000000000004 173.981385871736875970
97.326560000000000628 0.007360000000000002 170.229570681332546656
91.610500000000001819 0.010260000000000002 169.643072244521420089
87.674499999999994770 0.013200000000000000 165.173056112218063163
83.919749999999993406 0.018020000000000005 168.005657114222600512
79.994100000000003092 0.053843887775550596 164.084781623265854478
76.092219999999997526 0.085519999999999999 169.298564529054260674
72.243999999999999773 0.093851122244488966 168.447773967935034989
68.243260000000006471 0.099900000000000003 166.338088376767103682
59.421520000000001005 0.107820000000000013 175.607865310602875297
52.018340020041819116 0.112299999999999997 178.884291543095230281
43.809996693391099143 0.114540000000000003 170.950155470912051214
35.854599999999997806 0.116310000000000011 169.165341923834176896
30.183241823648813806 0.117370000000000002 172.125323707415333274
37.414619999999999322 0.116300000000000001 170.988913767533659893
45.911090000000001510 0.115390000000000006 172.933023887785736861
54.252670000000001949 0.114090000000000011 169.389584188375067697
62.362769999999997594 0.113030000000000005 169.374046352708205632
70.140569999999996753 0.111930000000000002 175.765528116234889922
73.278080000000002769 0.110620000000000010 170.070078256517120963
77.273669999999995639 0.109200000000000005 171.614215070143302455
81.283540000000002124 0.106900000000000009 171.680015511021792918
85.248410000000006903 0.103980000000000003 171.478776553103301694
89.280500000000003524 0.100190000000000001 172.266518136277511530
93.322850000000002524 0.095030000000000003 173.489574048097153991
97.352580000000003224 0.087270000000000000 172.887552284573501993
101.342110000000005243 0.070064849699400147 172.731722785585105839
105.363480961923514201 0.020447374749499394 171.776209178344998918
109.365096713426595443 0.011960000000000009 173.045463066099870275
113.424819519037868076 0.008350000000000007 171.967619599202777181
117.452241563126122514 0.005840000000000008 172.283699719454347132
121.490290000000001669 0.003850000000000002 168.293379899781172071
125.085260000000005220 0.002969999999999997 171.447874248482293069
121.657849999999996271 0.003320000000000000 171.611712985987963975
117.616330000000004929 0.003890000000000001 172.955550200401120264
113.431179999999997676 0.004530000000000003 173.765923206414413471
109.446960000000004243 0.005369999999999996 177.067279799597912415
105.481579999999993902 0.005850000000000005 170.992567034064904874
102.012510000000006016 0.006700000000000008 171.787453647283683722
98.718720000000004688 0.007830000000000000 173.500942825650298573
93.730606853707627124 0.009890000000000006 173.400410140302398077
88.837950000000006412 0.013750000000000009 179.394829138284677583
85.217263486973820363 0.016850000000000000 174.108772224462711620
81.300700000000006185 0.029643827655310363 169.939982605205443633
77.411879999999996471 0.081140000000000004 175.038086112219218649
73.420680000000004384 0.092670000000000002 171.446654268546268440
69.915959999999998331 0.097790000000000002 172.817302444884575152
62.105449999999997601 0.106160000000000004 172.519013867765949044
54.499310000000001253 0.110540000000000013 170.143148577134581956
46.228879999999996642 0.114190000000000000 176.033798116199790229
38.552500000000001990 0.116260000000000002 173.678086833626821317
30.569800000000000750 0.117560000000000012 175.261391803589845040
34.845210000000001571 0.116930000000000006 171.128913066131872256
42.752060000000000173 0.115790000000000004 170.884263226456113216
51.496479999999998256 0.114950000000000011 173.394123406822643574
59.595840000000002590 0.113540000000000002 170.221997074148845286
67.653139939878954578 0.111890000000000003 167.012786292567312785
71.875100000000003320 0.111410000000000009 172.276257735468504961
75.934487394789343284 0.110150000000000012 174.591526753507622516
79.890123847695193149 0.108224969939879886 175.076967635272865209
83.929800000000000182 0.105180000000000010 172.959742705408245911
87.977459999999993556 0.101580000000000004 171.786443126252436286
91.907970000000005939 0.097110000000000002 173.163517655311011367
95.980320000000006075 0.090020000000000003 171.800362444894176406
100.038399999999995771 0.079260000000000011 171.435682184309399645
104.033829999999994698 0.028719038076153360 169.873591042068142087
108.103260000000005903 0.014480000000000003 172.058534148282433307
111.997950000000003001 0.010019999999999998 171.957375791588276570
116.046679999999994948 0.007360000000000002 175.013989959942335872
120.090699999999998226 0.005180000000000001 171.769029118195788897
124.202100000000001501 0.003789999999999998 172.419095050104004940
122.991519999999994184 0.003609999999999998 170.588721242490692021
118.958386833668299687 0.004130000000000005 170.651579018095333140
114.930324328657718524 0.004770000000000007 172.493570500929479294
110.847705030060666331 0.005560000000000006 174.800614088189860240
106.930895871743985026 0.006229999999999996 172.323164028023825267
103.035640000000000782 0.006953807615230258 170.391459779577417066
99.801280000000005543 0.007960000000000005 172.254144248496942282
95.769440000000003010 0.009570000000000006 171.574874368741546959
90.127200000000001978 0.012699999999999999 170.517906392802018445
86.466610000000002856 0.017039999999999996 175.172276833661669571
82.756889999999998508 0.022983366733466151 170.138144809585838857
78.820179999999993470 0.076840000000000006 169.489328977975702628
74.762110000000006949 0.090080000000000007 176.542845310610744036
70.865750000000005571 0.096780000000000005 168.536380721433829422
65.554460000000005948 0.103419999999999998 175.045319819633533598
56.792600000000000193 0.109650000000000011 166.234836372750720557
49.077770000000001005 0.113855731462925991 177.269991583172185301
41.264639999999999986 0.115800000000000000 170.640887174430758932
33.111249999999998295 0.117210000000000009 172.923094328690467592
32.143329999999998847 0.117280000000000009 172.595893587167950045
39.726164629257510796 0.116290000000000004 171.057270160319859542
48.720355050099144023 0.115010000000000001 168.616161062130771597
56.927360000000000184 0.114047414829659799 168.925976112228966031
64.983750000000000568 0.112670000000000006 168.795026292589056993
70.362873266531821059 0.111829999999999999 173.384727074140670311
74.600489999999993529 0.110610000000000000 173.862682404782333379
78.592110000000005243 0.108760000000000009 173.382589278556451973
82.583870000000004552 0.106080000000000008 170.905909018008657085
86.644829999999998904 0.102931963927855863 171.756992084157246836
90.510880000000000223 0.098844388777555206 174.393552164328809795
94.659409999999994056 0.092240000000000003 170.964349659318116892
98.651179999999996539 0.083640000000000006 171.849062204408312482
102.595590000000001396 0.043988316633266196 169.516405971941736652
106.708219999999997185 0.017160000000000005 171.025394028092449616
110.707599999999999341 0.011530000000000009 173.737189178353816033
114.656949999999994816 0.008360000000000003 170.145155891783161906
118.595860000000001833 0.006229999999999996 172.094252464938648473
122.726259999999996353 0.004600000000000003 172.253795671326599859
124.294706472946018039 0.003980000000000008 171.954581903818478850
120.390529999999998267 0.004399999999999998 171.719772805631578194
116.301802164329345146 0.004829999999999997 169.306892625209314929
112.244630000000000791 0.005600000000000004 171.968163907786987465
108.209149999999993952 0.006470000000000000 174.259573186364008279
104.160949999999999704 0.007330000000000000 172.050215631296396168
100.716214709419105588 0.008290000000000002 172.809527575188326409
97.323139999999995098 0.009379999999999996 172.414844849698482676
92.217219999999997526 0.011669999999999996 169.517129358712338671
87.455650000000005662 0.015510000000000006 171.476428937875738256
83.865600000000000591 0.020640000000000002 173.842011242486705669
80.019260000000002719 0.061379999999999997 176.581276492981800175
76.032740000000003988 0.087590000000000001 173.422844989965739160
72.039370000000005234 0.095230000000000009 173.517192685356576476
68.514840000000006626 0.100540000000000004 171.372693286559837134
59.044730000000001269 0.108790000000000012 166.899260541107736344
52.073850000000000193 0.112400000000000014 170.123501422838074859
43.914730521042741884 0.115530000000000008 170.026669498983636686
36.111282064133511938 0.116920000000000010 170.891146292545982988
30.193101242485287372 0.117800000000000002 174.134006753467076578
36.928546513024642195 0.116680000000000006 170.014794168310260147
45.873930000000001428 0.115790000000000004 171.528075430852737782
54.138449999999998852 0.114730000000000013 171.293232024041827799
62.249690000000001078 0.113659999999999997 173.088608296593974956
70.087370000000007053 0.111860000000000001 169.621553266532288262
73.203450000000003683 0.111240000000000006 172.766098456923259619
77.200270000000003279 0.109500000000000000 170.864530180367353296
81.212230000000005248 0.106960000000000013 169.290239599183081509
85.236369999999993752 0.104220000000000007 170.877873967935585142
89.208799258517345265 0.100380000000000011 171.343016272555985324
93.239662705409372734 0.094940000000000010 171.753219318640333313
97.295341663325416448 0.087330000000000005 171.760395731464399205
101.358519999999998618 0.070545230460926131 171.494280200414578985
105.309690000000003351 0.022369999999999998 171.833945791546540249
109.302740000000000009 0.013639999999999996 169.418167855696538027
113.383349999999992974 0.010089999999999998 174.047828657333809588
117.364570000000000505 0.007490000000000007 173.959838236406540091
121.307460000000006062 0.005729999999999996 173.958331643341495010
125.173919999999995412 0.004410000000000008 170.971798617208747828
121.722099999999997522 0.004780000000000003 170.977223366728935616
117.674419999999997799 0.005450000000000007 173.635713166325359680
113.605209999999999582 0.006014368737475056 172.171823246500565574
109.612750000000005457 0.006640000000000004 170.448954549112897894
105.555830000000000268 0.007530000000000005 171.763074208376792740
101.875174909819349978 0.008832905811622879 177.518685991993947937
98.574006452905678088 0.009570000000000006 171.805046953915677932
94.403624428857540352 0.011480000000000001 173.569451062132486641
88.768546953910799857 0.015240000000000000 173.050853005988784616
85.130407815633049040 0.019637394789577971 172.508046212392571306
81.403710000000003788 0.040394969939878789 177.228811783535718405
77.361530000000001905 0.083880000000000010 169.207245050077744963
73.457650000000001000 0.093429999999999999 170.186179218517054323
69.914140000000003283 0.099000000000000005 174.398738016042358367
62.875289999999999679 0.106440000000000007 172.764067475034153176
54.282780000000002474 0.111510000000000012 168.638867494964756588
46.516350000000002751 0.114740000000000009 172.146487294603957707
38.543430000000000746 0.116680000000000006 176.371761623201251723
30.617529999999998580 0.118040000000000006 172.643922464935116068
34.501789999999999736 0.117250000000000007 172.595094789602427454
42.796382284568913690 0.116339278557114359 172.317411002010345555
51.388280000000001735 0.115310000000000010 172.181576913820748587
59.474840000000000373 0.114210000000000006 172.241302545087052067
67.520524048094813452 0.112740000000000007 172.189012184312787213
71.854569999999995389 0.111780000000000004 172.201914468903709121
75.907640000000000668 0.110540000000000013 174.404395791584107656
79.885739999999998417 0.108220000000000011 171.628107995979291900
83.900599999999997181 0.105506252505010889 172.294979879809773138
87.857240000000004443 0.101960000000000009 172.737600440925461953
91.943669999999997344 0.097141102204409774 172.779397394806750299
95.929439999999999600 0.090253527054108940 171.354839218401195922
100.023189999999999600 0.079441903807616218 169.944169178360738215
103.914670000000000982 0.030136753507014554 169.721815531061480442
108.008349999999992974 0.016120000000000006 172.489307474948702747
112.034930000000002792 0.011510000000000003 173.005693126261263615
115.989310000000003242 0.008670000000000008 172.763479198364336753
120.015817655309874112 0.006619999999999997 172.415005070132508536
124.076484969939585312 0.005210000000000003 171.838286072129108106
123.142029138277095512 0.005090000000000008 171.943802725454986557
119.113029999999994857 0.005610000000000000 171.636118136281879742
114.942120000000002733 0.006189999999999998 171.395662585303512060
110.947200701403630774 0.006880000000000008 172.821949318623325098
106.924289999999999168 0.007960000000000005 174.605628116236772485
102.935220000000001050 0.008680000000000004 171.280465751570574184
99.706140000000004875 0.009570000000000006 171.402793026088545503
96.068929999999994607 0.011120000000000001 172.231988517036540998
90.515749999999997044 0.014489999999999999 171.546465871727917829
86.364919999999997913 0.018609999999999998 171.820776873760848957
82.641540000000006216 0.025822825651302086 175.427602164323076295
78.740549999999998931 0.079440000000000011 170.607960280578481616
74.806640000000001578 0.091437975951903339 169.827275811663554350
70.840289999999995985 0.098080000000000001 172.339315090200926761
65.977821062124377249 0.103953126252504996 170.500138096191648174
57.026050901802229021 0.110540000000000013 166.620195931870256345
49.124749999999998806 0.113970000000000002 174.031757274561698523
41.295029999999997017 0.116240000000000010 172.611893887761340238
33.154409999999998604 0.117570000000000008 168.911918055971568720
32.179180000000002337 0.117989999999999998 177.247632805625215724
39.430340000000001055 0.116800000000000001 170.996112645240430084
48.574509999999996523 0.115950000000000011 174.149574749511600658
56.787959999999998217 0.114680000000000004 171.419168737400525515
64.837190000000006762 0.113270000000000010 170.142720520973028897
70.295559999999994716 0.112470000000000001 174.881526733458173339
74.519419999999996662 0.111020000000000008 172.324874028069245924
78.547201963927676616 0.109130000000000005 171.745203026051115103
82.462749999999999773 0.106880000000000003 174.676301422844915123
86.539000000000001478 0.103410000000000002 172.076783627246697961
90.584460000000007085 0.098900000000000002 172.033147535069758760
94.513890000000003511 0.093120000000000008 173.119937134268838008
98.608090000000004238 0.084188096192384973 172.240445030059788678
102.595050000000000523 0.045231042084168817 172.349154488972828858
106.599860000000006721 0.019060000000000004 172.459090080159938907
110.612530000000006680 0.013290000000000007 170.510836553078746647
114.637879999999995562 0.010075591182366738 172.853662705423175794
118.688010000000005562 0.007509999999999999 170.491214448929724767
122.652780000000007021 0.006122645290582093 173.882353927886668998
124.376890000000003056 0.005439999999999997 172.434235290525862183
120.467089999999998895 0.006082505010018873 176.381784629342831749
116.392560000000003129 0.006479999999999996 173.374185932014171385
112.327600000000003888 0.007150000000000000 173.361885130289834933
108.246099999999998431 0.007780000000000006 169.797756312660283129
104.233410000000006335 0.008839999999999997 172.090059218441211897
100.789352404809662289 0.009879999999999996 172.505953186343049310
97.485299999999995180 0.010910000000000000 170.921608717443433534
92.468760000000003174 0.013610000000000008 172.344904168333954431
87.508189999999999031 0.017730000000000006 171.139990380767017086
83.983729999999994220 0.023119999999999998 173.847447675333881989
80.126199999999997203 0.067070000000000005 175.728941062127688610
76.010769999999993729 0.089099999999999999 172.601547474946698912
72.186437134265631244 0.096250000000000002 169.949443206515184102
68.569159999999996558 0.101330981963926550 172.440368416776351523
59.377630000000003463 0.109800000000000009 170.668509699476203423
52.262340000000001794 0.113090000000000010 166.757505751541600603
44.044389999999999930 0.115790000000000004 171.445425110290415205
36.082810000000002049 0.117570000000000008 170.287716292575765920
30.321809999999999263 0.118140000000000009 169.031307214421815388
37.039677595188649661 0.117283567134269129 169.159958757520087147
45.691639999999999588 0.116300000000000001 171.960341242463556455
54.064239999999998076 0.115078416833668179 169.636865130243279509
62.117170000000001551 0.114170000000000008 173.300493847713170226
70.032700000000005502 0.112260000000000013 169.443604288610487174
73.162109999999998422 0.111390000000000003 169.289005210440791416
77.167689999999993233 0.110050000000000009 172.653988917832435845
81.160309999999995512 0.107609999999999997 171.150098517034621182
85.172259999999994307 0.104730000000000004 172.885342444877949220
89.152410000000003265 0.100670000000000009 172.325652144277000843
93.189346793586139484 0.095330000000000012 172.209870641280929249
97.202899999999999636 0.087770240480962408 172.055810300608953867
101.285929999999993356 0.071697995991985786 171.813781523025227216
105.199133667334095321 0.023725090180361449 172.966841723441206113
109.278559999999998809 0.015120000000000005 171.111478757519051896
113.190100000000001046 0.011500000000000007 173.616792164340722593
117.342640000000002942 0.008799999999999999 173.029481002001460865
121.275270000000006121 0.006960000000000004 171.339810120233295265
125.121030000000004634 0.005820000000000002 172.318153927851966500
121.795839999999998327 0.006070360721442829 170.629940160321638132
117.714460000000002537 0.006937935871743361 175.922146072147910445
113.692179999999993356 0.007350000000000006 172.789073727449761009
109.618620000000007053 0.008220000000000002 173.884936994005045108
105.570719999999994343 0.008879999999999996 170.301507855816510073
102.063950000000005502 0.009860000000000004 170.389431943913791656
98.791780000000002815 0.011019999999999999 172.428944168535679182
94.074100000000001387 0.013430000000000008 174.701733186413861176
88.907575230461930005 0.016910000000000005 171.967136352682928191
85.228641162326979952 0.021268537074147411 169.328055571099923782
81.428169999999994388 0.044324448897792933 179.522708256526669857
77.443049999999999500 0.085670000000000010 172.307134889758145846
73.493030000000004520 0.094539999999999999 175.183681843707290682
69.864500000000006708 0.100040000000000004 173.679455631273839344
63.115229999999996835 0.107006412825651043 171.027463146279870898
54.548859999999997683 0.112020000000000008 174.833655831656528790
46.673600000000000421 0.114940000000000001 165.975268577134329462
38.803950000000000387 0.117129999999999998 172.926109358714825248
30.958800000000000097 0.118226713426853439 169.291571502998323240
34.557630000000003179 0.117670000000000011 172.859080561120975972
42.432540000000003033 0.116780000000000009 172.118977855715172609
51.279570561119449223 0.115700000000000011 172.077547675328617061
59.336109999999997910 0.114600000000000007 172.689838136243878353
67.442610140278489439 0.113040000000000002 171.143460180362325218
71.801929999999998699 0.112310000000000007 174.235032665345727310
75.788820000000001187 0.110450000000000007 169.467407735498056809
79.855220000000002756 0.108600000000000002 172.344298677388053420
83.858630000000005111 0.105750000000000011 171.251059018082059993
87.823620000000005348 0.102237535070141175 172.030329318670652583
91.857600000000005025 0.097470000000000001 171.957442224430451461
95.893619999999998527 0.090652384769539504 172.496407775534862594
99.879670000000004393 0.080240000000000006 172.765395871741787914
103.882959999999997081 0.030857234468937841 170.437481863726389975
107.943150000000002819 0.017329659318637013 171.037725891787346200
111.901560000000003470 0.012760000000000004 169.674905871736456220
115.916390000000006921 0.009949999999999997 172.824179579155412512
119.958119999999993865 0.007860000000000002 172.655608076190446809
123.955699999999993111 0.006420000000000006 171.833695771569864519
123.153260000000003060 0.006280000000000004 171.192267474942724448
119.078699999999997772 0.006939999999999998 174.348295951909989299
115.062119999999993070 0.007453366733465912 171.572353446895107254
110.965519999999997935 0.008199999999999995 171.463015410805155625
106.964052004009857910 0.008920000000000008 170.628662785569275684
103.189891583167337785 0.010110000000000004 173.881675551110674860
100.085599999999999454 0.010930000000000006 171.320789759473711911
95.905270000000001573 0.012760000000000004 172.948069318720911269
90.301910000000006562 0.016179999999999996 172.836979799561220261
86.504140000000006694 0.019976392785570282 170.406195350681315404
82.789630000000002497 0.028853967935871108 173.991661723451329635
78.937269999999998049 0.080714629258515802 170.655277234436141498
75.188869999999994320 0.091569999999999999 173.532171022045588415
71.326260000000004879 0.097850000000000006 169.701989258519006398
66.361999999999994770 0.104090000000000002 168.920487915828005043
56.611530000000001905 0.111060000000000006 167.937548096150948140
49.331809999999997274 0.114470000000000002 174.567911362759446092
41.581989999999997565 0.116640000000000008 170.697378336626968576
33.661279999999997870 0.118060000000000012 169.551175511048654698
31.889569999999999084 0.118170000000000011 172.231874488983009996
39.229785310619263328 0.117260000000000003 172.667761843611202721
48.360214949896992209 0.115960000000000008 169.635902725423676429
56.678330000000002542 0.115070000000000006 172.715900721461622425
64.687920000000005416 0.113730000000000012 172.225745511029600721
70.167119999999997049 0.112610000000000002 172.322654929860618722
74.388141122244064718 0.111480000000000010 173.770135430860420911
78.426649999999995089 0.109620000000000009 173.823288517041135037
82.491829999999993106 0.106830000000000008 171.805870761531366497
86.443690000000003693 0.103340000000000001 171.181897174373915504
90.480279999999993379 0.099182104208417471 171.854799298591331080
94.457999999999998408 0.093254529058118096 171.945216372737974098
98.591999999999998749 0.084390000000000007 171.666414248535971865
102.552689999999998349 0.046348136272549266 170.653766232425027738
106.527739999999994325 0.020250000000000001 172.147768857747394122
110.603669999999993934 0.014520000000000002 172.898185130265744647
114.634180000000000632 0.010970000000000004 170.781951162292330082
118.596770000000006462 0.008750000000000004 171.790918456899504463
122.632159999999998945 0.007119999999999998 172.318228557116299271
124.358919999999997685 0.006380000000000007 169.853533607227774382
120.505369999999999209 0.006890000000000004 170.735113026060304264
116.387567094189265049 0.007519999999999995 170.537670581195300201
112.431650000000004752 0.008189999999999999 171.759754228413640931
108.390670000000000073 0.009129999999999996 172.762499098202994219
104.366698416833983742 0.009970000000000003 171.654834488990360342
101.162300000000001887 0.010839999999999999 171.289074869739323503
97.606449999999995271 0.012349999999999996 172.869769939879432741
92.026970000000005712 0.015480000000000004 171.648634689381964336
87.707858036075549535 0.019070000000000000 172.516301122235944376
84.142089999999996053 0.024540000000000003 171.813164990099210172
80.181030000000006908 0.072250000000000009 176.334800280699198538
76.502840000000006171 0.089190000000000005 173.632362665291822168
72.467888697398393560 0.096320000000000003 171.498950661255832983
68.715580000000002769 0.101520000000000013 173.980576953934956919
59.308230000000001780 0.109639699398796683 169.605462404862976200
52.244070000000000675 0.113180000000000003 168.942335370766699043
44.182510000000000616 0.116050000000000000 171.061274348676533918
36.147730000000002804 0.117870000000000003 175.469666072134970136
29.993539999999999424 0.118450000000000014 170.675540000000012242
