                                                
 Alfa =   0.00000 Re =        0.000 Xflap,Yflap =     0.000000    0.000000
#    x        y        Cp  
   0.61750  0.00078  0.41563
   0.61362  0.00132  0.25419
   0.60686  0.00225  0.19627
   0.59897  0.00333  0.15121
   0.59012  0.00452  0.11778
   0.58061  0.00577  0.09023
   0.57071  0.00705  0.06702
   0.56059  0.00833  0.04645
   0.55036  0.00961  0.02856
   0.54008  0.01086  0.01258
   0.52977  0.01210 -0.00243
   0.51944  0.01331 -0.01636
   0.50911  0.01450 -0.02873
   0.49876  0.01567 -0.04084
   0.48841  0.01681 -0.05209
   0.47806  0.01794 -0.06361
   0.46771  0.01904 -0.07353
   0.45735  0.02011 -0.08441
   0.44700  0.02117 -0.09391
   0.43665  0.02220 -0.10452
   0.42629  0.02320 -0.11353
   0.41594  0.02418 -0.12328
   0.40559  0.02514 -0.13274
   0.39525  0.02606 -0.14206
   0.38491  0.02697 -0.15179
   0.37457  0.02784 -0.16049
   0.36424  0.02869 -0.17049
   0.35392  0.02950 -0.17971
   0.34361  0.03029 -0.18861
   0.33330  0.03104 -0.19872
   0.32301  0.03176 -0.20764
   0.31272  0.03244 -0.21729
   0.30245  0.03308 -0.22661
   0.29220  0.03368 -0.23628
   0.28195  0.03425 -0.24587
   0.27173  0.03477 -0.25554
   0.26152  0.03524 -0.26458
   0.25133  0.03567 -0.27863
   0.25000  0.03572 -0.27037
   0.24116  0.03604 -0.28553
   0.23102  0.03636 -0.29396
   0.22090  0.03663 -0.30370
   0.21081  0.03683 -0.31338
   0.20076  0.03698 -0.32287
   0.19073  0.03705 -0.33204
   0.18075  0.03705 -0.34160
   0.17081  0.03698 -0.35045
   0.16092  0.03683 -0.35935
   0.15108  0.03660 -0.36747
   0.14131  0.03628 -0.37615
   0.13161  0.03586 -0.38317
   0.12199  0.03534 -0.39099
   0.11247  0.03472 -0.39751
   0.10308  0.03398 -0.40268
   0.09383  0.03313 -0.40752
   0.08478  0.03215 -0.41097
   0.07597  0.03106 -0.41351
   0.06749  0.02984 -0.41243
   0.05942  0.02851 -0.41089
   0.05187  0.02710 -0.40627
   0.04494  0.02563 -0.39743
   0.03872  0.02413 -0.38580
   0.03322  0.02264 -0.37118
   0.02843  0.02119 -0.35024
   0.02426  0.01978 -0.32694
   0.02066  0.01842 -0.29965
   0.01753  0.01711 -0.26317
   0.01481  0.01584 -0.22410
   0.01243  0.01462 -0.17647
   0.01034  0.01342 -0.12059
   0.00850  0.01224 -0.05461
   0.00688  0.01107  0.02160
   0.00545  0.00992  0.11098
   0.00421  0.00876  0.21458
   0.00314  0.00760  0.33458
   0.00222  0.00643  0.46425
   0.00147  0.00525  0.60327
   0.00087  0.00407  0.73968
   0.00043  0.00289  0.85955
   0.00015  0.00171  0.94822
   0.00002  0.00056  0.99417
   0.00002 -0.00056  0.99418
   0.00015 -0.00171  0.94829
   0.00043 -0.00289  0.86040
   0.00087 -0.00407  0.73878
   0.00147 -0.00525  0.60258
   0.00222 -0.00643  0.46459
   0.00314 -0.00760  0.33520
   0.00421 -0.00876  0.21374
   0.00545 -0.00992  0.11359
   0.00688 -0.01107  0.02070
   0.00850 -0.01224 -0.05492
   0.01034 -0.01342 -0.12033
   0.01243 -0.01462 -0.17674
   0.01481 -0.01584 -0.22396
   0.01753 -0.01711 -0.26265
   0.02066 -0.01842 -0.29980
   0.02427 -0.01978 -0.32612
   0.02843 -0.02119 -0.35164
   0.03322 -0.02264 -0.37018
   0.03872 -0.02413 -0.38570
   0.04494 -0.02563 -0.39759
   0.05187 -0.02710 -0.40614
   0.05942 -0.02851 -0.41065
   0.06749 -0.02984 -0.41261
   0.07597 -0.03106 -0.41322
   0.08478 -0.03215 -0.41100
   0.09383 -0.03313 -0.40726
   0.10308 -0.03398 -0.40301
   0.11247 -0.03472 -0.39730
   0.12199 -0.03534 -0.39084
   0.13161 -0.03586 -0.38334
   0.14131 -0.03628 -0.37594
   0.15108 -0.03660 -0.36764
   0.16092 -0.03683 -0.35934
   0.17081 -0.03698 -0.35020
   0.18075 -0.03705 -0.34184
   0.19073 -0.03705 -0.33148
   0.20076 -0.03698 -0.32310
   0.21081 -0.03683 -0.31329
   0.22090 -0.03663 -0.30372
   0.23102 -0.03636 -0.29389
   0.24116 -0.03604 -0.28556
   0.25000 -0.03572 -0.27187
   0.25133 -0.03567 -0.27649
   0.26152 -0.03524 -0.26513
   0.27173 -0.03477 -0.25541
   0.28195 -0.03425 -0.24589
   0.29220 -0.03368 -0.23608
   0.30245 -0.03308 -0.22673
   0.31272 -0.03244 -0.21699
   0.32301 -0.03176 -0.20813
   0.33330 -0.03104 -0.19803
   0.34361 -0.03029 -0.18918
   0.35392 -0.02950 -0.17942
   0.36424 -0.02869 -0.17029
   0.37457 -0.02784 -0.16093
   0.38491 -0.02697 -0.15126
   0.39525 -0.02606 -0.14192
   0.40559 -0.02514 -0.13301
   0.41594 -0.02418 -0.12323
   0.42629 -0.02320 -0.11363
   0.43665 -0.02220 -0.10410
   0.44700 -0.02117 -0.09416
   0.45735 -0.02011 -0.08396
   0.46771 -0.01904 -0.07398
   0.47806 -0.01794 -0.06320
   0.48841 -0.01681 -0.05212
   0.49876 -0.01567 -0.04106
   0.50911 -0.01450 -0.02869
   0.51944 -0.01331 -0.01587
   0.52977 -0.01210 -0.00233
   0.54008 -0.01086  0.01220
   0.55036 -0.00961  0.02864
   0.56059 -0.00833  0.04675
   0.57071 -0.00705  0.06648
   0.58061 -0.00577  0.09063
   0.59012 -0.00452  0.11803
   0.59897 -0.00333  0.15134
   0.60686 -0.00225  0.19600
   0.61362 -0.00132  0.25467
   0.61750 -0.00078  0.41563
