	 Inner loop 2	221.005025126	0.0534667495467	-3.95964185919e-16	-1.96349540849	2.25739897371	-0.294	9.64347834398e-05	0.0
	 Inner loop 2	221.005025126	0.0534667495467	-3.95964185919e-16	-1.96349540849	2.25739897371	-0.294	9.64347834398e-05	0.0
Outer loop 	1	0.0534667495467	0.0
	 Inner loop 2	222.010050251	0.0534667495467	-3.95964185919e-16	-1.96349540849	2.25739897371	-0.294	9.64347834398e-05	0.0
	 Inner loop 2	222.010050251	0.0534667495467	-3.95964185919e-16	-1.96349540849	2.25739897371	-0.294	9.64347834398e-05	0.0
Outer loop 	2	0.0534667495467	0.0
	 Inner loop 2	223.015075377	0.0534667495467	-3.95964185919e-16	-1.96349540849	2.25739897371	-0.294	9.64347834398e-05	0.0
	 Inner loop 2	223.015075377	0.0534667495467	-3.95964185919e-16	-1.96349540849	2.25739897371	-0.294	9.64347834398e-05	0.0
Outer loop 	3	0.0534667495467	0.0
	 Inner loop 2	224.020100503	0.0534667495467	-3.95964185919e-16	-1.96349540849	2.25739897371	-0.294	9.64347834398e-05	0.0
	 Inner loop 2	224.020100503	0.0534667495467	-3.95964185919e-16	-1.96349540849	2.25739897371	-0.294	9.64347834398e-05	0.0
Outer loop 	4	0.0534667495467	0.0
	 Inner loop 2	225.025125628	0.0534667495467	-3.95964185919e-16	-1.96349540849	2.25739897371	-0.294	9.64347834398e-05	0.0
	 Inner loop 2	225.025125628	0.0534667495467	-3.95964185919e-16	-1.96349540849	2.25739897371	-0.294	9.64347834398e-05	0.0
Outer loop 	5	0.0534667495467	0.0
	 Inner loop 2	226.030150754	0.0534667495467	-3.95964185919e-16	-1.96349540849	2.25739897371	-0.294	9.64347834398e-05	0.0
	 Inner loop 2	226.030150754	0.0534667495467	-3.95964185919e-16	-1.96349540849	2.25739897371	-0.294	9.64347834398e-05	0.0
Outer loop 	6	0.0534667495467	0.0
	 Inner loop 2	227.035175879	0.0534667495467	-3.95964185919e-16	-1.96349540849	2.25739897371	-0.294	9.64347834398e-05	0.0
	 Inner loop 2	227.035175879	0.0534667495467	-3.95964185919e-16	-1.96349540849	2.25739897371	-0.294	9.64347834398e-05	0.0
Outer loop 	7	0.0534667495467	0.0
	 Inner loop 2	228.040201005	0.0534667495467	-3.95964185919e-16	-1.96349540849	2.25739897371	-0.294	9.64347834398e-05	0.0
	 Inner loop 2	228.040201005	0.0534667495467	-3.95964185919e-16	-1.96349540849	2.25739897371	-0.294	9.64347834398e-05	0.0
Outer loop 	8	0.0534667495467	0.0
	 Inner loop 2	229.045226131	0.0534667495467	-3.95964185919e-16	-1.96349540849	2.25739897371	-0.294	9.64347834398e-05	0.0
	 Inner loop 2	229.045226131	0.0534667495467	-3.95964185919e-16	-1.96349540849	2.25739897371	-0.294	9.64347834398e-05	0.0
Outer loop 	9	0.0534667495467	0.0
	 Inner loop 2	230.050251256	0.0534667495467	-3.95964185919e-16	-1.96349540849	2.25739897371	-0.294	9.64347834398e-05	0.0
	 Inner loop 2	230.050251256	0.0534667495467	-3.95964185919e-16	-1.96349540849	2.25739897371	-0.294	9.64347834398e-05	0.0
Outer loop 	10	0.0534667495467	0.0
	 Inner loop 2	231.055276382	0.0534667495467	-3.95964185919e-16	-1.96349540849	2.25739897371	-0.294	9.64347834398e-05	0.0
	 Inner loop 2	231.055276382	0.0534667495467	-3.95964185919e-16	-1.96349540849	2.25739897371	-0.294	9.64347834398e-05	0.0
Outer loop 	11	0.0534667495467	0.0
	 Inner loop 2	232.060301508	0.0534667495467	-3.95964185919e-16	-1.96349540849	2.25739897371	-0.294	9.64347834398e-05	0.0
	 Inner loop 2	232.060301508	0.0534667495467	-3.95964185919e-16	-1.96349540849	2.25739897371	-0.294	9.64347834398e-05	0.0
Outer loop 	12	0.0534667495467	0.0
	 Inner loop 2	233.065326633	0.0534667495467	-3.95964185919e-16	-1.96349540849	2.25739897371	-0.294	9.64347834398e-05	0.0
	 Inner loop 2	233.065326633	0.0534667495467	-3.95964185919e-16	-1.96349540849	2.25739897371	-0.294	9.64347834398e-05	0.0
Outer loop 	13	0.0534667495467	0.0
	 Inner loop 2	234.070351759	0.0534667495467	-3.95964185919e-16	-1.96349540849	2.25739897371	-0.294	9.64347834398e-05	0.0
	 Inner loop 2	234.070351759	0.0534667495467	-3.95964185919e-16	-1.96349540849	2.25739897371	-0.294	9.64347834398e-05	0.0
Outer loop 	14	0.0534667495467	0.0
	 Inner loop 2	235.075376884	0.0534667495467	-3.95964185919e-16	-1.96349540849	2.25739897371	-0.294	9.64347834398e-05	0.0
	 Inner loop 2	235.075376884	0.0534667495467	-3.95964185919e-16	-1.96349540849	2.25739897371	-0.294	9.64347834398e-05	0.0
Outer loop 	15	0.0534667495467	0.0
	 Inner loop 2	236.08040201	0.0534667495467	-3.95964185919e-16	-1.96349540849	2.25739897371	-0.294	9.64347834398e-05	0.0
	 Inner loop 2	236.08040201	0.0534667495467	-3.95964185919e-16	-1.96349540849	2.25739897371	-0.294	9.64347834398e-05	0.0
Outer loop 	16	0.0534667495467	0.0
	 Inner loop 2	237.085427136	0.0534667495467	-3.95964185919e-16	-1.96349540849	2.25739897371	-0.294	9.64347834398e-05	0.0
	 Inner loop 2	237.085427136	0.0534667495467	-3.95964185919e-16	-1.96349540849	2.25739897371	-0.294	9.64347834398e-05	0.0
Outer loop 	17	0.0534667495467	0.0
	 Inner loop 2	238.090452261	0.0534667495467	-3.95964185919e-16	-1.96349540849	2.25739897371	-0.294	9.64347834398e-05	0.0
	 Inner loop 2	238.090452261	0.0534667495467	-3.95964185919e-16	-1.96349540849	2.25739897371	-0.294	9.64347834398e-05	0.0
Outer loop 	18	0.0534667495467	0.0
	 Inner loop 2	239.095477387	0.0534667495467	-3.95964185919e-16	-1.96349540849	2.25739897371	-0.294	9.64347834398e-05	0.0
	 Inner loop 2	239.095477387	0.0534667495467	-3.95964185919e-16	-1.96349540849	2.25739897371	-0.294	9.64347834398e-05	0.0
Outer loop 	19	0.0534667495467	0.0
	 Inner loop 2	240.100502513	0.0534667495467	-3.95964185919e-16	-1.96349540849	2.25739897371	-0.294	9.64347834398e-05	0.0
	 Inner loop 2	240.100502513	0.0534667495467	-3.95964185919e-16	-1.96349540849	2.25739897371	-0.294	9.64347834398e-05	0.0
Outer loop 	20	0.0534667495467	0.0
	 Inner loop 2	241.105527638	0.0534667495467	-3.95964185919e-16	-1.96349540849	2.25739897371	-0.294	9.64347834398e-05	0.0
	 Inner loop 2	241.105527638	0.0534667495467	-3.95964185919e-16	-1.96349540849	2.25739897371	-0.294	9.64347834398e-05	0.0
Outer loop 	21	0.0534667495467	0.0
	 Inner loop 2	242.110552764	0.0534667495467	-3.95964185919e-16	-1.96349540849	2.25739897371	-0.294	9.64347834398e-05	0.0
	 Inner loop 2	242.110552764	0.0534667495467	-3.95964185919e-16	-1.96349540849	2.25739897371	-0.294	9.64347834398e-05	0.0
Outer loop 	22	0.0534667495467	0.0
	 Inner loop 2	243.115577889	0.0534667495467	-3.95964185919e-16	-1.96349540849	2.25739897371	-0.294	9.64347834398e-05	0.0
	 Inner loop 2	243.115577889	0.0534667495467	-3.95964185919e-16	-1.96349540849	2.25739897371	-0.294	9.64347834398e-05	0.0
Outer loop 	23	0.0534667495467	0.0
	 Inner loop 2	244.120603015	0.0534667495467	-3.95964185919e-16	-1.96349540849	2.25739897371	-0.294	9.64347834398e-05	0.0
	 Inner loop 2	244.120603015	0.0534667495467	-3.95964185919e-16	-1.96349540849	2.25739897371	-0.294	9.64347834398e-05	0.0
Outer loop 	24	0.0534667495467	0.0
	 Inner loop 2	245.125628141	0.0534667495467	-3.95964185919e-16	-1.96349540849	2.25739897371	-0.294	9.64347834398e-05	0.0
	 Inner loop 2	245.125628141	0.0534667495467	-3.95964185919e-16	-1.96349540849	2.25739897371	-0.294	9.64347834398e-05	0.0
Outer loop 	25	0.0534667495467	0.0
	 Inner loop 2	246.130653266	0.0534667495467	-3.95964185919e-16	-1.96349540849	2.25739897371	-0.294	9.64347834398e-05	0.0
	 Inner loop 2	246.130653266	0.0534667495467	-3.95964185919e-16	-1.96349540849	2.25739897371	-0.294	9.64347834398e-05	0.0
Outer loop 	26	0.0534667495467	0.0
	 Inner loop 2	247.135678392	0.0534667495467	-3.95964185919e-16	-1.96349540849	2.25739897371	-0.294	9.64347834398e-05	0.0
	 Inner loop 2	247.135678392	0.0534667495467	-3.95964185919e-16	-1.96349540849	2.25739897371	-0.294	9.64347834398e-05	0.0
Outer loop 	27	0.0534667495467	0.0
	 Inner loop 2	248.140703518	0.0534667495467	-3.95964185919e-16	-1.96349540849	2.25739897371	-0.294	9.64347834398e-05	0.0
	 Inner loop 2	248.140703518	0.0534667495467	-3.95964185919e-16	-1.96349540849	2.25739897371	-0.294	9.64347834398e-05	0.0
Outer loop 	28	0.0534667495467	0.0
	 Inner loop 2	249.145728643	0.0534667495467	-3.95964185919e-16	-1.96349540849	2.25739897371	-0.294	9.64347834398e-05	0.0
	 Inner loop 2	249.145728643	0.0534667495467	-3.95964185919e-16	-1.96349540849	2.25739897371	-0.294	9.64347834398e-05	0.0
Outer loop 	29	0.0534667495467	0.0
	 Inner loop 2	250.150753769	0.0534667495467	-3.95964185919e-16	-1.96349540849	2.25739897371	-0.294	9.64347834398e-05	0.0
	 Inner loop 2	250.150753769	0.0534667495467	-3.95964185919e-16	-1.96349540849	2.25739897371	-0.294	9.64347834398e-05	0.0
Outer loop 	30	0.0534667495467	0.0
	 Inner loop 2	251.155778894	0.0534667495467	-3.95964185919e-16	-1.96349540849	2.25739897371	-0.294	9.64347834398e-05	0.0
	 Inner loop 2	251.155778894	0.0534667495467	-3.95964185919e-16	-1.96349540849	2.25739897371	-0.294	9.64347834398e-05	0.0
Outer loop 	31	0.0534667495467	0.0
	 Inner loop 2	252.16080402	0.0534667495467	-3.95964185919e-16	-1.96349540849	2.25739897371	-0.294	9.64347834398e-05	0.0
	 Inner loop 2	252.16080402	0.0534667495467	-3.95964185919e-16	-1.96349540849	2.25739897371	-0.294	9.64347834398e-05	0.0
Outer loop 	32	0.0534667495467	0.0
	 Inner loop 2	253.165829146	0.0534667495467	-3.95964185919e-16	-1.96349540849	2.25739897371	-0.294	9.64347834398e-05	0.0
	 Inner loop 2	253.165829146	0.0534667495467	-3.95964185919e-16	-1.96349540849	2.25739897371	-0.294	9.64347834398e-05	0.0
Outer loop 	33	0.0534667495467	0.0
	 Inner loop 2	254.170854271	0.0534667495467	-3.95964185919e-16	-1.96349540849	2.25739897371	-0.294	9.64347834398e-05	0.0
	 Inner loop 2	254.170854271	0.0534667495467	-3.95964185919e-16	-1.96349540849	2.25739897371	-0.294	9.64347834398e-05	0.0
Outer loop 	34	0.0534667495467	0.0
	 Inner loop 2	255.175879397	0.0534667495467	-3.95964185919e-16	-1.96349540849	2.25739897371	-0.294	9.64347834398e-05	0.0
	 Inner loop 2	255.175879397	0.0534667495467	-3.95964185919e-16	-1.96349540849	2.25739897371	-0.294	9.64347834398e-05	0.0
Outer loop 	35	0.0534667495467	0.0
	 Inner loop 2	256.180904523	0.0534667495467	-3.95964185919e-16	-1.96349540849	2.25739897371	-0.294	9.64347834398e-05	0.0
	 Inner loop 2	256.180904523	0.0534667495467	-3.95964185919e-16	-1.96349540849	2.25739897371	-0.294	9.64347834398e-05	0.0
Outer loop 	36	0.0534667495467	0.0
	 Inner loop 2	257.185929648	0.0534667495467	-3.95964185919e-16	-1.96349540849	2.25739897371	-0.294	9.64347834398e-05	0.0
	 Inner loop 2	257.185929648	0.0534667495467	-3.95964185919e-16	-1.96349540849	2.25739897371	-0.294	9.64347834398e-05	0.0
Outer loop 	37	0.0534667495467	0.0
	 Inner loop 2	258.190954774	0.0534667495467	-3.95964185919e-16	-1.96349540849	2.25739897371	-0.294	9.64347834398e-05	0.0
	 Inner loop 2	258.190954774	0.0534667495467	-3.95964185919e-16	-1.96349540849	2.25739897371	-0.294	9.64347834398e-05	0.0
Outer loop 	38	0.0534667495467	0.0
	 Inner loop 2	259.195979899	0.0534667495467	-3.95964185919e-16	-1.96349540849	2.25739897371	-0.294	9.64347834398e-05	0.0
	 Inner loop 2	259.195979899	0.0534667495467	-3.95964185919e-16	-1.96349540849	2.25739897371	-0.294	9.64347834398e-05	0.0
Outer loop 	39	0.0534667495467	0.0
	 Inner loop 2	260.201005025	0.0534667495467	-3.95964185919e-16	-1.96349540849	2.25739897371	-0.294	9.64347834398e-05	0.0
	 Inner loop 2	260.201005025	0.0534667495467	-3.95964185919e-16	-1.96349540849	2.25739897371	-0.294	9.64347834398e-05	0.0
Outer loop 	40	0.0534667495467	0.0
	 Inner loop 2	261.206030151	0.0534667495467	-3.95964185919e-16	-1.96349540849	2.25739897371	-0.294	9.64347834398e-05	0.0
	 Inner loop 2	261.206030151	0.0534667495467	-3.95964185919e-16	-1.96349540849	2.25739897371	-0.294	9.64347834398e-05	0.0
Outer loop 	41	0.0534667495467	0.0
	 Inner loop 2	262.211055276	0.0534667495467	-3.95964185919e-16	-1.96349540849	2.25739897371	-0.294	9.64347834398e-05	0.0
	 Inner loop 2	262.211055276	0.0534667495467	-3.95964185919e-16	-1.96349540849	2.25739897371	-0.294	9.64347834398e-05	0.0
Outer loop 	42	0.0534667495467	0.0
	 Inner loop 2	263.216080402	0.0534667495467	-3.95964185919e-16	-1.96349540849	2.25739897371	-0.294	9.64347834398e-05	0.0
	 Inner loop 2	263.216080402	0.0534667495467	-3.95964185919e-16	-1.96349540849	2.25739897371	-0.294	9.64347834398e-05	0.0
Outer loop 	43	0.0534667495467	0.0
	 Inner loop 2	264.221105528	0.0534667495467	-3.95964185919e-16	-1.96349540849	2.25739897371	-0.294	9.64347834398e-05	0.0
	 Inner loop 2	264.221105528	0.0534667495467	-3.95964185919e-16	-1.96349540849	2.25739897371	-0.294	9.64347834398e-05	0.0
Outer loop 	44	0.0534667495467	0.0
	 Inner loop 2	265.226130653	0.0534667495467	-3.95964185919e-16	-1.96349540849	2.25739897371	-0.294	9.64347834398e-05	0.0
	 Inner loop 2	265.226130653	0.0534667495467	-3.95964185919e-16	-1.96349540849	2.25739897371	-0.294	9.64347834398e-05	0.0
Outer loop 	45	0.0534667495467	0.0
	 Inner loop 2	266.231155779	0.0534667495467	-3.95964185919e-16	-1.96349540849	2.25739897371	-0.294	9.64347834398e-05	0.0
	 Inner loop 2	266.231155779	0.0534667495467	-3.95964185919e-16	-1.96349540849	2.25739897371	-0.294	9.64347834398e-05	0.0
Outer loop 	46	0.0534667495467	0.0
	 Inner loop 2	267.236180905	0.0534667495467	-3.95964185919e-16	-1.96349540849	2.25739897371	-0.294	9.64347834398e-05	0.0
	 Inner loop 2	267.236180905	0.0534667495467	-3.95964185919e-16	-1.96349540849	2.25739897371	-0.294	9.64347834398e-05	0.0
Outer loop 	47	0.0534667495467	0.0
	 Inner loop 2	268.24120603	0.0534667495467	-3.95964185919e-16	-1.96349540849	2.25739897371	-0.294	9.64347834398e-05	0.0
	 Inner loop 2	268.24120603	0.0534667495467	-3.95964185919e-16	-1.96349540849	2.25739897371	-0.294	9.64347834398e-05	0.0
Outer loop 	48	0.0534667495467	0.0
	 Inner loop 2	269.246231156	0.0534667495467	-3.95964185919e-16	-1.96349540849	2.25739897371	-0.294	9.64347834398e-05	0.0
	 Inner loop 2	269.246231156	0.0534667495467	-3.95964185919e-16	-1.96349540849	2.25739897371	-0.294	9.64347834398e-05	0.0
Outer loop 	49	0.0534667495467	0.0
	 Inner loop 2	270.251256281	0.0534667495467	-3.95964185919e-16	-1.96349540849	2.25739897371	-0.294	9.64347834398e-05	0.0
	 Inner loop 2	270.251256281	0.0534667495467	-3.95964185919e-16	-1.96349540849	2.25739897371	-0.294	9.64347834398e-05	0.0
Outer loop 	50	0.0534667495467	0.0
	 Inner loop 2	271.256281407	0.0534667495467	-3.95964185919e-16	-1.96349540849	2.25739897371	-0.294	9.64347834398e-05	0.0
	 Inner loop 2	271.256281407	0.0534667495467	-3.95964185919e-16	-1.96349540849	2.25739897371	-0.294	9.64347834398e-05	0.0
Outer loop 	51	0.0534667495467	0.0
	 Inner loop 2	272.261306533	0.0534667495467	-3.95964185919e-16	-1.96349540849	2.25739897371	-0.294	9.64347834398e-05	0.0
	 Inner loop 2	272.261306533	0.0534667495467	-3.95964185919e-16	-1.96349540849	2.25739897371	-0.294	9.64347834398e-05	0.0
Outer loop 	52	0.0534667495467	0.0
	 Inner loop 2	273.266331658	0.0534667495467	-3.95964185919e-16	-1.96349540849	2.25739897371	-0.294	9.64347834398e-05	0.0
	 Inner loop 2	273.266331658	0.0534667495467	-3.95964185919e-16	-1.96349540849	2.25739897371	-0.294	9.64347834398e-05	0.0
Outer loop 	53	0.0534667495467	0.0
	 Inner loop 2	274.271356784	0.0534667495467	-3.95964185919e-16	-1.96349540849	2.25739897371	-0.294	9.64347834398e-05	0.0
	 Inner loop 2	274.271356784	0.0534667495467	-3.95964185919e-16	-1.96349540849	2.25739897371	-0.294	9.64347834398e-05	0.0
Outer loop 	54	0.0534667495467	0.0
	 Inner loop 2	275.27638191	0.0534667495467	-3.95964185919e-16	-1.96349540849	2.25739897371	-0.294	9.64347834398e-05	0.0
	 Inner loop 2	275.27638191	0.0534667495467	-3.95964185919e-16	-1.96349540849	2.25739897371	-0.294	9.64347834398e-05	0.0
Outer loop 	55	0.0534667495467	0.0
	 Inner loop 2	276.281407035	0.0534667495467	-3.95964185919e-16	-1.96349540849	2.25739897371	-0.294	9.64347834398e-05	0.0
	 Inner loop 2	276.281407035	0.0534667495467	-3.95964185919e-16	-1.96349540849	2.25739897371	-0.294	9.64347834398e-05	0.0
Outer loop 	56	0.0534667495467	0.0
	 Inner loop 2	277.286432161	0.0534667495467	-3.95964185919e-16	-1.96349540849	2.25739897371	-0.294	9.64347834398e-05	0.0
	 Inner loop 2	277.286432161	0.0534667495467	-3.95964185919e-16	-1.96349540849	2.25739897371	-0.294	9.64347834398e-05	0.0
Outer loop 	57	0.0534667495467	0.0
	 Inner loop 2	278.291457286	0.0534667495467	-3.95964185919e-16	-1.96349540849	2.25739897371	-0.294	9.64347834398e-05	0.0
	 Inner loop 2	278.291457286	0.0534667495467	-3.95964185919e-16	-1.96349540849	2.25739897371	-0.294	9.64347834398e-05	0.0
Outer loop 	58	0.0534667495467	0.0
	 Inner loop 2	279.296482412	0.0534667495467	-3.95964185919e-16	-1.96349540849	2.25739897371	-0.294	9.64347834398e-05	0.0
	 Inner loop 2	279.296482412	0.0534667495467	-3.95964185919e-16	-1.96349540849	2.25739897371	-0.294	9.64347834398e-05	0.0
Outer loop 	59	0.0534667495467	0.0
	 Inner loop 2	280.301507538	0.0534667495467	-3.95964185919e-16	-1.96349540849	2.25739897371	-0.294	9.64347834398e-05	0.0
	 Inner loop 2	280.301507538	0.0534667495467	-3.95964185919e-16	-1.96349540849	2.25739897371	-0.294	9.64347834398e-05	0.0
Outer loop 	60	0.0534667495467	0.0
	 Inner loop 2	281.306532663	0.0534667495467	-3.95964185919e-16	-1.96349540849	2.25739897371	-0.294	9.64347834398e-05	0.0
	 Inner loop 2	281.306532663	0.0534667495467	-3.95964185919e-16	-1.96349540849	2.25739897371	-0.294	9.64347834398e-05	0.0
Outer loop 	61	0.0534667495467	0.0
	 Inner loop 2	282.311557789	0.0534667495467	-3.95964185919e-16	-1.96349540849	2.25739897371	-0.294	9.64347834398e-05	0.0
	 Inner loop 2	282.311557789	0.0534667495467	-3.95964185919e-16	-1.96349540849	2.25739897371	-0.294	9.64347834398e-05	0.0
Outer loop 	62	0.0534667495467	0.0
	 Inner loop 2	283.316582915	0.0534667495467	-3.95964185919e-16	-1.96349540849	2.25739897371	-0.294	9.64347834398e-05	0.0
	 Inner loop 2	283.316582915	0.0534667495467	-3.95964185919e-16	-1.96349540849	2.25739897371	-0.294	9.64347834398e-05	0.0
Outer loop 	63	0.0534667495467	0.0
	 Inner loop 2	284.32160804	0.0534667495467	-3.95964185919e-16	-1.96349540849	2.25739897371	-0.294	9.64347834398e-05	0.0
	 Inner loop 2	284.32160804	0.0534667495467	-3.95964185919e-16	-1.96349540849	2.25739897371	-0.294	9.64347834398e-05	0.0
Outer loop 	64	0.0534667495467	0.0
	 Inner loop 2	285.326633166	0.0534667495467	-3.95964185919e-16	-1.96349540849	2.25739897371	-0.294	9.64347834398e-05	0.0
	 Inner loop 2	285.326633166	0.0534667495467	-3.95964185919e-16	-1.96349540849	2.25739897371	-0.294	9.64347834398e-05	0.0
Outer loop 	65	0.0534667495467	0.0
	 Inner loop 2	286.331658291	0.0534667495467	-3.95964185919e-16	-1.96349540849	2.25739897371	-0.294	9.64347834398e-05	0.0
	 Inner loop 2	286.331658291	0.0534667495467	-3.95964185919e-16	-1.96349540849	2.25739897371	-0.294	9.64347834398e-05	0.0
Outer loop 	66	0.0534667495467	0.0
	 Inner loop 2	287.336683417	0.0534667495467	-3.95964185919e-16	-1.96349540849	2.25739897371	-0.294	9.64347834398e-05	0.0
	 Inner loop 2	287.336683417	0.0534667495467	-3.95964185919e-16	-1.96349540849	2.25739897371	-0.294	9.64347834398e-05	0.0
Outer loop 	67	0.0534667495467	0.0
	 Inner loop 2	288.341708543	0.0534667495467	-3.95964185919e-16	-1.96349540849	2.25739897371	-0.294	9.64347834398e-05	0.0
	 Inner loop 2	288.341708543	0.0534667495467	-3.95964185919e-16	-1.96349540849	2.25739897371	-0.294	9.64347834398e-05	0.0
Outer loop 	68	0.0534667495467	0.0
	 Inner loop 2	289.346733668	0.0534667495467	-3.95964185919e-16	-1.96349540849	2.25739897371	-0.294	9.64347834398e-05	0.0
	 Inner loop 2	289.346733668	0.0534667495467	-3.95964185919e-16	-1.96349540849	2.25739897371	-0.294	9.64347834398e-05	0.0
Outer loop 	69	0.0534667495467	0.0
	 Inner loop 2	290.351758794	0.0534667495467	-3.95964185919e-16	-1.96349540849	2.25739897371	-0.294	9.64347834398e-05	0.0
	 Inner loop 2	290.351758794	0.0534667495467	-3.95964185919e-16	-1.96349540849	2.25739897371	-0.294	9.64347834398e-05	0.0
Outer loop 	70	0.0534667495467	0.0
	 Inner loop 2	291.35678392	0.0534667495467	-3.95964185919e-16	-1.96349540849	2.25739897371	-0.294	9.64347834398e-05	0.0
	 Inner loop 2	291.35678392	0.0534667495467	-3.95964185919e-16	-1.96349540849	2.25739897371	-0.294	9.64347834398e-05	0.0
Outer loop 	71	0.0534667495467	0.0
	 Inner loop 2	292.361809045	0.0534667495467	-3.95964185919e-16	-1.96349540849	2.25739897371	-0.294	9.64347834398e-05	0.0
	 Inner loop 2	292.361809045	0.0534667495467	-3.95964185919e-16	-1.96349540849	2.25739897371	-0.294	9.64347834398e-05	0.0
Outer loop 	72	0.0534667495467	0.0
	 Inner loop 2	293.366834171	0.0534667495467	-3.95964185919e-16	-1.96349540849	2.25739897371	-0.294	9.64347834398e-05	0.0
	 Inner loop 2	293.366834171	0.0534667495467	-3.95964185919e-16	-1.96349540849	2.25739897371	-0.294	9.64347834398e-05	0.0
Outer loop 	73	0.0534667495467	0.0
	 Inner loop 2	294.371859296	0.0534667495467	-3.95964185919e-16	-1.96349540849	2.25739897371	-0.294	9.64347834398e-05	0.0
	 Inner loop 2	294.371859296	0.0534667495467	-3.95964185919e-16	-1.96349540849	2.25739897371	-0.294	9.64347834398e-05	0.0
Outer loop 	74	0.0534667495467	0.0
	 Inner loop 2	295.376884422	0.0534667495467	-3.95964185919e-16	-1.96349540849	2.25739897371	-0.294	9.64347834398e-05	0.0
	 Inner loop 2	295.376884422	0.0534667495467	-3.95964185919e-16	-1.96349540849	2.25739897371	-0.294	9.64347834398e-05	0.0
Outer loop 	75	0.0534667495467	0.0
	 Inner loop 2	296.381909548	0.0534667495467	-3.95964185919e-16	-1.96349540849	2.25739897371	-0.294	9.64347834398e-05	0.0
	 Inner loop 2	296.381909548	0.0534667495467	-3.95964185919e-16	-1.96349540849	2.25739897371	-0.294	9.64347834398e-05	0.0
Outer loop 	76	0.0534667495467	0.0
	 Inner loop 2	297.386934673	0.0534667495467	-3.95964185919e-16	-1.96349540849	2.25739897371	-0.294	9.64347834398e-05	0.0
	 Inner loop 2	297.386934673	0.0534667495467	-3.95964185919e-16	-1.96349540849	2.25739897371	-0.294	9.64347834398e-05	0.0
Outer loop 	77	0.0534667495467	0.0
	 Inner loop 2	298.391959799	0.0534667495467	-3.95964185919e-16	-1.96349540849	2.25739897371	-0.294	9.64347834398e-05	0.0
	 Inner loop 2	298.391959799	0.0534667495467	-3.95964185919e-16	-1.96349540849	2.25739897371	-0.294	9.64347834398e-05	0.0
Outer loop 	78	0.0534667495467	0.0
	 Inner loop 2	299.396984925	0.0534667495467	-3.95964185919e-16	-1.96349540849	2.25739897371	-0.294	9.64347834398e-05	0.0
	 Inner loop 2	299.396984925	0.0534667495467	-3.95964185919e-16	-1.96349540849	2.25739897371	-0.294	9.64347834398e-05	0.0
Outer loop 	79	0.0534667495467	0.0
	 Inner loop 2	300.40201005	0.0534667495467	-3.95964185919e-16	-1.96349540849	2.25739897371	-0.294	9.64347834398e-05	0.0
	 Inner loop 2	300.40201005	0.0534667495467	-3.95964185919e-16	-1.96349540849	2.25739897371	-0.294	9.64347834398e-05	0.0
Outer loop 	80	0.0534667495467	0.0
	 Inner loop 2	301.407035176	0.0534667495467	-3.95964185919e-16	-1.96349540849	2.25739897371	-0.294	9.64347834398e-05	0.0
	 Inner loop 2	301.407035176	0.0534667495467	-3.95964185919e-16	-1.96349540849	2.25739897371	-0.294	9.64347834398e-05	0.0
Outer loop 	81	0.0534667495467	0.0
	 Inner loop 2	302.412060302	0.0534667495467	-3.95964185919e-16	-1.96349540849	2.25739897371	-0.294	9.64347834398e-05	0.0
	 Inner loop 2	302.412060302	0.0534667495467	-3.95964185919e-16	-1.96349540849	2.25739897371	-0.294	9.64347834398e-05	0.0
Outer loop 	82	0.0534667495467	0.0
	 Inner loop 2	303.417085427	0.0534667495467	-3.95964185919e-16	-1.96349540849	2.25739897371	-0.294	9.64347834398e-05	0.0
	 Inner loop 2	303.417085427	0.0534667495467	-3.95964185919e-16	-1.96349540849	2.25739897371	-0.294	9.64347834398e-05	0.0
Outer loop 	83	0.0534667495467	0.0
	 Inner loop 2	304.422110553	0.0534667495467	-3.95964185919e-16	-1.96349540849	2.25739897371	-0.294	9.64347834398e-05	0.0
	 Inner loop 2	304.422110553	0.0534667495467	-3.95964185919e-16	-1.96349540849	2.25739897371	-0.294	9.64347834398e-05	0.0
Outer loop 	84	0.0534667495467	0.0
	 Inner loop 2	305.427135678	0.0534667495467	-3.95964185919e-16	-1.96349540849	2.25739897371	-0.294	9.64347834398e-05	0.0
	 Inner loop 2	305.427135678	0.0534667495467	-3.95964185919e-16	-1.96349540849	2.25739897371	-0.294	9.64347834398e-05	0.0
Outer loop 	85	0.0534667495467	0.0
	 Inner loop 2	306.432160804	0.0534667495467	-3.95964185919e-16	-1.96349540849	2.25739897371	-0.294	9.64347834398e-05	0.0
	 Inner loop 2	306.432160804	0.0534667495467	-3.95964185919e-16	-1.96349540849	2.25739897371	-0.294	9.64347834398e-05	0.0
Outer loop 	86	0.0534667495467	0.0
	 Inner loop 2	307.43718593	0.0534667495467	-3.95964185919e-16	-1.96349540849	2.25739897371	-0.294	9.64347834398e-05	0.0
	 Inner loop 2	307.43718593	0.0534667495467	-3.95964185919e-16	-1.96349540849	2.25739897371	-0.294	9.64347834398e-05	0.0
Outer loop 	87	0.0534667495467	0.0
	 Inner loop 2	308.442211055	0.0534667495467	-3.95964185919e-16	-1.96349540849	2.25739897371	-0.294	9.64347834398e-05	0.0
	 Inner loop 2	308.442211055	0.0534667495467	-3.95964185919e-16	-1.96349540849	2.25739897371	-0.294	9.64347834398e-05	0.0
Outer loop 	88	0.0534667495467	0.0
	 Inner loop 2	309.447236181	0.0534667495467	-3.95964185919e-16	-1.96349540849	2.25739897371	-0.294	9.64347834398e-05	0.0
	 Inner loop 2	309.447236181	0.0534667495467	-3.95964185919e-16	-1.96349540849	2.25739897371	-0.294	9.64347834398e-05	0.0
Outer loop 	89	0.0534667495467	0.0
	 Inner loop 2	310.452261307	0.0534667495467	-3.95964185919e-16	-1.96349540849	2.25739897371	-0.294	9.64347834398e-05	0.0
	 Inner loop 2	310.452261307	0.0534667495467	-3.95964185919e-16	-1.96349540849	2.25739897371	-0.294	9.64347834398e-05	0.0
Outer loop 	90	0.0534667495467	0.0
	 Inner loop 2	311.457286432	0.0534667495467	-3.95964185919e-16	-1.96349540849	2.25739897371	-0.294	9.64347834398e-05	0.0
	 Inner loop 2	311.457286432	0.0534667495467	-3.95964185919e-16	-1.96349540849	2.25739897371	-0.294	9.64347834398e-05	0.0
Outer loop 	91	0.0534667495467	0.0
	 Inner loop 2	312.462311558	0.0534667495467	-3.95964185919e-16	-1.96349540849	2.25739897371	-0.294	9.64347834398e-05	0.0
	 Inner loop 2	312.462311558	0.0534667495467	-3.95964185919e-16	-1.96349540849	2.25739897371	-0.294	9.64347834398e-05	0.0
Outer loop 	92	0.0534667495467	0.0
	 Inner loop 2	313.467336683	0.0534667495467	-3.95964185919e-16	-1.96349540849	2.25739897371	-0.294	9.64347834398e-05	0.0
	 Inner loop 2	313.467336683	0.0534667495467	-3.95964185919e-16	-1.96349540849	2.25739897371	-0.294	9.64347834398e-05	0.0
Outer loop 	93	0.0534667495467	0.0
	 Inner loop 2	314.472361809	0.0534667495467	-3.95964185919e-16	-1.96349540849	2.25739897371	-0.294	9.64347834398e-05	0.0
	 Inner loop 2	314.472361809	0.0534667495467	-3.95964185919e-16	-1.96349540849	2.25739897371	-0.294	9.64347834398e-05	0.0
Outer loop 	94	0.0534667495467	0.0
	 Inner loop 2	315.477386935	0.0534667495467	-3.95964185919e-16	-1.96349540849	2.25739897371	-0.294	9.64347834398e-05	0.0
	 Inner loop 2	315.477386935	0.0534667495467	-3.95964185919e-16	-1.96349540849	2.25739897371	-0.294	9.64347834398e-05	0.0
Outer loop 	95	0.0534667495467	0.0
	 Inner loop 2	316.48241206	0.0534667495467	-3.95964185919e-16	-1.96349540849	2.25739897371	-0.294	9.64347834398e-05	0.0
	 Inner loop 2	316.48241206	0.0534667495467	-3.95964185919e-16	-1.96349540849	2.25739897371	-0.294	9.64347834398e-05	0.0
Outer loop 	96	0.0534667495467	0.0
	 Inner loop 2	317.487437186	0.0534667424003	-2.10478987101e-06	-1.96349751328	2.25739897371	-0.294	9.64347834398e-05	0.0
	 Inner loop 2	317.487437186	0.0534667428008	1.17977171078e-07	-1.96349540877	2.25739895613	-0.294	9.65706089654e-05	-5.42696165784e-08
	 Inner loop 2	317.487437186	0.0534667427796	4.16523369615e-15	-1.96349552047	2.25739895707	-0.294	9.65633997938e-05	-5.13891640352e-08
	 Inner loop 2	317.487437186	0.0534667427796	1.68430807496e-16	-1.96349552047	2.25739895707	-0.294	9.65633997938e-05	-5.13891640352e-08
Outer loop 	97	0.0534667427796	-5.13891640352e-08
	 Inner loop 2	318.492462312	0.0534667431597	2.10504788618e-06	-1.96349352739	2.25739894042	-0.294	9.66920161422e-05	-1.0277832585e-07
	 Inner loop 2	318.492462312	0.0534667427582	-1.18264151996e-07	-1.96349563244	2.257398958	-0.294	9.65561739669e-05	-4.85020568153e-08
	 Inner loop 2	318.492462312	0.0534667427796	1.9447876469e-15	-1.96349552047	2.25739895707	-0.294	9.65633997938e-05	-5.13891640352e-08
	 Inner loop 2	318.492462312	0.0534667427796	1.68430807496e-16	-1.96349552047	2.25739895707	-0.294	9.65633997938e-05	-5.13891640352e-08
Outer loop 	98	0.0534667427796	-5.13891640352e-08
	 Inner loop 2	319.497487437	0.0534667427796	1.68430807496e-16	-1.96349552047	2.25739895707	-0.294	9.65633997938e-05	-5.13891640352e-08
	 Inner loop 2	319.497487437	0.0534667427796	1.68430807496e-16	-1.96349552047	2.25739895707	-0.294	9.65633997938e-05	-5.13891640352e-08
Outer loop 	99	0.0534667427796	-5.13891640352e-08
	 Inner loop 2	320.502512563	0.0534667427796	1.68430807496e-16	-1.96349552047	2.25739895707	-0.294	9.65633997938e-05	-5.13891640352e-08
	 Inner loop 2	320.502512563	0.0534667427796	1.68430807496e-16	-1.96349552047	2.25739895707	-0.294	9.65633997938e-05	-5.13891640352e-08
Outer loop 	100	0.0534667427796	-5.13891640352e-08
	 Inner loop 2	321.507537688	0.0534667427796	1.68430807496e-16	-1.96349552047	2.25739895707	-0.294	9.65633997938e-05	-5.13891640352e-08
	 Inner loop 2	321.507537688	0.0534667427796	1.68430807496e-16	-1.96349552047	2.25739895707	-0.294	9.65633997938e-05	-5.13891640352e-08
Outer loop 	101	0.0534667427796	-5.13891640352e-08
	 Inner loop 2	322.512562814	0.0534667427796	1.68430807496e-16	-1.96349552047	2.25739895707	-0.294	9.65633997938e-05	-5.13891640352e-08
	 Inner loop 2	322.512562814	0.0534667427796	1.68430807496e-16	-1.96349552047	2.25739895707	-0.294	9.65633997938e-05	-5.13891640352e-08
Outer loop 	102	0.0534667427796	-5.13891640352e-08
	 Inner loop 2	323.51758794	0.0534667427796	1.68430807496e-16	-1.96349552047	2.25739895707	-0.294	9.65633997938e-05	-5.13891640352e-08
	 Inner loop 2	323.51758794	0.0534667427796	1.68430807496e-16	-1.96349552047	2.25739895707	-0.294	9.65633997938e-05	-5.13891640352e-08
Outer loop 	103	0.0534667427796	-5.13891640352e-08
	 Inner loop 2	324.522613065	0.0534667427796	1.68430807496e-16	-1.96349552047	2.25739895707	-0.294	9.65633997938e-05	-5.13891640352e-08
	 Inner loop 2	324.522613065	0.0534667427796	1.68430807496e-16	-1.96349552047	2.25739895707	-0.294	9.65633997938e-05	-5.13891640352e-08
Outer loop 	104	0.0534667427796	-5.13891640352e-08
	 Inner loop 2	325.527638191	0.0534667427796	1.68430807496e-16	-1.96349552047	2.25739895707	-0.294	9.65633997938e-05	-5.13891640352e-08
	 Inner loop 2	325.527638191	0.0534667427796	1.68430807496e-16	-1.96349552047	2.25739895707	-0.294	9.65633997938e-05	-5.13891640352e-08
Outer loop 	105	0.0534667427796	-5.13891640352e-08
	 Inner loop 2	326.532663317	0.0534667427796	1.68430807496e-16	-1.96349552047	2.25739895707	-0.294	9.65633997938e-05	-5.13891640352e-08
	 Inner loop 2	326.532663317	0.0534667427796	1.68430807496e-16	-1.96349552047	2.25739895707	-0.294	9.65633997938e-05	-5.13891640352e-08
Outer loop 	106	0.0534667427796	-5.13891640352e-08
	 Inner loop 2	327.537688442	0.0534667427796	1.68430807496e-16	-1.96349552047	2.25739895707	-0.294	9.65633997938e-05	-5.13891640352e-08
	 Inner loop 2	327.537688442	0.0534667427796	1.68430807496e-16	-1.96349552047	2.25739895707	-0.294	9.65633997938e-05	-5.13891640352e-08
Outer loop 	107	0.0534667427796	-5.13891640352e-08
	 Inner loop 2	328.542713568	0.0534667427796	1.68430807496e-16	-1.96349552047	2.25739895707	-0.294	9.65633997938e-05	-5.13891640352e-08
	 Inner loop 2	328.542713568	0.0534667427796	1.68430807496e-16	-1.96349552047	2.25739895707	-0.294	9.65633997938e-05	-5.13891640352e-08
Outer loop 	108	0.0534667427796	-5.13891640352e-08
	 Inner loop 2	329.547738693	0.0534667427796	1.68430807496e-16	-1.96349552047	2.25739895707	-0.294	9.65633997938e-05	-5.13891640352e-08
	 Inner loop 2	329.547738693	0.0534667427796	1.68430807496e-16	-1.96349552047	2.25739895707	-0.294	9.65633997938e-05	-5.13891640352e-08
Outer loop 	109	0.0534667427796	-5.13891640352e-08
	 Inner loop 2	330.552763819	0.0534667427796	1.68430807496e-16	-1.96349552047	2.25739895707	-0.294	9.65633997938e-05	-5.13891640352e-08
	 Inner loop 2	330.552763819	0.0534667427796	1.68430807496e-16	-1.96349552047	2.25739895707	-0.294	9.65633997938e-05	-5.13891640352e-08
Outer loop 	110	0.0534667427796	-5.13891640352e-08
	 Inner loop 2	331.557788945	0.0534667427796	1.68430807496e-16	-1.96349552047	2.25739895707	-0.294	9.65633997938e-05	-5.13891640352e-08
	 Inner loop 2	331.557788945	0.0534667427796	1.68430807496e-16	-1.96349552047	2.25739895707	-0.294	9.65633997938e-05	-5.13891640352e-08
Outer loop 	111	0.0534667427796	-5.13891640352e-08
	 Inner loop 2	332.56281407	0.0534667427796	1.68430807496e-16	-1.96349552047	2.25739895707	-0.294	9.65633997938e-05	-5.13891640352e-08
	 Inner loop 2	332.56281407	0.0534667427796	1.68430807496e-16	-1.96349552047	2.25739895707	-0.294	9.65633997938e-05	-5.13891640352e-08
Outer loop 	112	0.0534667427796	-5.13891640352e-08
	 Inner loop 2	333.567839196	0.0534667427796	1.68430807496e-16	-1.96349552047	2.25739895707	-0.294	9.65633997938e-05	-5.13891640352e-08
	 Inner loop 2	333.567839196	0.0534667427796	1.68430807496e-16	-1.96349552047	2.25739895707	-0.294	9.65633997938e-05	-5.13891640352e-08
Outer loop 	113	0.0534667427796	-5.13891640352e-08
	 Inner loop 2	334.572864322	0.0534667427796	1.68430807496e-16	-1.96349552047	2.25739895707	-0.294	9.65633997938e-05	-5.13891640352e-08
	 Inner loop 2	334.572864322	0.0534667427796	1.68430807496e-16	-1.96349552047	2.25739895707	-0.294	9.65633997938e-05	-5.13891640352e-08
Outer loop 	114	0.0534667427796	-5.13891640352e-08
	 Inner loop 2	335.577889447	0.0534667427796	1.68430807496e-16	-1.96349552047	2.25739895707	-0.294	9.65633997938e-05	-5.13891640352e-08
	 Inner loop 2	335.577889447	0.0534667427796	1.68430807496e-16	-1.96349552047	2.25739895707	-0.294	9.65633997938e-05	-5.13891640352e-08
Outer loop 	115	0.0534667427796	-5.13891640352e-08
	 Inner loop 2	336.582914573	0.0534653838083	-0.000400250082331	-1.96389577055	2.25739895707	-0.294	9.65633997938e-05	-5.13891640352e-08
	 Inner loop 2	336.582914573	0.0534654580989	2.18803821593e-05	-1.96349612664	2.25739561481	-0.293999999984	0.000122392190684	-1.03713829358e-05
	 Inner loop 2	336.582914573	0.0534654542482	2.82685216652e-11	-1.96351684144	2.25739578805	-0.293999999986	0.000121053401228	-9.83646440633e-06
	 Inner loop 2	336.582914573	0.0534654542482	-1.5463315036e-12	-1.96351684147	2.25739578805	-0.293999999986	0.000121053399406	-9.83646367803e-06
Outer loop 	116	0.0534654542482	-9.83646371466e-06
	 Inner loop 2	337.587939698	0.0534655266396	0.000400824831833	-1.96313733766	2.25739261904	-0.293999999943	0.000145543399203	-1.96215382664e-05
	 Inner loop 2	337.587939698	0.0534654501812	-2.25188705736e-05	-1.96353816249	2.25739596609	-0.293999999987	0.000119677518789	-9.28672523104e-06
	 Inner loop 2	337.587939698	0.0534654542482	-7.89219506262e-13	-1.96351684147	2.25739578805	-0.293999999986	0.000121053399453	-9.8364636969e-06
	 Inner loop 2	337.587939698	0.0534654542482	4.28375732239e-14	-1.96351684147	2.25739578805	-0.293999999986	0.000121053399503	-9.83646371688e-06
Outer loop 	117	0.0534654542482	-9.83646371466e-06
	 Inner loop 2	338.592964824	0.0534654542482	-4.46306403293e-15	-1.96351684147	2.25739578805	-0.293999999986	0.000121053399497	-9.83646371466e-06
	 Inner loop 2	338.592964824	0.0534654542482	-6.88305749202e-16	-1.96351684147	2.25739578805	-0.293999999986	0.000121053399497	-9.83646371466e-06
Outer loop 	118	0.0534654542482	-9.83646371466e-06
	 Inner loop 2	339.59798995	0.0534654542482	1.53214030005e-15	-1.96351684147	2.25739578805	-0.293999999986	0.000121053399497	-9.83646371466e-06
	 Inner loop 2	339.59798995	0.0534654542482	-6.88305749202e-16	-1.96351684147	2.25739578805	-0.293999999986	0.000121053399497	-9.83646371466e-06
Outer loop 	119	0.0534654542482	-9.83646371466e-06
	 Inner loop 2	340.603015075	0.0534654542482	-6.88305749202e-16	-1.96351684147	2.25739578805	-0.293999999986	0.000121053399497	-9.83646371466e-06
	 Inner loop 2	340.603015075	0.0534654542482	-6.88305749202e-16	-1.96351684147	2.25739578805	-0.293999999986	0.000121053399497	-9.83646371466e-06
Outer loop 	120	0.0534654542482	-9.83646371466e-06
	 Inner loop 2	341.608040201	0.0534654542482	-6.88305749202e-16	-1.96351684147	2.25739578805	-0.293999999986	0.000121053399497	-9.83646371466e-06
	 Inner loop 2	341.608040201	0.0534654542482	-6.88305749202e-16	-1.96351684147	2.25739578805	-0.293999999986	0.000121053399497	-9.83646371466e-06
Outer loop 	121	0.0534654542482	-9.83646371466e-06
	 Inner loop 2	342.613065327	0.0534654542482	-6.88305749202e-16	-1.96351684147	2.25739578805	-0.293999999986	0.000121053399497	-9.83646371466e-06
	 Inner loop 2	342.613065327	0.0534654542482	-6.88305749202e-16	-1.96351684147	2.25739578805	-0.293999999986	0.000121053399497	-9.83646371466e-06
Outer loop 	122	0.0534654542482	-9.83646371466e-06
	 Inner loop 2	343.618090452	0.05346018194	-0.0015528229621	-1.96506966443	2.25739578805	-0.293999999986	0.000121053399497	-9.83646371466e-06
	 Inner loop 2	343.618090452	0.0534604083666	6.66881559057e-05	-1.96353739315	2.25738282134	-0.293999999634	0.000221259598955	-4.98742401134e-05
	 Inner loop 2	343.618090452	0.0534603990621	5.66110201812e-09	-1.96360048327	2.25738335528	-0.293999999658	0.000217133312585	-4.82255663592e-05
	 Inner loop 2	343.618090452	0.0534603990612	-2.42645402767e-10	-1.96360048886	2.25738335533	-0.293999999658	0.000217132947266	-4.82254203948e-05
Outer loop 	123	0.0534603990613	-4.82254263934e-05
	 Inner loop 2	344.623115578	0.0534606830704	0.00157252305822	-1.96211161317	2.2573709226	-0.293999998897	0.000313212525065	-8.66143890732e-05
	 Inner loop 2	344.623115578	0.0534603831052	-8.8347049218e-05	-1.96368413622	2.25738405382	-0.293999999688	0.000211735046258	-4.60686680703e-05
	 Inner loop 2	344.623115578	0.0534603990613	-1.21727109187e-11	-1.96360048864	2.25738335532	-0.293999999658	0.000217132961346	-4.82254260203e-05
	 Inner loop 2	344.623115578	0.0534603990613	6.84213482312e-13	-1.96360048863	2.25738335532	-0.293999999658	0.000217132962132	-4.82254263345e-05
Outer loop 	124	0.0534603990613	-4.82254263168e-05
	 Inner loop 2	345.628140704	0.0534538540175	-0.00192767451574	-1.96552816314	2.25738335532	-0.293999999658	0.000217132961904	-4.82254262435e-05
	 Inner loop 2	345.628140704	0.0534540124515	4.66626717446e-05	-1.96366212612	2.25736725844	-0.29399999859	0.000341528943752	-9.79283241986e-05
	 Inner loop 2	345.628140704	0.0534540087526	1.34363145156e-08	-1.96370621572	2.25736763889	-0.293999998624	0.000338588894352	-9.67536160357e-05
	 Inner loop 2	345.628140704	0.0534540087515	-3.21380491609e-10	-1.96370622872	2.257367639	-0.293999998624	0.000338588027286	-9.67532695961e-05
Outer loop 	125	0.0534540087515	-9.67532776874e-05
	 Inner loop 2	346.633165829	0.0534477209347	3.01866351768e-05	-1.96378178227	2.25735192267	-0.293999996897	0.000460043132987	-0.000145281129058
	 Inner loop 2	346.633165829	0.0534477204393	-1.45902601445e-07	-1.96381041885	2.25735217474	-0.29399999693	0.000458095140162	-0.000144502800955
	 Inner loop 2	346.633165829	0.0534477204417	1.08726423047e-12	-1.9638102811	2.25735217352	-0.29399999693	0.000458104510209	-0.000144506544794
	 Inner loop 2	346.633165829	0.0534477204417	-9.93953183648e-15	-1.9638102811	2.25735217352	-0.29399999693	0.000458104510136	-0.000144506544765
Outer loop 	126	0.0534477204417	-0.000144506544765
	 Inner loop 2	347.638190955	0.0534375741482	-0.00113626996058	-1.96505060442	2.25733670805	-0.293999994566	0.000577620972736	-0.000192259811842
	 Inner loop 2	347.638190955	0.0534374788774	-2.80595710839e-05	-1.96400623284	2.25732721973	-0.293999992784	0.000650946327323	-0.000221557242213
	 Inner loop 2	347.638190955	0.0534374764231	-1.23883322868e-08	-1.96397980204	2.25732697949	-0.293999992736	0.000652802904395	-0.000222299044796
	 Inner loop 2	347.638190955	0.053437476422	-3.11386080874e-10	-1.96397979066	2.25732697938	-0.293999992736	0.000652803703836	-0.000222299364216
Outer loop 	127	0.053437476422	-0.000222299372452
	 Inner loop 2	348.64321608	0.0534212194288	-0.00177096688425	-1.9659202683	2.25730178523	-0.293999986762	0.000847502938755	-0.000300092200137
	 Inner loop 2	348.64321608	0.0534208048844	-0.00012209341667	-1.96437089424	2.25728699693	-0.293999982427	0.000961786321452	-0.000345754569804
	 Inner loop 2	348.64321608	0.0534207737546	-1.27885161822e-07	-1.96425629632	2.2572859019	-0.293999982081	0.000970248613399	-0.000349135711436
	 Inner loop 2	348.64321608	0.0534207737242	-8.9499751617e-09	-1.96425618457	2.25728590083	-0.293999982081	0.000970256866034	-0.000349139008808
Outer loop 	128	0.0534207737219	-0.000349139256939
	 Inner loop 2	349.648241206	0.0533951159627	-0.00263748261156	-1.96717004929	2.25724482213	-0.293999966696	0.00128771124966	-0.000475979141425
	 Inner loop 2	349.648241206	0.0533939458338	-0.00034463141062	-1.96502538527	2.25722279805	-0.2939999565	0.00145791230611	-0.000543983634941
	 Inner loop 2	349.648241206	0.0533937673115	-7.78654369715e-07	-1.96470380619	2.25721948768	-0.29399995485	0.00148349470333	-0.000554205181161
	 Inner loop 2	349.648241206	0.0533937669602	-1.03474567831e-07	-1.96470317476	2.25721948118	-0.293999954847	0.00148354495116	-0.000554225257879
	 Inner loop 2	349.648241206	0.0533937669064	-6.42702037423e-14	-1.96470307799	2.25721948018	-0.293999954846	0.00148355265189	-0.000554228334735
	 Inner loop 2	349.648241206	0.0533937669064	-8.75384834065e-15	-1.96470307799	2.25721948018	-0.293999954846	0.00148355265189	-0.000554228334737
Outer loop 	129	0.0533937669064	-0.000554228334737
	 Inner loop 2	350.653266332	0.0533541218477	-0.00372226986076	-1.96887226205	2.25715305961	-0.293999915245	0.00199684781673	-0.000759317412533
	 Inner loop 2	350.653266332	0.0533514643592	-0.000782694958805	-1.96614183157	2.25712197712	-0.293999892466	0.00223705196441	-0.00085529191318
	 Inner loop 2	350.653266332	0.0533507451856	-3.41277032095e-06	-1.9654182369	2.25711370105	-0.293999885944	0.00230100902682	-0.000880846206006
	 Inner loop 2	350.653266332	0.0533507427007	-7.31850360205e-07	-1.96541574774	2.25711367255	-0.293999885921	0.00230122925846	-0.000880934200413
	 Inner loop 2	350.653266332	0.0533507420224	-2.96225327254e-12	-1.96541506824	2.25711366477	-0.293999885915	0.00230128937834	-0.000880958221547
	 Inner loop 2	350.653266332	0.0533507420224	-6.40790372153e-13	-1.96541506824	2.25711366477	-0.293999885915	0.00230128937853	-0.000880958221623
Outer loop 	130	0.0533507420224	-0.000880958221645
	 Inner loop 2	351.658291457	0.0532909125155	-0.0049493699944	-1.97107645986	2.25700784936	-0.293999785599	0.00311902610528	-0.00120768810855
	 Inner loop 2	351.658291457	0.0532857996549	-0.00150586174268	-1.96791106094	2.25696652007	-0.293999737894	0.00343841702681	-0.00133530199242
	 Inner loop 2	351.658291457	0.0532835257591	-1.11974263009e-05	-1.9665380166	2.25694844658	-0.293999715528	0.00357808812226	-0.00139110812137
	 Inner loop 2	351.658291457	0.0532835139351	-3.48245613487e-06	-1.96653093083	2.25694835308	-0.29399971541	0.00357881071045	-0.00139139683429
	 Inner loop 2	351.658291457	0.0532835085977	-5.95462212524e-11	-1.96652773245	2.25694831087	-0.293999715357	0.00357913687914	-0.00139152715626
	 Inner loop 2	351.658291457	0.0532835085976	-1.85209746845e-11	-1.96652773241	2.25694831087	-0.293999715357	0.00357913688298	-0.00139152715779
Outer loop 	131	0.0532835085976	-0.00139152715848
	 Inner loop 2	352.663316583	0.0531952924842	-0.00617991189523	-1.97382038509	2.25678295697	-0.293999468159	0.00485698439084	-0.00190209609532
	 Inner loop 2	352.663316583	0.0531867873745	-0.00250496158084	-1.97049272259	2.25673135214	-0.29399937532	0.00525578418909	-0.00206143810447
	 Inner loop 2	352.663316583	0.0531808953915	-2.78717428382e-05	-1.9682523593	2.25669617666	-0.29399930776	0.00552761865965	-0.00217005062354
	 Inner loop 2	352.663316583	0.0531808561535	-1.15565383905e-05	-1.96823761043	2.25669594392	-0.293999307301	0.00552941726869	-0.00217076926477
	 Inner loop 2	352.663316583	0.0531808283581	-5.91334623629e-10	-1.96822716396	2.25669577906	-0.293999306976	0.0055306912763	-0.00217127829946
	 Inner loop 2	352.663316583	0.0531808283573	-2.45213065998e-10	-1.96822716364	2.25669577906	-0.293999306976	0.00553069131445	-0.00217127831471
Outer loop 	132	0.0531808283567	-0.00217127832551
	 Inner loop 2	353.668341709	0.0530535530202	-0.00724385357135	-1.97717062677	2.25644324724	-0.29399871984	0.00748224579827	-0.00295102949253
	 Inner loop 2	353.668341709	0.0530411420195	-0.00365534143295	-1.97398925031	2.25638275806	-0.293998552667	0.00794970348889	-0.00313780402938
	 Inner loop 2	353.668341709	0.0530283186108	-5.33903152007e-05	-1.97080202756	2.25632114238	-0.293998371835	0.00842586670049	-0.00332805689096
	 Inner loop 2	353.668341709	0.0530282251683	-2.75210845959e-05	-1.97077915921	2.25632069654	-0.293998370488	0.00842931206464	-0.0033294334996
	 Inner loop 2	353.668341709	0.0530281257489	-3.02525759305e-09	-1.97075483365	2.25632022225	-0.293998369054	0.0084329774291	-0.00333089801021
	 Inner loop 2	353.668341709	0.0530281257436	-1.55967414678e-09	-1.97075483235	2.25632022222	-0.293998369054	0.00843297762432	-0.00333089808822
Outer loop 	133	0.053028125738	-0.00333089817123
	 Inner loop 2	354.673366834	0.0528482881183	-0.00799191748461	-1.98127481135	2.25594466533	-0.293997035786	0.0113352643227	-0.00449051801695
	 Inner loop 2	354.673366834	0.0528321602423	-0.00475005156365	-1.97848221936	2.2558779295	-0.293996757499	0.0118509957982	-0.00469658053215
	 Inner loop 2	354.673366834	0.052808256315	-8.04101805152e-05	-1.97447088634	2.25578014673	-0.293996327201	0.0126066566311	-0.00499850775445
	 Inner loop 2	354.673366834	0.0528080910727	-4.86678546512e-05	-1.97444366461	2.25577947527	-0.293996324153	0.0126118456312	-0.00500058103963
	 Inner loop 2	354.673366834	0.0528078376919	-8.45377246504e-09	-1.97440193625	2.25577844578	-0.293996319479	0.0126198014914	-0.00500375983446
	 Inner loop 2	354.673366834	0.0528078376745	-5.11753126507e-09	-1.97440193339	2.25577844571	-0.293996319478	0.0126198020369	-0.00500376005243
Outer loop 	134	0.0528078376479	-0.00500376038678
	 Inner loop 2	355.67839196	0.0525592397997	-0.00833791199796	-1.98638776176	2.25523666901	-0.293993447163	0.0168066279154	-0.00667662260234
	 Inner loop 2	355.67839196	0.0525402733603	-0.00558607749856	-1.98410479009	2.25516704399	-0.293993018375	0.0173446869814	-0.0068916061931
	 Inner loop 2	355.67839196	0.0525014404552	-9.77947861531e-05	-1.97956831574	2.25502570889	-0.293992106172	0.0184369182338	-0.00732801143446
	 Inner loop 2	355.67839196	0.0525012148206	-6.64548689076e-05	-1.97954247548	2.25502489226	-0.293992100738	0.0184432290909	-0.00733053296194
	 Inner loop 2	355.67839196	0.0525007363257	-1.38632289988e-08	-1.97948769627	2.25502316064	-0.293992089211	0.0184566109764	-0.00733587974628
	 Inner loop 2	355.67839196	0.0525007362937	-9.42208926852e-09	-1.97948769261	2.25502316053	-0.29399208921	0.018456611871	-0.00733588010373
Outer loop 	135	0.0525007362258	-0.00733588086207
	 Inner loop 2	356.683417085	0.052165547653	-0.00827234873201	-1.99284738837	2.25426787496	-0.29398625998	0.0242934246643	-0.00966800133736
	 Inner loop 2	356.683417085	0.0521450388127	-0.00604035205633	-1.99108075525	2.25419879741	-0.29398564704	0.0248272528258	-0.00988129445377
	 Inner loop 2	356.683417085	0.0520892011404	-9.88192981434e-05	-1.986398682	2.25401185596	-0.293983921192	0.0262719279314	-0.0104585200063
	 Inner loop 2	356.683417085	0.0520889536088	-7.29040998438e-05	-1.98637832642	2.25401103078	-0.293983913357	0.0262783049019	-0.0104610679496
	 Inner loop 2	356.683417085	0.0520882572089	-1.43950516056e-08	-1.98632107694	2.25400870939	-0.293983891305	0.0262962444636	-0.0104682357712
	 Inner loop 2	356.683417085	0.0520882571728	-1.06212676883e-08	-1.98632107398	2.25400870927	-0.293983891304	0.0262962453925	-0.0104682361424
Outer loop 	136	0.0520882570713	-0.010468237187
	 Inner loop 2	357.688442211	0.0516491215789	-0.00785093956793	-2.00100827047	2.25299425759	-0.293972808926	0.034135882245	-0.0136005935119
	 Inner loop 2	357.688442211	0.0516284296108	-0.00609428765369	-1.99969350931	2.25292869898	-0.293971993506	0.0346425161855	-0.0138030210717
	 Inner loop 2	357.688442211	0.0515563540248	-8.53250683562e-05	-1.9952176754	2.25270125893	-0.293969071213	0.0364001626173	-0.0145052955338
	 Inner loop 2	357.688442211	0.0515561275453	-6.67037323961e-05	-1.99520385712	2.25270054643	-0.293969061831	0.0364056687831	-0.0145074955437
	 Inner loop 2	357.688442211	0.0515553162353	-1.01946823969e-08	-1.99515436865	2.25269799418	-0.29396902821	0.0364253924924	-0.0145153762284
	 Inner loop 2	357.688442211	0.0515553162083	-7.97039983319e-09	-1.995154367	2.25269799409	-0.293969028209	0.0364253931502	-0.0145153764913
Outer loop 	137	0.0515553161113	-0.0145153774332
	 Inner loop 2	358.693467337	0.0509981963171	-0.00712125448339	-2.01116320575	2.25138727864	-0.293949350096	0.0466040227252	-0.0185625176793
	 Inner loop 2	358.693467337	0.050978608863	-0.00576898144186	-2.0102153904	2.25132781321	-0.29394834315	0.0470669388962	-0.0187461311379
	 Inner loop 2	358.693467337	0.0508948306528	-6.34570830272e-05	-2.00623544907	2.25107412556	-0.293943936061	0.0490418024911	-0.019529451224
	 Inner loop 2	358.693467337	0.0508946553029	-5.16448260611e-05	-2.00622724134	2.25107359567	-0.293943926666	0.04904592751	-0.0195310873928
	 Inner loop 2	358.693467337	0.0508938886313	-5.05850043797e-09	-2.00619136104	2.2510712789	-0.293943885585	0.0490639626652	-0.0195382409498
	 Inner loop 2	358.693467337	0.0508938886174	-4.11705231712e-09	-2.00619136039	2.25107127886	-0.293943885584	0.0490639629941	-0.0195382410802
Outer loop 	138	0.0508938885562	-0.0195382416506
	 Inner loop 2	359.698492462	0.0502110608066	-0.00630287757016	-2.02356344805	2.24944456356	-0.293911327013	0.0617273339305	-0.024561105868
	 Inner loop 2	359.698492462	0.0501931847589	-0.00526493063553	-2.02288376442	2.24939193192	-0.293910149753	0.0621370516226	-0.0247236184074
	 Inner loop 2	359.698492462	0.0501023621129	-4.33965429814e-05	-2.01947962146	2.2491249607	-0.293904058615	0.0642153228297	-0.0255479546223
	 Inner loop 2	359.698492462	0.0501022386687	-3.6357338008e-05	-2.01947504926	2.24912459832	-0.293904050211	0.064218143816	-0.0255490735529
	 Inner loop 2	359.698492462	0.0501016010748	-2.05468561609e-09	-2.01945143604	2.24912272664	-0.2939040068	0.064232714148	-0.0255548528046
	 Inner loop 2	359.698492462	0.0501016010689	-1.72143987953e-09	-2.01945143582	2.24912272662	-0.2939040068	0.0642327142816	-0.0255548528575
Outer loop 	139	0.0501016010388	-0.0255548531312
	 Inner loop 2	360.703517588	0.0492908125867	-0.00544897502314	-2.03817112609	2.24717417439	-0.293853488836	0.079401465511	-0.0315714646118
	 Inner loop 2	360.703517588	0.0492750158616	-0.00465251956775	-2.03768468607	2.24712867319	-0.29385218207	0.0797556753851	-0.0317119602439
	 Inner loop 2	360.703517588	0.0491826453065	-2.75348974409e-05	-2.03487078221	2.24686287648	-0.293844432654	0.081824803494	-0.0325326698932
	 Inner loop 2	360.703517588	0.0491825653331	-2.35540971771e-05	-2.03486836818	2.24686264655	-0.293844425864	0.0818265933963	-0.0325333798492
	 Inner loop 2	360.703517588	0.0491820921344	-7.00068822357e-10	-2.03485408521	2.24686128608	-0.293844385689	0.0818371841138	-0.0325375806061
	 Inner loop 2	360.703517588	0.0491820921323	-5.98863125756e-10	-2.03485408515	2.24686128608	-0.293844385689	0.0818371841593	-0.0325375806241
Outer loop 	140	0.0491820921203	-0.0325375807309
	 Inner loop 2	361.708542714	0.0482469391215	-0.00460756201042	-2.05487862422	2.24459984555	-0.29377043723	0.0994416538856	-0.0395203083307
	 Inner loop 2	361.708542714	0.048233367926	-0.00399704698384	-2.05453053013	2.2445613705	-0.293769055173	0.0997411678222	-0.0396391090839
	 Inner loop 2	361.708542714	0.0481444615044	-1.64025936573e-05	-2.05226806024	2.24430947399	-0.293759904409	0.101702088069	-0.0404168986086
	 Inner loop 2	361.708542714	0.0481444131356	-1.42457721483e-05	-2.05226683772	2.24430933702	-0.293759899385	0.101703154318	-0.0404173215308
	 Inner loop 2	361.708542714	0.0481440936601	-2.06650335732e-10	-2.05225876322	2.24430843234	-0.2937598662	0.101710196871	-0.0404201149256
	 Inner loop 2	361.708542714	0.0481440936595	-1.79477238627e-10	-2.05225876321	2.24430843234	-0.2937598662	0.101710196885	-0.040420114931
Outer loop 	141	0.0481440936554	-0.0404201149662
	 Inner loop 2	362.713567839	0.0470930049637	-0.003855390055	-2.07352431979	2.24175557862	-0.293657094228	0.12157044535	-0.0483026492014
	 Inner loop 2	362.713567839	0.0470815099683	-0.00338555560781	-2.0732725174	2.24172338451	-0.293655681652	0.121819258935	-0.048402056055
	 Inner loop 2	362.713567839	0.0469986464266	-9.52846397437e-06	-2.07146768189	2.24149139866	-0.293645417047	0.123612171808	-0.0491183667318
	 Inner loop 2	362.713567839	0.0469986179964	-8.37339659295e-06	-2.07146706573	2.2414913191	-0.293645413501	0.123612786742	-0.0491186124125
	 Inner loop 2	362.713567839	0.0469984118977	-5.78421477382e-11	-2.07146259913	2.2414907423	-0.293645387791	0.123617244567	-0.0491203934179
	 Inner loop 2	362.713567839	0.0469984118975	-5.0827536624e-11	-2.07146259913	2.2414907423	-0.293645387791	0.123617244571	-0.0491203934194
Outer loop 	142	0.0469984118962	-0.0491203934302
	 Inner loop 2	363.718592965	0.0458415013248	-0.00330715820304	-2.09386541509	2.23867305225	-0.293508682081	0.145393886717	-0.0578206718942
	 Inner loop 2	363.718592965	0.0458315549343	-0.00292945378727	-2.09367497694	2.23864543611	-0.293507232271	0.145607319308	-0.0579059432123
	 Inner loop 2	363.718592965	0.0457543918726	-5.72204896798e-06	-2.09220374401	2.23843124688	-0.29349591516	0.147262690244	-0.0585673026646
	 Inner loop 2	363.718592965	0.0457543746552	-5.07094334898e-06	-2.09220341695	2.2384311991	-0.293495912621	0.147263059526	-0.0585674502011
	 Inner loop 2	363.718592965	0.0457542405625	-1.70802538779e-11	-2.0922008697	2.23843082697	-0.293495892847	0.147265935564	-0.0585685992457
	 Inner loop 2	363.718592965	0.0457542405624	-1.51348933386e-11	-2.0922008697	2.23843082697	-0.293495892847	0.147265935565	-0.0585685992462
Outer loop 	143	0.045754240562	-0.0585685992496
	 Inner loop 2	364.72361809	0.0445011803057	-0.00261800366041	-2.11558334372	2.23537091164	-0.293320198132	0.170914626549	-0.068016805069
	 Inner loop 2	364.72361809	0.0444932546994	-0.00233428374509	-2.11544806878	2.23534905022	-0.293318848666	0.171083583481	-0.0680843073199
	 Inner loop 2	364.72361809	0.0444280375212	-2.90481086301e-06	-2.11433806023	2.23516918709	-0.293307695304	0.172473663625	-0.0686396768885
	 Inner loop 2	364.72361809	0.0444280287248	-2.59074802902e-06	-2.11433791088	2.23516916284	-0.293307693794	0.172473851092	-0.0686397517858
	 Inner loop 2	364.72361809	0.0444279561623	-3.53875262427e-12	-2.11433667894	2.23516896274	-0.293307681335	0.172475397529	-0.0686403696236
	 Inner loop 2	364.72361809	0.0444279561623	-3.15542036944e-12	-2.11433667894	2.23516896274	-0.293307681335	0.172475397529	-0.0686403696237
Outer loop 	144	0.0444279561622	-0.0686403696244
	 Inner loop 2	365.728643216	0.0430944323929	-0.0021321702872	-2.13863441152	2.23190709852	-0.29308971678	0.197684859489	-0.0787121399993
	 Inner loop 2	365.728643216	0.0430879453788	-0.00191058337151	-2.13853389436	2.23188929401	-0.29308844544	0.19782246241	-0.0787671155885
	 Inner loop 2	365.728643216	0.0430320072969	-1.54936638769e-06	-2.13766879383	2.23173577865	-0.293077446851	0.199008912665	-0.0792411302484
	 Inner loop 2	365.728643216	0.0430320025822	-1.38859475135e-06	-2.13766872105	2.23173576572	-0.293077445922	0.199009012656	-0.0792411701971
	 Inner loop 2	365.728643216	0.043031961861	-8.17457213032e-13	-2.13766809236	2.23173565397	-0.293077437892	0.199009876283	-0.0792415152361
	 Inner loop 2	365.728643216	0.043031961861	-7.32608418375e-13	-2.13766809236	2.23173565397	-0.293077437892	0.199009876283	-0.0792415152361
Outer loop 	145	0.043031961861	-0.0792415152363
	 Inner loop 2	366.733668342	0.0416305816677	-0.00158627617634	-2.16275596608	2.2283023452	-0.292814257457	0.225681602158	-0.0898426608481
	 Inner loop 2	366.733668342	0.041625738974	-0.00142629104338	-2.16268672093	2.22828909913	-0.292813178334	0.225784509085	-0.0898835611777
	 Inner loop 2	366.733668342	0.041582563344	-6.77778252162e-07	-2.16207008966	2.22817100851	-0.292803536145	0.226701939512	-0.0902481936445
	 Inner loop 2	366.733668342	0.0415825612746	-6.09481987546e-07	-2.16207006014	2.22817100285	-0.292803535682	0.226701983482	-0.0902482111202
	 Inner loop 2	366.733668342	0.0415825428073	-1.50823797895e-13	-2.16206979667	2.22817095235	-0.29280353155	0.226702375871	-0.0902483670753
	 Inner loop 2	366.733668342	0.0415825428073	-1.37029276814e-13	-2.16206979667	2.22817095235	-0.29280353155	0.226702375871	-0.0902483670753
Outer loop 	146	0.0415825428073	-0.0902483670753
	 Inner loop 2	367.738693467	0.0401284709098	-0.00137037560566	-2.18787854626	2.22460625072	-0.292494152188	0.254396072119	-0.101255218914
	 Inner loop 2	367.738693467	0.0401242752889	-0.0012357123616	-2.18782239079	2.22459480752	-0.292493101955	0.25448497287	-0.101290552493
	 Inner loop 2	367.738693467	0.0400857736037	-3.9630789872e-07	-2.1873075039	2.22448980106	-0.29248344764	0.255300754172	-0.101614784544
	 Inner loop 2	367.738693467	0.0400857723903	-3.5738747467e-07	-2.18730748768	2.22448979775	-0.292483447335	0.255300779881	-0.101614794762
	 Inner loop 2	367.738693467	0.0400857612478	-3.10862446895e-14	-2.18730733879	2.22448976736	-0.292483444537	0.255301015962	-0.101614888592
	 Inner loop 2	367.738693467	0.0400857612478	-2.60347299275e-14	-2.18730733879	2.22448976736	-0.292483444537	0.255301015962	-0.101614888592
Outer loop 	147	0.0400857612478	-0.101614888592
	 Inner loop 2	368.743718593	0.038585146084	-0.0011290896869	-2.21366268988	2.22080858238	-0.29212556971	0.283850587527	-0.112981410109
	 Inner loop 2	368.743718593	0.0385816791594	-0.00102109355876	-2.21361873226	2.22079915401	-0.292124604632	0.28392308932	-0.113010522404
	 Inner loop 2	368.743718593	0.0385488989972	-2.08072769292e-07	-2.21320333722	2.22071000965	-0.292115467677	0.284608587172	-0.113285776504
	 Inner loop 2	368.743718593	0.0385488983583	-1.88178560845e-07	-2.21320332913	2.22071000792	-0.292115467498	0.284608600533	-0.113285781869
	 Inner loop 2	368.743718593	0.0385488923147	-1.74860126378e-14	-2.21320325258	2.22070999148	-0.292115465812	0.284608726913	-0.113285832616
	 Inner loop 2	368.743718593	0.0385488923147	-1.74860126378e-14	-2.21320325258	2.22070999148	-0.292115465812	0.284608726913	-0.113285832616
Outer loop 	148	0.0385488923147	-0.113285832616
	 Inner loop 2	369.748743719	0.0370083830835	-0.00107215630696	-2.23996893333	2.2169302156	-0.291707698218	0.313674259637	-0.124956776639
	 Inner loop 2	369.748743719	0.0370050857385	-0.000971148257074	-2.23992883133	2.21692126265	-0.29170668517	0.313743105589	-0.124984420972
	 Inner loop 2	369.748743719	0.0369733827448	-1.36310849663e-07	-2.23954341581	2.21683518394	-0.291696933775	0.314405029333	-0.125250209149
	 Inner loop 2	369.748743719	0.0369733823256	-1.23472407687e-07	-2.23954341072	2.21683518281	-0.291696933646	0.314405038086	-0.125250212664
	 Inner loop 2	369.748743719	0.0369733782937	-2.86437540353e-14	-2.23954336172	2.21683517186	-0.291696932405	0.314405122266	-0.125250246465
	 Inner loop 2	369.748743719	0.0369733782937	-2.55351295664e-14	-2.23954336172	2.21683517186	-0.291696932405	0.314405122266	-0.125250246465
Outer loop 	149	0.0369733782937	-0.125250246465
	 Inner loop 2	370.753768844	0.035395783012	-0.000612981846752	-2.26653820781	2.21296035224	-0.291236643897	0.344201517618	-0.137214660315
	 Inner loop 2	370.753768844	0.035393895742	-0.000555846900765	-2.266515951	2.21295523358	-0.291236008267	0.344240878781	-0.137230465356
	 Inner loop 2	370.753768844	0.0353755350192	-2.94716532845e-08	-2.2662994552	2.21290543591	-0.291229820633	0.344623810452	-0.137384227344
	 Inner loop 2	370.753768844	0.0353755349285	-2.67249281594e-08	-2.26629945413	2.21290543566	-0.291229820603	0.344623812345	-0.137384228104
	 Inner loop 2	370.753768844	0.0353755340456	-2.39253061807e-14	-2.26629944372	2.21290543327	-0.291229820305	0.344623830758	-0.137384235497
	 Inner loop 2	370.753768844	0.0353755340456	-2.3037127761e-14	-2.26629944372	2.21290543327	-0.291229820305	0.344623830758	-0.137384235497
Outer loop 	150	0.0353755340456	-0.137384235497
	 Inner loop 2	371.75879397	0.0337745302342	-0.000930568217319	-2.29350862314	2.20897569468	-0.29071982989	0.374322190135	-0.149518224529
	 Inner loop 2	371.75879397	0.0337716569455	-0.000846253387951	-2.29347548448	2.20896792405	-0.29071877901	0.374380086051	-0.149542218174
	 Inner loop 2	371.75879397	0.0337428181145	-3.76485950748e-08	-2.29314292433	2.20888993157	-0.290708222245	0.374961177362	-0.149783038242
	 Inner loop 2	371.75879397	0.0337428179983	-3.42377067253e-08	-2.29314292299	2.20888993125	-0.290708222202	0.374961179704	-0.149783039213
	 Inner loop 2	371.75879397	0.0337428168314	4.09672296087e-14	-2.29314290954	2.2088899281	-0.290708221775	0.374961203216	-0.149783048957
	 Inner loop 2	371.75879397	0.0337428168314	3.73034936274e-14	-2.29314290954	2.2088899281	-0.290708221775	0.374961203216	-0.149783048957
Outer loop 	151	0.0337428168314	-0.149783048957
	 Inner loop 2	372.763819095	0.0321079094152	-0.000645067726683	-2.32025671076	2.20487442293	-0.290141933075	0.404879153185	-0.162181862417
	 Inner loop 2	372.763819095	0.0321059171106	-0.00058678215137	-2.32023396154	2.20486903634	-0.290141143453	0.404919286499	-0.162198494755
	 Inner loop 2	372.763819095	0.032085859844	-2.62784910499e-09	-2.32000494392	2.20481480765	-0.290133189565	0.405323323215	-0.162365938577
	 Inner loop 2	372.763819095	0.0320858598359	-2.39041059169e-09	-2.32000494383	2.20481480762	-0.290133189562	0.405323323379	-0.162365938645
Outer loop 	152	0.0320858597542	-0.162365939327
	 Inner loop 2	373.768844221	0.0304288399847	-1.84643868284e-05	-2.34695308582	2.20073968671	-0.289512221354	0.435707156078	-0.174948829697
	 Inner loop 2	373.768844221	0.0304287830482	-1.67692105028e-05	-2.34695243444	2.20073953252	-0.289512196991	0.435708329703	-0.17494930578
	 Inner loop 2	373.768844221	0.0304282198137	9.99628158027e-12	-2.34694599084	2.20073800727	-0.289511955985	0.43571993956	-0.174954015343
	 Inner loop 2	373.768844221	0.0304282198138	9.07673936013e-12	-2.34694599084	2.20073800727	-0.289511955985	0.435719939559	-0.174954015343
Outer loop 	153	0.0304282198141	-0.17495401534
	 Inner loop 2	374.773869347	0.0287732324682	0.000781253480713	-2.37378674893	2.19666120714	-0.288844847082	0.466751642346	-0.187542091354
	 Inner loop 2	374.773869347	0.0287756403185	0.000709170454523	-2.37381459397	2.19666773093	-0.288845951196	0.466701984689	-0.18752194762
	 Inner loop 2	374.773869347	0.0287993294729	3.93855734693e-08	-2.37408850721	2.19673191358	-0.288856807498	0.466213440509	-0.187323768638
	 Inner loop 2	374.773869347	0.0287993295943	3.57520122396e-08	-2.37408850861	2.19673191391	-0.288856807553	0.466213438006	-0.187323767622
	 Inner loop 2	374.773869347	0.0287993307887	9.88098491916e-15	-2.37408852242	2.19673191715	-0.2888568081	0.466213413374	-0.18732375763
	 Inner loop 2	374.773869347	0.0287993307887	1.12132525487e-14	-2.37408852242	2.19673191715	-0.2888568081	0.466213413374	-0.18732375763
Outer loop 	154	0.0287993307887	-0.18732375763
	 Inner loop 2	375.778894472	0.0271715449219	0.000324907041574	-2.40095034453	2.19272582703	-0.288157462648	0.496706887195	-0.199693499921
	 Inner loop 2	375.778894472	0.0271725454143	0.000294669320479	-2.40096215522	2.19272854014	-0.288157951209	0.49668623561	-0.199685122562
	 Inner loop 2	375.778894472	0.0271822953387	1.06406711775e-08	-2.40107724181	2.19275497962	-0.288162711225	0.496484984055	-0.199603484442
	 Inner loop 2	375.778894472	0.0271822953714	9.65045510171e-09	-2.4010772422	2.19275497971	-0.288162711241	0.496484983379	-0.199603484167
	 Inner loop 2	375.778894472	0.0271822956908	2.96429547575e-14	-2.40107724597	2.19275498058	-0.288162711397	0.496484976788	-0.199603481494
	 Inner loop 2	375.778894472	0.0271822956908	2.5202062659e-14	-2.40107724597	2.19275498058	-0.288162711397	0.496484976788	-0.199603481494
Outer loop 	155	0.0271822956908	-0.199603481494
	 Inner loop 2	376.783919598	0.0255647277106	-0.000156946764179	-2.42759189126	2.18877804401	-0.287425162717	0.5260820632	-0.211883205357
	 Inner loop 2	376.783919598	0.0255642434107	-0.000142638105783	-2.42758601209	2.18877673344	-0.287424912513	0.526091553058	-0.211887252051
	 Inner loop 2	376.783919598	0.0255594156034	3.70958053164e-09	-2.42752740124	2.18876366881	-0.28742241806	0.526186154198	-0.211927592155
	 Inner loop 2	376.783919598	0.0255594156148	3.37136540907e-09	-2.42752740138	2.18876366884	-0.287422418066	0.526186153974	-0.21192759206
Outer loop 	156	0.0255594157289	-0.211927591106
	 Inner loop 2	377.788944724	0.0239363711261	-4.84907594741e-05	-2.45326966483	2.18477235772	-0.286638470633	0.555087286987	-0.224251700719
	 Inner loop 2	377.788944724	0.0239362217746	-4.3987646187e-05	-2.45326777056	2.1847719528	-0.286638388891	0.555090219003	-0.224252950998
	 Inner loop 2	377.788944724	0.0239347628698	4.67003880011e-10	-2.45324926634	2.18476799745	-0.286637590389	0.55511885974	-0.224265164068
	 Inner loop 2	377.788944724	0.0239347628713	4.23636792313e-10	-2.45324926635	2.18476799746	-0.28663759039	0.555118859712	-0.224265164056
Outer loop 	157	0.0239347628853	-0.224265163938
	 Inner loop 2	378.793969849	0.0223136278069	0.00103606735906	-2.47797869313	2.18077232584	-0.285809132481	0.584051567134	-0.23660273677
	 Inner loop 2	378.793969849	0.0223168108048	0.00093747026503	-2.47802145468	2.18078097743	-0.285810973335	0.583988920846	-0.23657602295
	 Inner loop 2	378.793969849	0.0223470759675	2.72427123638e-07	-2.47842777314	2.18086323757	-0.285828466158	0.583393274155	-0.236322025485
	 Inner loop 2	378.793969849	0.0223470768044	2.46516000502e-07	-2.47842778437	2.18086323985	-0.285828466642	0.583393257683	-0.23632201846
	 Inner loop 2	378.793969849	0.0223470847676	2.30926389122e-14	-2.47842789121	2.18086326149	-0.285828471242	0.583393100965	-0.236321951632
	 Inner loop 2	378.793969849	0.0223470847676	2.30926389122e-14	-2.47842789121	2.18086326149	-0.285828471242	0.583393100965	-0.236321951632
Outer loop 	158	0.0223470847676	-0.236321951632
	 Inner loop 2	379.798994975	0.0207558709602	-0.00104134654033	-2.50231323934	2.17695852548	-0.284977802811	0.609291170127	-0.248378739327
	 Inner loop 2	379.798994975	0.0207526613397	-0.000945311262066	-2.5022672677	2.17694982981	-0.284975862133	0.609347988764	-0.248405589264
	 Inner loop 2	379.798994975	0.0207210691791	3.93947498734e-07	-2.50181436862	2.17686423501	-0.284956748352	0.609907275913	-0.248669883272
	 Inner loop 2	379.798994975	0.0207210703932	3.57587874422e-07	-2.50181438604	2.1768642383	-0.284956749087	0.609907254418	-0.248669873115
	 Inner loop 2	379.798994975	0.0207210823338	6.8167693712e-14	-2.50181455736	2.17686427065	-0.284956756315	0.609907043022	-0.248669773218
	 Inner loop 2	379.798994975	0.0207210823338	6.2172489379e-14	-2.50181455736	2.17686427065	-0.284956756315	0.609907043022	-0.248669773218
Outer loop 	159	0.0207210823338	-0.248669773218
	 Inner loop 2	380.804020101	0.0191001948619	0.0015064806169	-2.52335415463	2.17286527981	-0.284041594955	0.636036950385	-0.261017594804
	 Inner loop 2	380.804020101	0.0191048162686	0.00136111662532	-2.52342695394	2.17287785955	-0.284044541781	0.635954752796	-0.260978751913
	 Inner loop 2	380.804020101	0.0191480923365	1.03024136955e-06	-2.52410760133	2.17299565001	-0.284072113605	0.635185095171	-0.260615046259
	 Inner loop 2	380.804020101	0.0191480954975	9.30973877322e-07	-2.52410765098	2.17299565861	-0.284072115617	0.635185038958	-0.260615019695
	 Inner loop 2	380.804020101	0.0191481251421	4.68847183299e-13	-2.52410811658	2.1729957393	-0.28407213449	0.635184511771	-0.26061477057
	 Inner loop 2	380.804020101	0.0191481251421	4.27657909086e-13	-2.52410811658	2.1729957393	-0.28407213449	0.635184511771	-0.26061477057
Outer loop 	160	0.0191481251422	-0.26061477057
	 Inner loop 2	381.809045226	0.0175849907495	0.00289305312116	-2.54401453641	2.16912720794	-0.283146980894	0.660927362482	-0.272559767921
	 Inner loop 2	381.809045226	0.0175937705421	0.00258586236726	-2.54416985036	2.16915136614	-0.283152883787	0.660757230383	-0.272485173832
	 Inner loop 2	381.809045226	0.0176676914262	4.29225170084e-06	-2.54547301836	2.16935472436	-0.283202510557	0.659325096805	-0.271857257645
	 Inner loop 2	381.809045226	0.0176677044571	3.8379194871e-06	-2.54547324738	2.1693547602	-0.283202519294	0.65932484439	-0.271857146974
	 Inner loop 2	381.809045226	0.0176678145343	9.42534938986e-12	-2.54547518201	2.16935506297	-0.283202593098	0.659322712144	-0.271856212095
	 Inner loop 2	381.809045226	0.0176678145343	8.42592662309e-12	-2.54547518201	2.16935506297	-0.283202593098	0.659322712144	-0.271856212094
Outer loop 	161	0.0176678145345	-0.271856212092
	 Inner loop 2	382.814070352	0.0162027769537	0.00449827769655	-2.56388072092	2.16571438665	-0.28229726377	0.684961875729	-0.283097653615
	 Inner loop 2	382.814070352	0.0162163213935	0.00398916678386	-2.56415334058	2.16575194914	-0.282306786789	0.684697345008	-0.282981670633
	 Inner loop 2	382.814070352	0.0163224926494	1.26785303449e-05	-2.56627691996	2.16604627209	-0.282381273469	0.682624599877	-0.282072879553
	 Inner loop 2	382.814070352	0.0163225308539	1.12521499662e-05	-2.56627767987	2.16604637796	-0.28238130022	0.682623854289	-0.282072552651
	 Inner loop 2	382.814070352	0.0163228322343	9.99773597243e-11	-2.56628367442	2.16604721313	-0.282381511253	0.682617972642	-0.282069973855
	 Inner loop 2	382.814070352	0.0163228322346	8.87294682173e-11	-2.56628367443	2.16604721313	-0.282381511253	0.682617972637	-0.282069973852
Outer loop 	162	0.016322832237	-0.282069973832
	 Inner loop 2	383.819095477	0.0149897607092	0.00350801124616	-2.58361361373	2.1627393633	-0.281530971365	0.705913233041	-0.292283735571
	 Inner loop 2	383.819095477	0.0150002191993	0.00308027960681	-2.58385668155	2.16276865665	-0.281538632522	0.705706937031	-0.292193285486
	 Inner loop 2	383.819095477	0.0150755669354	9.32104489604e-06	-2.58559786452	2.16297961067	-0.281593735788	0.704221310678	-0.291541915494
	 Inner loop 2	383.819095477	0.0150755947462	8.19096373628e-06	-2.58559850398	2.16297968851	-0.281593756097	0.704220762535	-0.291541675162
	 Inner loop 2	383.819095477	0.0150757963226	6.54821752377e-11	-2.58560313882	2.16298025266	-0.281593903299	0.704216789523	-0.291539933203
	 Inner loop 2	383.819095477	0.0150757963228	5.75445247009e-11	-2.58560313883	2.16298025266	-0.281593903299	0.704216789519	-0.291539933201
Outer loop 	163	0.0150757963242	-0.291539933189
	 Inner loop 2	384.824120603	0.0138436058516	0.00437234302776	-2.6005755134	2.1599132922	-0.280781042157	0.725815606393	-0.301009892546
	 Inner loop 2	384.824120603	0.0138564622981	0.0037865360473	-2.60093088138	2.15994980308	-0.280790867171	0.725558481526	-0.300897156647
	 Inner loop 2	384.824120603	0.013939622759	1.73858927706e-05	-2.60321060723	2.1601858019	-0.280854287957	0.723896479178	-0.300168454942
	 Inner loop 2	384.824120603	0.0139396739479	1.50763824387e-05	-2.60321200054	2.16018594708	-0.280854326926	0.723895456764	-0.300168006667
	 Inner loop 2	384.824120603	0.0139400081079	2.73829292574e-10	-2.60322109571	2.16018689481	-0.28085458131	0.723888782489	-0.300165080344
	 Inner loop 2	384.824120603	0.0139400081087	2.37455832774e-10	-2.60322109574	2.16018689481	-0.280854581311	0.723888782473	-0.300165080337
Outer loop 	164	0.013940008114	-0.300165080291
	 Inner loop 2	385.829145729	0.0128204820109	0.00478958591567	-2.61542182597	2.15739353699	-0.280094365798	0.742912240701	-0.308790227393
	 Inner loop 2	385.829145729	0.0128343366599	0.00408053095281	-2.61588911729	2.15743353202	-0.280105397663	0.742641513889	-0.30866673336
	 Inner loop 2	385.829145729	0.0129141553493	2.55513625885e-05	-2.61855285753	2.15766369889	-0.280168801761	0.74108351177	-0.307956039197
	 Inner loop 2	385.829145729	0.0129142294088	2.18123119932e-05	-2.61855530697	2.15766391225	-0.280168860471	0.741082067504	-0.307955380384
	 Inner loop 2	385.829145729	0.0129146614482	7.26268600815e-10	-2.61856959542	2.15766515695	-0.280169202961	0.741073642158	-0.307951537101
	 Inner loop 2	385.829145729	0.0129146614503	6.19994944273e-10	-2.61856959549	2.15766515695	-0.280169202963	0.741073642117	-0.307951537082
Outer loop 	165	0.0129146614626	-0.307951536973
	 Inner loop 2	386.834170854	0.0119124091982	0.00680185840707	-2.6270180359	2.15514341915	-0.279466838363	0.758143313522	-0.315737993654
	 Inner loop 2	386.834170854	0.0119315528407	0.00563826813587	-2.62783794952	2.15520021749	-0.279482844746	0.757758844912	-0.315562615461
	 Inner loop 2	386.834170854	0.0120245164086	5.93592858704e-05	-2.63175166789	2.15547543832	-0.279560283179	0.755895872036	-0.314712806636
	 Inner loop 2	386.834170854	0.0120246841316	4.93985175182e-05	-2.63175862982	2.15547593399	-0.279560422464	0.755892516809	-0.314711276124
	 Inner loop 2	386.834170854	0.0120255159373	4.53428006253e-09	-2.63179315165	2.1554783922	-0.279561113212	0.755875877203	-0.314703685845
	 Inner loop 2	386.834170854	0.0120255159501	3.77353248648e-09	-2.63179315218	2.15547839223	-0.279561113223	0.755875876946	-0.314703685728
Outer loop 	166	0.0120255160137	-0.314703685149
	 Inner loop 2	387.83919598	0.0111651707887	0.00848236610166	-2.63654709321	2.15329162786	-0.278940278015	0.770678109473	-0.321455833324
	 Inner loop 2	387.83919598	0.0111881384183	0.00676452531533	-2.6378359987	2.15336245914	-0.278960586874	0.770198651755	-0.321237125149
	 Inner loop 2	387.83919598	0.0112789284213	0.000102468565283	-2.64280912081	2.15364137903	-0.279040429504	0.768310639844	-0.320375894583
	 Inner loop 2	387.83919598	0.0112792077721	8.22756006273e-05	-2.64282413287	2.15364223469	-0.279040674123	0.768304847906	-0.320373252548
	 Inner loop 2	387.83919598	0.0112803460294	1.51187609099e-08	-2.64288528395	2.15364572103	-0.279041670792	0.768281248833	-0.320362487657
	 Inner loop 2	387.83919598	0.0112803460707	1.21403684883e-08	-2.64288528617	2.15364572116	-0.279041670829	0.768281247979	-0.320362487267
	 Inner loop 2	387.83919598	0.0112803462387	6.66133814775e-15	-2.64288529519	2.15364572167	-0.279041670976	0.768281244495	-0.320362485678
	 Inner loop 2	387.83919598	0.0112803462387	4.88498130835e-15	-2.64288529519	2.15364572167	-0.279041670976	0.768281244495	-0.320362485678
Outer loop 	167	0.0112803462387	-0.320362485678
	 Inner loop 2	388.844221106	0.0105695173352	0.0101142215467	-2.64387214947	2.15181305092	-0.278513293221	0.780686613315	-0.326021286207
	 Inner loop 2	388.844221106	0.0105954326174	0.00763268063234	-2.64584190527	2.15189750887	-0.278537839477	0.780114916513	-0.325760502492
	 Inner loop 2	388.844221106	0.0106756643732	0.000153735533041	-2.65174682933	2.15215728317	-0.278613219683	0.778356501376	-0.324958388452
	 Inner loop 2	388.844221106	0.010676062755	0.000117333118926	-2.65177545367	2.15215856692	-0.278613591753	0.77834781162	-0.324954424556
	 Inner loop 2	388.844221106	0.010677346952	3.63486155619e-08	-2.65186768001	2.15216270475	-0.278614790987	0.778319802595	-0.324941648032
	 Inner loop 2	388.844221106	0.0106773470462	2.77464731191e-08	-2.65186768678	2.15216270506	-0.278614791075	0.778319800541	-0.324941647095
	 Inner loop 2	388.844221106	0.0106773473501	7.21644966006e-15	-2.65186770859	2.15216270604	-0.278614791358	0.778319793914	-0.324941644072
	 Inner loop 2	388.844221106	0.0106773473501	8.10462807976e-15	-2.65186770859	2.15216270604	-0.278614791358	0.778319793914	-0.324941644072
Outer loop 	168	0.0106773473501	-0.324941644072
	 Inner loop 2	389.849246231	0.0101138771418	0.0116421573533	-2.64921380682	2.1506796904	-0.278182069564	0.788358343332	-0.329520802466
	 Inner loop 2	389.849246231	0.010141450642	0.00812106616352	-2.65214550775	2.15077690725	-0.278210614743	0.787700281404	-0.329220622662
	 Inner loop 2	389.849246231	0.0102057296482	0.000201253567004	-2.65870604265	2.15100112878	-0.278276355927	0.786182523367	-0.328528286133
	 Inner loop 2	389.849246231	0.0102062148899	0.00014291548573	-2.65875419338	2.15100280933	-0.278276848157	0.786171147699	-0.328523097038
	 Inner loop 2	389.849246231	0.0102074038379	6.25359694029e-08	-2.65887208961	2.15100692631	-0.27827805398	0.786143279813	-0.328510384896
	 Inner loop 2	389.849246231	0.0102074039887	4.44220126239e-08	-2.65887210455	2.15100692683	-0.278278054132	0.786143276278	-0.328510383284
	 Inner loop 2	389.849246231	0.0102074043586	-4.4408920985e-15	-2.65887214121	2.15100692811	-0.278278054508	0.786143267609	-0.328510379329
	 Inner loop 2	389.849246231	0.0102074043586	-3.10862446895e-15	-2.65887214121	2.15100692811	-0.278278054508	0.786143267609	-0.328510379329
Outer loop 	169	0.0102074043586	-0.328510379329
	 Inner loop 2	390.854271357	0.00978077178453	0.0127559708533	-2.65312414709	2.14985115019	-0.277937773547	0.793966741305	-0.332079114587
	 Inner loop 2	390.854271357	0.00980782578923	0.00796806210337	-2.65726604553	2.14995766784	-0.27796928233	0.793245722123	-0.331750216367
	 Inner loop 2	390.854271357	0.00985359667489	0.000220149079898	-2.66393893157	2.15013493506	-0.278021652745	0.792045798332	-0.331202862275
	 Inner loop 2	390.854271357	0.0098540760535	0.000141188654808	-2.66400674394	2.1501367734	-0.278022195412	0.792033354613	-0.331197185981
	 Inner loop 2	390.854271357	0.00985493346314	6.94102757492e-08	-2.66412792945	2.15014006051	-0.278023165729	0.792011104076	-0.331187036234
	 Inner loop 2	390.854271357	0.00985493361435	4.45351185929e-08	-2.66412795081	2.15014006109	-0.2780231659	0.792011100153	-0.331187034444
	 Inner loop 2	390.854271357	0.00985493388507	-6.66133814775e-16	-2.66412798905	2.15014006213	-0.278023166207	0.792011093129	-0.33118703124
	 Inner loop 2	390.854271357	0.00985493388507	-1.55431223448e-15	-2.66412798905	2.15014006213	-0.278023166207	0.792011093129	-0.33118703124
Outer loop 	170	0.00985493388507	-0.33118703124
	 Inner loop 2	391.859296482	0.00954696935202	0.0131080814651	-2.65625992028	2.14927319615	-0.277766286019	0.797861091617	-0.333863683151
	 Inner loop 2	391.859296482	0.00957090155358	0.00704861518442	-2.66166444455	2.14938265407	-0.277798831726	0.797129237388	-0.333525706159
	 Inner loop 2	391.859296482	0.00959939097765	0.000191594979484	-2.66775786124	2.14950997994	-0.277836650276	0.796276126556	-0.333132557711
	 Inner loop 2	391.859296482	0.00959975293903	0.000106606426687	-2.66783314503	2.14951157983	-0.277837125207	0.796265296831	-0.333127617652
	 Inner loop 2	391.859296482	0.00960020711991	4.42412426693e-08	-2.66792753394	2.14951358668	-0.277837720934	0.796251712434	-0.333121421029
	 Inner loop 2	391.859296482	0.00960020720353	2.46291866901e-08	-2.66792755131	2.14951358705	-0.277837721043	0.796251709933	-0.333121419888
	 Inner loop 2	391.859296482	0.00960020730855	7.77156117238e-15	-2.66792757313	2.14951358752	-0.277837721181	0.796251706793	-0.333121418456
	 Inner loop 2	391.859296482	0.00960020730855	3.77475828373e-15	-2.66792757313	2.14951358752	-0.277837721181	0.796251706793	-0.333121418456
Outer loop 	171	0.00960020730855	-0.333121418456
	 Inner loop 2	392.864321608	0.00938795059158	0.0125084061336	-2.6591699799	2.1488871129	-0.277651236528	0.800442509662	-0.335055805671
	 Inner loop 2	392.864321608	0.009406632235	0.00550219816081	-2.66555110102	2.14899156329	-0.277682400787	0.799744136681	-0.334733290626
	 Inner loop 2	392.864321608	0.00942174743925	0.000130743746841	-2.67043167508	2.1490735915	-0.277706854824	0.799195682147	-0.334480009294
	 Inner loop 2	392.864321608	0.00942195119664	6.00115038442e-05	-2.67049587401	2.14907468327	-0.277707180178	0.799188382424	-0.334476638215
	 Inner loop 2	392.864321608	0.00942212412358	1.55039262539e-08	-2.67055032694	2.14907560955	-0.277707456216	0.799182189105	-0.334473778083
	 Inner loop 2	392.864321608	0.00942212414775	7.11947822918e-09	-2.67055033455	2.14907560968	-0.277707456255	0.799182188239	-0.334473777683
	 Inner loop 2	392.864321608	0.00942212416828	-3.33066907388e-16	-2.67055034101	2.14907560979	-0.277707456288	0.799182187504	-0.334473777344
	 Inner loop 2	392.864321608	0.00942212416828	-3.33066907388e-16	-2.67055034101	2.14907560979	-0.277707456288	0.799182187504	-0.334473777344
Outer loop 	172	0.00942212416828	-0.334473777344
	 Inner loop 2	393.869346734	0.00928185104836	0.0111359702017	-2.6620355592	2.14863763207	-0.277576683502	0.802110580835	-0.335826136232
	 Inner loop 2	393.869346734	0.00929466447972	0.0037738670486	-2.66884109789	2.14873062204	-0.277604491203	0.801488834098	-0.335539007889
	 Inner loop 2	393.869346734	0.00930146366208	6.80130982876e-05	-2.67226166176	2.14877828937	-0.277618736758	0.801170122247	-0.335391823834
	 Inner loop 2	393.869346734	0.00930154560692	2.41347469845e-05	-2.67230214103	2.14877885731	-0.277618906452	0.801166324919	-0.335390070193
	 Inner loop 2	393.869346734	0.00930159068903	2.75627098922e-09	-2.6723244034	2.1487791697	-0.27761899979	0.801164236246	-0.335389105625
	 Inner loop 2	393.869346734	0.00930159069235	9.7834929047e-10	-2.67232440504	2.14877916972	-0.277618999796	0.801164236092	-0.335389105554
Outer loop 	173	0.00930159069418	-0.335389105515
	 Inner loop 2	394.874371859	0.00921208600007	0.00913873005651	-2.66495997341	2.14848272967	-0.277530310716	0.803146284512	-0.336304433685
	 Inner loop 2	394.874371859	0.00921963310936	0.00222280716829	-2.6714191189	2.14855904186	-0.277553164063	0.802636048269	-0.336068801911
	 Inner loop 2	394.874371859	0.00922214789385	2.62454472723e-05	-2.67346887369	2.14858356893	-0.277560505953	0.80247205616	-0.335993068851
	 Inner loop 2	394.874371859	0.00922217056019	6.67578800539e-06	-2.67348713157	2.14858378809	-0.277560571549	0.802470590817	-0.335992392142
	 Inner loop 2	394.874371859	0.00922217829314	2.33458807841e-10	-2.67349335964	2.14858386285	-0.277560593926	0.802470090945	-0.335992161297
	 Inner loop 2	394.874371859	0.00922217829334	5.93893823009e-11	-2.6734933598	2.14858386285	-0.277560593926	0.802470090932	-0.335992161291
Outer loop 	174	0.00922217829341	-0.335992161289
	 Inner loop 2	395.879396985	0.00916651361736	0.00699428226557	-2.66766813244	2.14838855597	-0.277502087111	0.803775945847	-0.336595217063
	 Inner loop 2	395.879396985	0.00917031157624	0.00111859122468	-2.6731942152	2.14844696113	-0.277519593744	0.803385439039	-0.336414877439
	 Inner loop 2	395.879396985	0.00917106031812	7.56963663817e-06	-2.67423868075	2.14845808008	-0.277522925567	0.80331109587	-0.336380545082
	 Inner loop 2	395.879396985	0.00917106459828	1.26060837125e-06	-2.67424461141	2.14845814329	-0.277522944507	0.80331067324	-0.336380349907
	 Inner loop 2	395.879396985	0.00917106545353	9.45399314389e-12	-2.67424579641	2.14845815592	-0.277522948291	0.803310588794	-0.33638031091
	 Inner loop 2	395.879396985	0.00917106545353	1.57551749425e-12	-2.67424579642	2.14845815592	-0.277522948291	0.803310588794	-0.336380310909
Outer loop 	175	0.00917106545353	-0.336380310909
	 Inner loop 2	396.884422111	0.00913705305513	0.00503649574821	-2.66996177905	2.14833244899	-0.277485260844	0.80415108666	-0.33676846053
	 Inner loop 2	396.884422111	0.00913864799975	0.00046974996723	-2.6742767691	2.14837450582	-0.277497874306	0.80386988756	-0.336638600207
	 Inner loop 2	396.884422111	0.00913881754535	1.61532638476e-06	-2.67471900762	2.14837883192	-0.277499171501	0.803840962528	-0.336625242362
	 Inner loop 2	396.884422111	0.0091388180756	1.56172117793e-07	-2.67472038603	2.14837884541	-0.277499175546	0.803840872341	-0.336625200713
	 Inner loop 2	396.884422111	0.00913881813235	1.71973546514e-13	-2.67472053356	2.14837884685	-0.277499175979	0.803840862688	-0.336625196255
	 Inner loop 2	396.884422111	0.00913881813235	1.93178806285e-14	-2.67472053356	2.14837884685	-0.277499175979	0.803840862688	-0.336625196255
Outer loop 	176	0.00913881813235	-0.336625196255
	 Inner loop 2	397.889447236	0.00911825985945	0.00344270889535	-2.67175257844	2.14829953778	-0.277475387025	0.804371136582	-0.336870081601
	 Inner loop 2	397.889447236	0.0091187740601	0.00015144459013	-2.67487175149	2.14832828583	-0.277484011996	0.804178922255	-0.336781315263
	 Inner loop 2	397.889447236	0.00911879852982	2.3833991103e-07	-2.67501503917	2.14832960864	-0.277484408814	0.804170077684	-0.336777230759
	 Inner loop 2	397.889447236	0.00911879856669	1.08590825221e-08	-2.67501525474	2.14832961063	-0.277484409411	0.804170064377	-0.336777224613
	 Inner loop 2	397.889447236	0.00911879856845	2.22044604925e-16	-2.67501526503	2.14832961073	-0.27748440944	0.804170063742	-0.33677722432
	 Inner loop 2	397.889447236	0.00911879856845	2.22044604925e-16	-2.67501526503	2.14832961073	-0.27748440944	0.804170063742	-0.33677722432
Outer loop 	177	0.00911879856845	-0.33677722432
	 Inner loop 2	398.894472362	0.00910642452703	0.00225179224498	-2.67305821067	2.14828037461	-0.277469636488	0.804499264795	-0.336929252385
	 Inner loop 2	398.894472362	0.00910650104167	2.253542118e-05	-2.67517490559	2.14829917801	-0.277475279073	0.804373542074	-0.336871192479
	 Inner loop 2	398.894472362	0.0091065018656	1.48576070336e-08	-2.67519628827	2.14829936809	-0.277475336108	0.80437227115	-0.336870605555
	 Inner loop 2	398.894472362	0.00910650186614	1.58487778457e-10	-2.67519630223	2.14829936821	-0.277475336146	0.804372270321	-0.336870605172
Outer loop 	178	0.00910650186614	-0.336870605168
	 Inner loop 2	399.899497487	0.00909902574407	0.00141977807213	-2.67395756408	2.1482691257	-0.277466260433	0.804574476882	-0.336963986016
	 Inner loop 2	399.899497487	0.00909896721367	-1.72386246337e-05	-2.67532360888	2.14828098144	-0.277469818602	0.804495207419	-0.336927378651
	 Inner loop 2	399.899497487	0.00909896790074	-4.4370191965e-09	-2.67530722608	2.14828083922	-0.27746977592	0.804496158345	-0.336927817797
	 Inner loop 2	399.899497487	0.00909896790092	5.27295984654e-11	-2.67530722181	2.14828083918	-0.277469775909	0.804496158592	-0.336927817912
Outer loop 	179	0.00909896790092	-0.33692781791
	 Inner loop 2	400.904522613	0.00909438937828	0.000870449692196	-2.67454769255	2.14826231014	-0.277464214764	0.804620046867	-0.336985030653
	 Inner loop 2	400.904522613	0.00909431249254	-2.26447200584e-05	-2.67539727473	2.14826957876	-0.277466396412	0.804571447666	-0.336962587096
	 Inner loop 2	400.904522613	0.00909431443464	-2.16915052587e-09	-2.67537573545	2.14826939446	-0.277466341097	0.804572679915	-0.33696315616
	 Inner loop 2	400.904522613	0.00909431443483	5.62246915692e-11	-2.67537573333	2.14826939444	-0.277466341092	0.804572680037	-0.336963156216
Outer loop 	180	0.00909431443483	-0.336963156215
	 Inner loop 2	401.909547739	0.00909144375015	0.000525072469267	-2.67491917279	2.14825794971	-0.277462905928	0.804649201478	-0.336998494519
	 Inner loop 2	401.909547739	0.00909138219825	-1.81285335973e-05	-2.67543612628	2.14826233428	-0.277464222009	0.804619885478	-0.336984956122
	 Inner loop 2	401.909547739	0.0090913842503	-6.33660901528e-10	-2.67541887435	2.14826218795	-0.277464178087	0.804620863857	-0.336985407946
	 Inner loop 2	401.909547739	0.00909138425037	2.18532969498e-11	-2.67541887373	2.14826218795	-0.277464178086	0.804620863892	-0.336985407962
Outer loop 	181	0.00909138425037	-0.336985407962
	 Inner loop 2	402.914572864	0.00908952743997	0.000316134756392	-2.6751458795	2.14825498145	-0.277462014943	0.804669047748	-0.337007659709
	 Inner loop 2	402.914572864	0.00908948478718	-1.25622839732e-05	-2.67545877346	2.14825762131	-0.277462807353	0.80465139722	-0.336999508533
	 Inner loop 2	402.914572864	0.00908948641676	-1.61792912401e-10	-2.6754468153	2.14825752042	-0.277462777069	0.804652071796	-0.336999820058
	 Inner loop 2	402.914572864	0.00908948641678	6.42519371041e-12	-2.67544681514	2.14825752041	-0.277462777068	0.804652071805	-0.336999820063
Outer loop 	182	0.00908948641678	-0.336999820063
	 Inner loop 2	403.91959799	0.00908824262192	0.000192630306826	-2.6752821263	2.14825285288	-0.277461375993	0.804683279718	-0.337014232163
	 Inner loop 2	403.91959799	0.00908821451708	-8.27755847621e-06	-2.67547340487	2.14825446142	-0.277461858843	0.804672524726	-0.337009265409
	 Inner loop 2	403.91959799	0.00908821567488	-4.0665248946e-11	-2.67546552408	2.14825439515	-0.27746183895	0.80467296784	-0.337009470043
	 Inner loop 2	403.91959799	0.00908821567489	1.74849024148e-12	-2.67546552404	2.14825439515	-0.27746183895	0.804672967843	-0.337009470045
Outer loop 	183	0.00908821567488	-0.337009470044
	 Inner loop 2	404.924623116	0.0090873524968	0.000120037449396	-2.67536419551	2.14825126989	-0.277460900805	0.804693863881	-0.337019120026
	 Inner loop 2	404.924623116	0.00908733414595	-5.40477073974e-06	-2.67548363724	2.14825227225	-0.277461201698	0.804687161915	-0.337016024997
	 Inner loop 2	404.924623116	0.00908733493657	-1.06628039731e-11	-2.67547849101	2.14825222906	-0.277461188734	0.804687450674	-0.337016158349
	 Inner loop 2	404.924623116	0.00908733493658	4.8150372578e-13	-2.675478491	2.14825222906	-0.277461188734	0.804687450674	-0.337016158349
Outer loop 	184	0.00908733493658	-0.337016158349
	 Inner loop 2	405.929648241	0.00908671549896	7.69594063813e-05	-2.67541449857	2.14825006298	-0.277460538506	0.804701933506	-0.337022846654
	 Inner loop 2	405.929648241	0.00908670338288	-3.56848089089e-06	-2.67549117937	2.14825070562	-0.277460731419	0.804697636686	-0.337020862343
	 Inner loop 2	405.929648241	0.00908670391977	-2.998157278e-12	-2.67548778137	2.14825067714	-0.277460722871	0.804697827094	-0.337020950275
	 Inner loop 2	405.929648241	0.00908670391977	1.38888900381e-13	-2.67548778136	2.14825067714	-0.277460722871	0.804697827094	-0.337020950275
Outer loop 	185	0.00908670391977	-0.337020950275
	 Inner loop 2	406.934673367	0.00908412979613	-0.000572292203858	-2.67606936393	2.14824912522	-0.277460257001	0.804708203514	-0.3370257422
	 Inner loop 2	406.934673367	0.00908422692941	2.86081129013e-05	-2.67549707173	2.14824434634	-0.277458822396	0.804740155899	-0.337040498105
	 Inner loop 2	406.934673367	0.00908422230502	-1.36934907857e-12	-2.67552431785	2.14824457386	-0.277458890697	0.804738634686	-0.337039795595
	 Inner loop 2	406.934673367	0.00908422230502	6.80566714095e-14	-2.67552431785	2.14824457386	-0.277458890697	0.804738634686	-0.337039795595
Outer loop 	186	0.00908422230502	-0.337039795595
	 Inner loop 2	407.939698492	0.00908434635787	0.000767432457764	-2.67479342197	2.14823847057	-0.277457058425	0.804779442278	-0.337058640915
	 Inner loop 2	407.939698492	0.00908421610378	-3.83629959483e-05	-2.67556085443	2.14824487895	-0.277458982287	0.804736594765	-0.337038853541
	 Inner loop 2	407.939698492	0.00908422230502	-2.46302978013e-12	-2.67552431785	2.14824457386	-0.277458890697	0.804738634686	-0.337039795595
	 Inner loop 2	407.939698492	0.00908422230502	1.22235555011e-13	-2.67552431785	2.14824457386	-0.277458890697	0.804738634686	-0.337039795595
Outer loop 	187	0.00908422230502	-0.337039795595
	 Inner loop 2	408.944723618	0.00908422230502	-8.881784197e-16	-2.67552431785	2.14824457386	-0.277458890697	0.804738634686	-0.337039795595
	 Inner loop 2	408.944723618	0.00908422230502	4.4408920985e-16	-2.67552431785	2.14824457386	-0.277458890697	0.804738634686	-0.337039795595
Outer loop 	188	0.00908422230502	-0.337039795595
	 Inner loop 2	409.949748744	0.00908422230502	4.4408920985e-16	-2.67552431785	2.14824457386	-0.277458890697	0.804738634686	-0.337039795595
	 Inner loop 2	409.949748744	0.00908422230502	-4.4408920985e-16	-2.67552431785	2.14824457386	-0.277458890697	0.804738634686	-0.337039795595
Outer loop 	189	0.00908422230502	-0.337039795595
	 Inner loop 2	410.954773869	0.00908422230502	8.881784197e-16	-2.67552431785	2.14824457386	-0.277458890697	0.804738634686	-0.337039795595
	 Inner loop 2	410.954773869	0.00908422230502	4.4408920985e-16	-2.67552431785	2.14824457386	-0.277458890697	0.804738634686	-0.337039795595
Outer loop 	190	0.00908422230502	-0.337039795595
	 Inner loop 2	411.959798995	0.00908422230502	-8.881784197e-16	-2.67552431785	2.14824457386	-0.277458890697	0.804738634686	-0.337039795595
	 Inner loop 2	411.959798995	0.00908422230502	4.4408920985e-16	-2.67552431785	2.14824457386	-0.277458890697	0.804738634686	-0.337039795595
Outer loop 	191	0.00908422230502	-0.337039795595
	 Inner loop 2	412.964824121	0.00908422230502	-4.4408920985e-16	-2.67552431785	2.14824457386	-0.277458890697	0.804738634686	-0.337039795595
	 Inner loop 2	412.964824121	0.00908422230502	4.4408920985e-16	-2.67552431785	2.14824457386	-0.277458890697	0.804738634686	-0.337039795595
Outer loop 	192	0.00908422230502	-0.337039795595
	 Inner loop 2	413.969849246	0.00908422230502	8.881784197e-16	-2.67552431785	2.14824457386	-0.277458890697	0.804738634686	-0.337039795595
	 Inner loop 2	413.969849246	0.00908422230502	4.4408920985e-16	-2.67552431785	2.14824457386	-0.277458890697	0.804738634686	-0.337039795595
Outer loop 	193	0.00908422230502	-0.337039795595
	 Inner loop 2	414.974874372	0.00908422230502	-8.881784197e-16	-2.67552431785	2.14824457386	-0.277458890697	0.804738634686	-0.337039795595
	 Inner loop 2	414.974874372	0.00908422230502	4.4408920985e-16	-2.67552431785	2.14824457386	-0.277458890697	0.804738634686	-0.337039795595
Outer loop 	194	0.00908422230502	-0.337039795595
	 Inner loop 2	415.979899497	0.00908422230502	-4.4408920985e-16	-2.67552431785	2.14824457386	-0.277458890697	0.804738634686	-0.337039795595
	 Inner loop 2	415.979899497	0.00908422230502	4.4408920985e-16	-2.67552431785	2.14824457386	-0.277458890697	0.804738634686	-0.337039795595
Outer loop 	195	0.00908422230502	-0.337039795595
	 Inner loop 2	416.984924623	0.00908422230502	8.881784197e-16	-2.67552431785	2.14824457386	-0.277458890697	0.804738634686	-0.337039795595
	 Inner loop 2	416.984924623	0.00908422230502	4.4408920985e-16	-2.67552431785	2.14824457386	-0.277458890697	0.804738634686	-0.337039795595
Outer loop 	196	0.00908422230502	-0.337039795595
	 Inner loop 2	417.989949749	0.00908422230502	-8.881784197e-16	-2.67552431785	2.14824457386	-0.277458890697	0.804738634686	-0.337039795595
	 Inner loop 2	417.989949749	0.00908422230502	4.4408920985e-16	-2.67552431785	2.14824457386	-0.277458890697	0.804738634686	-0.337039795595
Outer loop 	197	0.00908422230502	-0.337039795595
	 Inner loop 2	418.994974874	0.00908422230502	-4.4408920985e-16	-2.67552431785	2.14824457386	-0.277458890697	0.804738634686	-0.337039795595
	 Inner loop 2	418.994974874	0.00908422230502	4.4408920985e-16	-2.67552431785	2.14824457386	-0.277458890697	0.804738634686	-0.337039795595
Outer loop 	198	0.00908422230502	-0.337039795595
	 Inner loop 2	420.0	0.00908422230502	8.881784197e-16	-2.67552431785	2.14824457386	-0.277458890697	0.804738634686	-0.337039795595
	 Inner loop 2	420.0	0.00908422230502	4.4408920985e-16	-2.67552431785	2.14824457386	-0.277458890697	0.804738634686	-0.337039795595
Outer loop 	199	0.00908422230502	-0.337039795595
