     0.748740    0.250000
     0.747863    0.243723
     0.746349    0.232775
     0.744606    0.219992
     0.742685    0.205666
     0.740656    0.190264
     0.738582    0.174222
     0.736503    0.157837
     0.734442    0.141275
     0.732409    0.124624
     0.730410    0.107926
     0.728446    0.091202
     0.726518    0.074462
     0.724627    0.057711
     0.722772    0.040953
     0.722067    0.034457
     0.707119    0.035943
     0.690352    0.037571
     0.673589    0.039159
     0.656830    0.040706
     0.640077    0.042211
     0.623332    0.043672
     0.606594    0.045088
     0.589867    0.046458
     0.573152    0.047778
     0.556449    0.049048
     0.539761    0.050265
     0.523090    0.051426
     0.506436    0.052530
     0.489803    0.053572
     0.473192    0.054551
     0.456605    0.055463
     0.440044    0.056305
     0.423513    0.057072
     0.407014    0.057761
     0.390549    0.058368
     0.374123    0.058888
     0.357739    0.059317
     0.341401    0.059648
     0.325114    0.059878
     0.308883    0.059999
     0.292715    0.060006
     0.276617    0.059891
     0.260598    0.059649
     0.244668    0.059270
     0.228839    0.058747
     0.213128    0.058070
     0.197554    0.057232
     0.182143    0.056222
     0.166928    0.055030
     0.151958    0.053649
     0.137297    0.052071
     0.123034    0.050294
     0.109290    0.048323
     0.096218    0.046177
     0.083993    0.043888
     0.072782    0.041503
     0.062705    0.039079
     0.053802    0.036668
     0.046033    0.034310
     0.039294    0.032026
     0.033459    0.029826
     0.028396    0.027706
     0.023986    0.025657
     0.020129    0.023668
     0.016743    0.021726
     0.013763    0.019819
     0.011140    0.017934
     0.008834    0.016059
     0.006820    0.014186
     0.005078    0.012305
     0.003599    0.010412
     0.002378    0.008506
     0.001413    0.006590
     0.000704    0.004674
     0.000246    0.002774
     0.000026    0.000910
     0.000026    -0.000910
     0.000246    -0.002774
     0.000704    -0.004674
     0.001413    -0.006590
     0.002378    -0.008506
     0.003599    -0.010412
     0.005078    -0.012305
     0.006820    -0.014186
     0.008834    -0.016059
     0.011140    -0.017934
     0.013763    -0.019819
     0.016743    -0.021726
     0.020129    -0.023668
     0.023986    -0.025657
     0.028396    -0.027706
     0.033459    -0.029826
     0.039295    -0.032026
     0.046033    -0.034310
     0.053802    -0.036668
     0.062705    -0.039079
     0.072782    -0.041503
     0.083993    -0.043888
     0.096218    -0.046177
     0.109290    -0.048323
     0.123034    -0.050294
     0.137297    -0.052071
     0.151958    -0.053649
     0.166928    -0.055030
     0.182143    -0.056222
     0.197554    -0.057232
     0.213128    -0.058070
     0.228839    -0.058747
     0.244668    -0.059270
     0.260598    -0.059649
     0.276617    -0.059891
     0.292715    -0.060006
     0.308883    -0.059999
     0.325114    -0.059878
     0.341401    -0.059648
     0.357739    -0.059317
     0.374123    -0.058888
     0.390549    -0.058368
     0.407014    -0.057761
     0.423513    -0.057072
     0.440044    -0.056305
     0.456605    -0.055463
     0.473192    -0.054551
     0.489803    -0.053572
     0.506436    -0.052530
     0.523090    -0.051426
     0.539761    -0.050265
     0.556449    -0.049048
     0.573152    -0.047778
     0.589867    -0.046458
     0.606594    -0.045088
     0.623332    -0.043672
     0.640078    -0.042211
     0.656830    -0.040706
     0.673589    -0.039159
     0.690352    -0.037571
     0.707119    -0.035943
     0.723887    -0.034276
     0.740656    -0.032570
     0.750000    -0.031598
     0.752609    -0.031490
     0.755201    -0.031167
     0.757757    -0.030631
     0.760260    -0.029886
     0.762693    -0.028937
     0.765039    -0.027790
     0.767283    -0.026453
     0.769408    -0.024935
     0.771401    -0.023248
     0.773248    -0.021401
     0.774935    -0.019408
     0.776453    -0.017283
     0.777790    -0.015039
     0.778937    -0.012693
     0.779886    -0.010260
     0.780631    -0.007757
     0.781167    -0.005201
     0.781490    -0.002609
     0.781598    -0.000000
     0.780826    0.007424
     0.779046    0.024190
     0.777228    0.040953
     0.775373    0.057711
     0.773482    0.074462
     0.771554    0.091202
     0.769590    0.107926
     0.767591    0.124624
     0.765558    0.141275
     0.763497    0.157837
     0.761418    0.174222
     0.759344    0.190264
     0.757315    0.205666
     0.755394    0.219992
     0.753651    0.232775
     0.752137    0.243723
     0.751260    0.250000
