	 Inner loop 	221.005025126	0.0534667495467	-4.22852399797e-16	-0.940627163397	1.23452697584	-0.294	0.00010018756115	0.0
	 Inner loop 	221.005025126	0.0534667495467	5.76348322366e-16	-0.940627163397	1.23452697584	-0.294	0.00010018756115	0.0
Outer loop 	1	0.0534667495467	0.0
	 Inner loop 	222.010050251	0.0534667495467	1.46452674207e-15	-0.940627163397	1.23452697584	-0.294	0.00010018756115	0.0
	 Inner loop 	222.010050251	0.0534667495467	5.76348322366e-16	-0.940627163397	1.23452697584	-0.294	0.00010018756115	0.0
Outer loop 	2	0.0534667495467	0.0
	 Inner loop 	223.015075377	0.0534667495467	-1.53307542442e-15	-0.940627163397	1.23452697584	-0.294	0.00010018756115	0.0
	 Inner loop 	223.015075377	0.0534667495467	5.76348322366e-16	-0.940627163397	1.23452697584	-0.294	0.00010018756115	0.0
Outer loop 	3	0.0534667495467	0.0
	 Inner loop 	224.020100503	0.0534667495467	-4.22852399797e-16	-0.940627163397	1.23452697584	-0.294	0.00010018756115	0.0
	 Inner loop 	224.020100503	0.0534667495467	5.76348322366e-16	-0.940627163397	1.23452697584	-0.294	0.00010018756115	0.0
Outer loop 	4	0.0534667495467	0.0
	 Inner loop 	225.025125628	0.0534667495467	1.46452674207e-15	-0.940627163397	1.23452697584	-0.294	0.00010018756115	0.0
	 Inner loop 	225.025125628	0.0534667495467	5.76348322366e-16	-0.940627163397	1.23452697584	-0.294	0.00010018756115	0.0
Outer loop 	5	0.0534667495467	0.0
	 Inner loop 	226.030150754	0.0534667495467	-1.53307542442e-15	-0.940627163397	1.23452697584	-0.294	0.00010018756115	0.0
	 Inner loop 	226.030150754	0.0534667495467	5.76348322366e-16	-0.940627163397	1.23452697584	-0.294	0.00010018756115	0.0
Outer loop 	6	0.0534667495467	0.0
	 Inner loop 	227.035175879	0.0534667495467	-4.22852399797e-16	-0.940627163397	1.23452697584	-0.294	0.00010018756115	0.0
	 Inner loop 	227.035175879	0.0534667495467	5.76348322366e-16	-0.940627163397	1.23452697584	-0.294	0.00010018756115	0.0
Outer loop 	7	0.0534667495467	0.0
	 Inner loop 	228.040201005	0.0534667495467	1.46452674207e-15	-0.940627163397	1.23452697584	-0.294	0.00010018756115	0.0
	 Inner loop 	228.040201005	0.0534667495467	5.76348322366e-16	-0.940627163397	1.23452697584	-0.294	0.00010018756115	0.0
Outer loop 	8	0.0534667495467	0.0
	 Inner loop 	229.045226131	0.0534667495467	-1.53307542442e-15	-0.940627163397	1.23452697584	-0.294	0.00010018756115	0.0
	 Inner loop 	229.045226131	0.0534667495467	5.76348322366e-16	-0.940627163397	1.23452697584	-0.294	0.00010018756115	0.0
Outer loop 	9	0.0534667495467	0.0
	 Inner loop 	230.050251256	0.0534667495467	-4.22852399797e-16	-0.940627163397	1.23452697584	-0.294	0.00010018756115	0.0
	 Inner loop 	230.050251256	0.0534667495467	5.76348322366e-16	-0.940627163397	1.23452697584	-0.294	0.00010018756115	0.0
Outer loop 	10	0.0534667495467	0.0
	 Inner loop 	231.055276382	0.0534667495467	1.46452674207e-15	-0.940627163397	1.23452697584	-0.294	0.00010018756115	0.0
	 Inner loop 	231.055276382	0.0534667495467	5.76348322366e-16	-0.940627163397	1.23452697584	-0.294	0.00010018756115	0.0
Outer loop 	11	0.0534667495467	0.0
	 Inner loop 	232.060301508	0.0534667495467	-1.53307542442e-15	-0.940627163397	1.23452697584	-0.294	0.00010018756115	0.0
	 Inner loop 	232.060301508	0.0534667495467	5.76348322366e-16	-0.940627163397	1.23452697584	-0.294	0.00010018756115	0.0
Outer loop 	12	0.0534667495467	0.0
	 Inner loop 	233.065326633	0.0534667495467	-4.22852399797e-16	-0.940627163397	1.23452697584	-0.294	0.00010018756115	0.0
	 Inner loop 	233.065326633	0.0534667495467	5.76348322366e-16	-0.940627163397	1.23452697584	-0.294	0.00010018756115	0.0
Outer loop 	13	0.0534667495467	0.0
	 Inner loop 	234.070351759	0.0534667495467	1.46452674207e-15	-0.940627163397	1.23452697584	-0.294	0.00010018756115	0.0
	 Inner loop 	234.070351759	0.0534667495467	5.76348322366e-16	-0.940627163397	1.23452697584	-0.294	0.00010018756115	0.0
Outer loop 	14	0.0534667495467	0.0
	 Inner loop 	235.075376884	0.0534667495467	-1.53307542442e-15	-0.940627163397	1.23452697584	-0.294	0.00010018756115	0.0
	 Inner loop 	235.075376884	0.0534667495467	5.76348322366e-16	-0.940627163397	1.23452697584	-0.294	0.00010018756115	0.0
Outer loop 	15	0.0534667495467	0.0
	 Inner loop 	236.08040201	0.0534667495467	-4.22852399797e-16	-0.940627163397	1.23452697584	-0.294	0.00010018756115	0.0
	 Inner loop 	236.08040201	0.0534667495467	5.76348322366e-16	-0.940627163397	1.23452697584	-0.294	0.00010018756115	0.0
Outer loop 	16	0.0534667495467	0.0
	 Inner loop 	237.085427136	0.0534667495467	1.46452674207e-15	-0.940627163397	1.23452697584	-0.294	0.00010018756115	0.0
	 Inner loop 	237.085427136	0.0534667495467	5.76348322366e-16	-0.940627163397	1.23452697584	-0.294	0.00010018756115	0.0
Outer loop 	17	0.0534667495467	0.0
	 Inner loop 	238.090452261	0.0534667495467	-1.53307542442e-15	-0.940627163397	1.23452697584	-0.294	0.00010018756115	0.0
	 Inner loop 	238.090452261	0.0534667495467	5.76348322366e-16	-0.940627163397	1.23452697584	-0.294	0.00010018756115	0.0
Outer loop 	18	0.0534667495467	0.0
	 Inner loop 	239.095477387	0.0534667495467	-4.22852399797e-16	-0.940627163397	1.23452697584	-0.294	0.00010018756115	0.0
	 Inner loop 	239.095477387	0.0534667495467	5.76348322366e-16	-0.940627163397	1.23452697584	-0.294	0.00010018756115	0.0
Outer loop 	19	0.0534667495467	0.0
	 Inner loop 	240.100502513	0.0534667495467	1.46452674207e-15	-0.940627163397	1.23452697584	-0.294	0.00010018756115	0.0
	 Inner loop 	240.100502513	0.0534667495467	5.76348322366e-16	-0.940627163397	1.23452697584	-0.294	0.00010018756115	0.0
Outer loop 	20	0.0534667495467	0.0
	 Inner loop 	241.105527638	0.0534667495467	-1.53307542442e-15	-0.940627163397	1.23452697584	-0.294	0.00010018756115	0.0
	 Inner loop 	241.105527638	0.0534667495467	5.76348322366e-16	-0.940627163397	1.23452697584	-0.294	0.00010018756115	0.0
Outer loop 	21	0.0534667495467	0.0
	 Inner loop 	242.110552764	0.0534667495467	-4.22852399797e-16	-0.940627163397	1.23452697584	-0.294	0.00010018756115	0.0
	 Inner loop 	242.110552764	0.0534667495467	5.76348322366e-16	-0.940627163397	1.23452697584	-0.294	0.00010018756115	0.0
Outer loop 	22	0.0534667495467	0.0
	 Inner loop 	243.115577889	0.0534667495467	1.46452674207e-15	-0.940627163397	1.23452697584	-0.294	0.00010018756115	0.0
	 Inner loop 	243.115577889	0.0534667495467	5.76348322366e-16	-0.940627163397	1.23452697584	-0.294	0.00010018756115	0.0
Outer loop 	23	0.0534667495467	0.0
	 Inner loop 	244.120603015	0.0534667495467	-1.53307542442e-15	-0.940627163397	1.23452697584	-0.294	0.00010018756115	0.0
	 Inner loop 	244.120603015	0.0534667495467	5.76348322366e-16	-0.940627163397	1.23452697584	-0.294	0.00010018756115	0.0
Outer loop 	24	0.0534667495467	0.0
	 Inner loop 	245.125628141	0.0534667495467	-4.22852399797e-16	-0.940627163397	1.23452697584	-0.294	0.00010018756115	0.0
	 Inner loop 	245.125628141	0.0534667495467	5.76348322366e-16	-0.940627163397	1.23452697584	-0.294	0.00010018756115	0.0
Outer loop 	25	0.0534667495467	0.0
	 Inner loop 	246.130653266	0.0534667495467	1.46452674207e-15	-0.940627163397	1.23452697584	-0.294	0.00010018756115	0.0
	 Inner loop 	246.130653266	0.0534667495467	5.76348322366e-16	-0.940627163397	1.23452697584	-0.294	0.00010018756115	0.0
Outer loop 	26	0.0534667495467	0.0
	 Inner loop 	247.135678392	0.0534667495467	-1.53307542442e-15	-0.940627163397	1.23452697584	-0.294	0.00010018756115	0.0
	 Inner loop 	247.135678392	0.0534667495467	5.76348322366e-16	-0.940627163397	1.23452697584	-0.294	0.00010018756115	0.0
Outer loop 	27	0.0534667495467	0.0
	 Inner loop 	248.140703518	0.0534667495467	-4.22852399797e-16	-0.940627163397	1.23452697584	-0.294	0.00010018756115	0.0
	 Inner loop 	248.140703518	0.0534667495467	5.76348322366e-16	-0.940627163397	1.23452697584	-0.294	0.00010018756115	0.0
Outer loop 	28	0.0534667495467	0.0
	 Inner loop 	249.145728643	0.0534667495467	1.46452674207e-15	-0.940627163397	1.23452697584	-0.294	0.00010018756115	0.0
	 Inner loop 	249.145728643	0.0534667495467	5.76348322366e-16	-0.940627163397	1.23452697584	-0.294	0.00010018756115	0.0
Outer loop 	29	0.0534667495467	0.0
	 Inner loop 	250.150753769	0.0534667495467	-1.53307542442e-15	-0.940627163397	1.23452697584	-0.294	0.00010018756115	0.0
	 Inner loop 	250.150753769	0.0534667495467	5.76348322366e-16	-0.940627163397	1.23452697584	-0.294	0.00010018756115	0.0
Outer loop 	30	0.0534667495467	0.0
	 Inner loop 	251.155778894	0.0534667495467	-4.22852399797e-16	-0.940627163397	1.23452697584	-0.294	0.00010018756115	0.0
	 Inner loop 	251.155778894	0.0534667495467	5.76348322366e-16	-0.940627163397	1.23452697584	-0.294	0.00010018756115	0.0
Outer loop 	31	0.0534667495467	0.0
	 Inner loop 	252.16080402	0.0534667495467	1.46452674207e-15	-0.940627163397	1.23452697584	-0.294	0.00010018756115	0.0
	 Inner loop 	252.16080402	0.0534667495467	5.76348322366e-16	-0.940627163397	1.23452697584	-0.294	0.00010018756115	0.0
Outer loop 	32	0.0534667495467	0.0
	 Inner loop 	253.165829146	0.0534667495467	-1.53307542442e-15	-0.940627163397	1.23452697584	-0.294	0.00010018756115	0.0
	 Inner loop 	253.165829146	0.0534667495467	5.76348322366e-16	-0.940627163397	1.23452697584	-0.294	0.00010018756115	0.0
Outer loop 	33	0.0534667495467	0.0
	 Inner loop 	254.170854271	0.0534667495467	-4.22852399797e-16	-0.940627163397	1.23452697584	-0.294	0.00010018756115	0.0
	 Inner loop 	254.170854271	0.0534667495467	5.76348322366e-16	-0.940627163397	1.23452697584	-0.294	0.00010018756115	0.0
Outer loop 	34	0.0534667495467	0.0
	 Inner loop 	255.175879397	0.0534667495467	1.46452674207e-15	-0.940627163397	1.23452697584	-0.294	0.00010018756115	0.0
	 Inner loop 	255.175879397	0.0534667495467	5.76348322366e-16	-0.940627163397	1.23452697584	-0.294	0.00010018756115	0.0
Outer loop 	35	0.0534667495467	0.0
	 Inner loop 	256.180904523	0.0534667495467	-1.53307542442e-15	-0.940627163397	1.23452697584	-0.294	0.00010018756115	0.0
	 Inner loop 	256.180904523	0.0534667495467	5.76348322366e-16	-0.940627163397	1.23452697584	-0.294	0.00010018756115	0.0
Outer loop 	36	0.0534667495467	0.0
	 Inner loop 	257.185929648	0.0534667495467	-4.22852399797e-16	-0.940627163397	1.23452697584	-0.294	0.00010018756115	0.0
	 Inner loop 	257.185929648	0.0534667495467	5.76348322366e-16	-0.940627163397	1.23452697584	-0.294	0.00010018756115	0.0
Outer loop 	37	0.0534667495467	0.0
	 Inner loop 	258.190954774	0.0534667495467	1.46452674207e-15	-0.940627163397	1.23452697584	-0.294	0.00010018756115	0.0
	 Inner loop 	258.190954774	0.0534667495467	5.76348322366e-16	-0.940627163397	1.23452697584	-0.294	0.00010018756115	0.0
Outer loop 	38	0.0534667495467	0.0
	 Inner loop 	259.195979899	0.0534667495467	-1.53307542442e-15	-0.940627163397	1.23452697584	-0.294	0.00010018756115	0.0
	 Inner loop 	259.195979899	0.0534667495467	5.76348322366e-16	-0.940627163397	1.23452697584	-0.294	0.00010018756115	0.0
Outer loop 	39	0.0534667495467	0.0
	 Inner loop 	260.201005025	0.0534667495467	-4.22852399797e-16	-0.940627163397	1.23452697584	-0.294	0.00010018756115	0.0
	 Inner loop 	260.201005025	0.0534667495467	5.76348322366e-16	-0.940627163397	1.23452697584	-0.294	0.00010018756115	0.0
Outer loop 	40	0.0534667495467	0.0
	 Inner loop 	261.206030151	0.0534667495467	1.46452674207e-15	-0.940627163397	1.23452697584	-0.294	0.00010018756115	0.0
	 Inner loop 	261.206030151	0.0534667495467	5.76348322366e-16	-0.940627163397	1.23452697584	-0.294	0.00010018756115	0.0
Outer loop 	41	0.0534667495467	0.0
	 Inner loop 	262.211055276	0.0534667495467	-1.53307542442e-15	-0.940627163397	1.23452697584	-0.294	0.00010018756115	0.0
	 Inner loop 	262.211055276	0.0534667495467	5.76348322366e-16	-0.940627163397	1.23452697584	-0.294	0.00010018756115	0.0
Outer loop 	42	0.0534667495467	0.0
	 Inner loop 	263.216080402	0.0534667495467	-4.22852399797e-16	-0.940627163397	1.23452697584	-0.294	0.00010018756115	0.0
	 Inner loop 	263.216080402	0.0534667495467	5.76348322366e-16	-0.940627163397	1.23452697584	-0.294	0.00010018756115	0.0
Outer loop 	43	0.0534667495467	0.0
	 Inner loop 	264.221105528	0.0534667495467	1.46452674207e-15	-0.940627163397	1.23452697584	-0.294	0.00010018756115	0.0
	 Inner loop 	264.221105528	0.0534667495467	5.76348322366e-16	-0.940627163397	1.23452697584	-0.294	0.00010018756115	0.0
Outer loop 	44	0.0534667495467	0.0
	 Inner loop 	265.226130653	0.0534667495467	-1.53307542442e-15	-0.940627163397	1.23452697584	-0.294	0.00010018756115	0.0
	 Inner loop 	265.226130653	0.0534667495467	5.76348322366e-16	-0.940627163397	1.23452697584	-0.294	0.00010018756115	0.0
Outer loop 	45	0.0534667495467	0.0
	 Inner loop 	266.231155779	0.0534667495467	-4.22852399797e-16	-0.940627163397	1.23452697584	-0.294	0.00010018756115	0.0
	 Inner loop 	266.231155779	0.0534667495467	5.76348322366e-16	-0.940627163397	1.23452697584	-0.294	0.00010018756115	0.0
Outer loop 	46	0.0534667495467	0.0
	 Inner loop 	267.236180905	0.0534667495467	1.46452674207e-15	-0.940627163397	1.23452697584	-0.294	0.00010018756115	0.0
	 Inner loop 	267.236180905	0.0534667495467	5.76348322366e-16	-0.940627163397	1.23452697584	-0.294	0.00010018756115	0.0
Outer loop 	47	0.0534667495467	0.0
	 Inner loop 	268.24120603	0.0534667495467	-1.53307542442e-15	-0.940627163397	1.23452697584	-0.294	0.00010018756115	0.0
	 Inner loop 	268.24120603	0.0534667495467	5.76348322366e-16	-0.940627163397	1.23452697584	-0.294	0.00010018756115	0.0
Outer loop 	48	0.0534667495467	0.0
	 Inner loop 	269.246231156	0.0534667495467	-4.22852399797e-16	-0.940627163397	1.23452697584	-0.294	0.00010018756115	0.0
	 Inner loop 	269.246231156	0.0534667495467	5.76348322366e-16	-0.940627163397	1.23452697584	-0.294	0.00010018756115	0.0
Outer loop 	49	0.0534667495467	0.0
	 Inner loop 	270.251256281	0.0534667495467	1.46452674207e-15	-0.940627163397	1.23452697584	-0.294	0.00010018756115	0.0
	 Inner loop 	270.251256281	0.0534667495467	5.76348322366e-16	-0.940627163397	1.23452697584	-0.294	0.00010018756115	0.0
Outer loop 	50	0.0534667495467	0.0
	 Inner loop 	271.256281407	0.0534667495467	-1.53307542442e-15	-0.940627163397	1.23452697584	-0.294	0.00010018756115	0.0
	 Inner loop 	271.256281407	0.0534667495467	5.76348322366e-16	-0.940627163397	1.23452697584	-0.294	0.00010018756115	0.0
Outer loop 	51	0.0534667495467	0.0
	 Inner loop 	272.261306533	0.0534667495467	-4.22852399797e-16	-0.940627163397	1.23452697584	-0.294	0.00010018756115	0.0
	 Inner loop 	272.261306533	0.0534667495467	5.76348322366e-16	-0.940627163397	1.23452697584	-0.294	0.00010018756115	0.0
Outer loop 	52	0.0534667495467	0.0
	 Inner loop 	273.266331658	0.0534667495467	1.46452674207e-15	-0.940627163397	1.23452697584	-0.294	0.00010018756115	0.0
	 Inner loop 	273.266331658	0.0534667495467	5.76348322366e-16	-0.940627163397	1.23452697584	-0.294	0.00010018756115	0.0
Outer loop 	53	0.0534667495467	0.0
	 Inner loop 	274.271356784	0.0534667495467	-1.53307542442e-15	-0.940627163397	1.23452697584	-0.294	0.00010018756115	0.0
	 Inner loop 	274.271356784	0.0534667495467	5.76348322366e-16	-0.940627163397	1.23452697584	-0.294	0.00010018756115	0.0
Outer loop 	54	0.0534667495467	0.0
	 Inner loop 	275.27638191	0.0534667495467	-4.22852399797e-16	-0.940627163397	1.23452697584	-0.294	0.00010018756115	0.0
	 Inner loop 	275.27638191	0.0534667495467	5.76348322366e-16	-0.940627163397	1.23452697584	-0.294	0.00010018756115	0.0
Outer loop 	55	0.0534667495467	0.0
	 Inner loop 	276.281407035	0.0534667495467	1.46452674207e-15	-0.940627163397	1.23452697584	-0.294	0.00010018756115	0.0
	 Inner loop 	276.281407035	0.0534667495467	5.76348322366e-16	-0.940627163397	1.23452697584	-0.294	0.00010018756115	0.0
Outer loop 	56	0.0534667495467	0.0
	 Inner loop 	277.286432161	0.0534667495467	-1.53307542442e-15	-0.940627163397	1.23452697584	-0.294	0.00010018756115	0.0
	 Inner loop 	277.286432161	0.0534667495467	5.76348322366e-16	-0.940627163397	1.23452697584	-0.294	0.00010018756115	0.0
Outer loop 	57	0.0534667495467	0.0
	 Inner loop 	278.291457286	0.0534667495467	-4.22852399797e-16	-0.940627163397	1.23452697584	-0.294	0.00010018756115	0.0
	 Inner loop 	278.291457286	0.0534667495467	5.76348322366e-16	-0.940627163397	1.23452697584	-0.294	0.00010018756115	0.0
Outer loop 	58	0.0534667495467	0.0
	 Inner loop 	279.296482412	0.0534667495467	1.46452674207e-15	-0.940627163397	1.23452697584	-0.294	0.00010018756115	0.0
	 Inner loop 	279.296482412	0.0534667495467	5.76348322366e-16	-0.940627163397	1.23452697584	-0.294	0.00010018756115	0.0
Outer loop 	59	0.0534667495467	0.0
	 Inner loop 	280.301507538	0.0534667495467	-1.53307542442e-15	-0.940627163397	1.23452697584	-0.294	0.00010018756115	0.0
	 Inner loop 	280.301507538	0.0534667495467	5.76348322366e-16	-0.940627163397	1.23452697584	-0.294	0.00010018756115	0.0
Outer loop 	60	0.0534667495467	0.0
	 Inner loop 	281.306532663	0.0534667495467	-4.22852399797e-16	-0.940627163397	1.23452697584	-0.294	0.00010018756115	0.0
	 Inner loop 	281.306532663	0.0534667495467	5.76348322366e-16	-0.940627163397	1.23452697584	-0.294	0.00010018756115	0.0
Outer loop 	61	0.0534667495467	0.0
	 Inner loop 	282.311557789	0.0534667495467	1.46452674207e-15	-0.940627163397	1.23452697584	-0.294	0.00010018756115	0.0
	 Inner loop 	282.311557789	0.0534667495467	5.76348322366e-16	-0.940627163397	1.23452697584	-0.294	0.00010018756115	0.0
Outer loop 	62	0.0534667495467	0.0
	 Inner loop 	283.316582915	0.0534667495467	-1.53307542442e-15	-0.940627163397	1.23452697584	-0.294	0.00010018756115	0.0
	 Inner loop 	283.316582915	0.0534667495467	5.76348322366e-16	-0.940627163397	1.23452697584	-0.294	0.00010018756115	0.0
Outer loop 	63	0.0534667495467	0.0
	 Inner loop 	284.32160804	0.0534667495467	-4.22852399797e-16	-0.940627163397	1.23452697584	-0.294	0.00010018756115	0.0
	 Inner loop 	284.32160804	0.0534667495467	5.76348322366e-16	-0.940627163397	1.23452697584	-0.294	0.00010018756115	0.0
Outer loop 	64	0.0534667495467	0.0
	 Inner loop 	285.326633166	0.0534667495467	1.46452674207e-15	-0.940627163397	1.23452697584	-0.294	0.00010018756115	0.0
	 Inner loop 	285.326633166	0.0534667495467	5.76348322366e-16	-0.940627163397	1.23452697584	-0.294	0.00010018756115	0.0
Outer loop 	65	0.0534667495467	0.0
	 Inner loop 	286.331658291	0.0534667495467	-1.53307542442e-15	-0.940627163397	1.23452697584	-0.294	0.00010018756115	0.0
	 Inner loop 	286.331658291	0.0534667495467	5.76348322366e-16	-0.940627163397	1.23452697584	-0.294	0.00010018756115	0.0
Outer loop 	66	0.0534667495467	0.0
	 Inner loop 	287.336683417	0.0534667495467	-4.22852399797e-16	-0.940627163397	1.23452697584	-0.294	0.00010018756115	0.0
	 Inner loop 	287.336683417	0.0534667495467	5.76348322366e-16	-0.940627163397	1.23452697584	-0.294	0.00010018756115	0.0
Outer loop 	67	0.0534667495467	0.0
	 Inner loop 	288.341708543	0.0534667495467	1.46452674207e-15	-0.940627163397	1.23452697584	-0.294	0.00010018756115	0.0
	 Inner loop 	288.341708543	0.0534667495467	5.76348322366e-16	-0.940627163397	1.23452697584	-0.294	0.00010018756115	0.0
Outer loop 	68	0.0534667495467	0.0
	 Inner loop 	289.346733668	0.0534667495467	-1.53307542442e-15	-0.940627163397	1.23452697584	-0.294	0.00010018756115	0.0
	 Inner loop 	289.346733668	0.0534667495467	5.76348322366e-16	-0.940627163397	1.23452697584	-0.294	0.00010018756115	0.0
Outer loop 	69	0.0534667495467	0.0
	 Inner loop 	290.351758794	0.0534667495467	-4.22852399797e-16	-0.940627163397	1.23452697584	-0.294	0.00010018756115	0.0
	 Inner loop 	290.351758794	0.0534667495467	5.76348322366e-16	-0.940627163397	1.23452697584	-0.294	0.00010018756115	0.0
Outer loop 	70	0.0534667495467	0.0
	 Inner loop 	291.35678392	0.0534667495467	1.46452674207e-15	-0.940627163397	1.23452697584	-0.294	0.00010018756115	0.0
	 Inner loop 	291.35678392	0.0534667495467	5.76348322366e-16	-0.940627163397	1.23452697584	-0.294	0.00010018756115	0.0
Outer loop 	71	0.0534667495467	0.0
	 Inner loop 	292.361809045	0.0534667495467	-1.53307542442e-15	-0.940627163397	1.23452697584	-0.294	0.00010018756115	0.0
	 Inner loop 	292.361809045	0.0534667495467	5.76348322366e-16	-0.940627163397	1.23452697584	-0.294	0.00010018756115	0.0
Outer loop 	72	0.0534667495467	0.0
	 Inner loop 	293.366834171	0.0534667495467	-4.22852399797e-16	-0.940627163397	1.23452697584	-0.294	0.00010018756115	0.0
	 Inner loop 	293.366834171	0.0534667495467	5.76348322366e-16	-0.940627163397	1.23452697584	-0.294	0.00010018756115	0.0
Outer loop 	73	0.0534667495467	0.0
	 Inner loop 	294.371859296	0.0534667495467	1.46452674207e-15	-0.940627163397	1.23452697584	-0.294	0.00010018756115	0.0
	 Inner loop 	294.371859296	0.0534667495467	5.76348322366e-16	-0.940627163397	1.23452697584	-0.294	0.00010018756115	0.0
Outer loop 	74	0.0534667495467	0.0
	 Inner loop 	295.376884422	0.0534667495467	-1.53307542442e-15	-0.940627163397	1.23452697584	-0.294	0.00010018756115	0.0
	 Inner loop 	295.376884422	0.0534667495467	5.76348322366e-16	-0.940627163397	1.23452697584	-0.294	0.00010018756115	0.0
Outer loop 	75	0.0534667495467	0.0
	 Inner loop 	296.381909548	0.0534667495467	-4.22852399797e-16	-0.940627163397	1.23452697584	-0.294	0.00010018756115	0.0
	 Inner loop 	296.381909548	0.0534667495467	5.76348322366e-16	-0.940627163397	1.23452697584	-0.294	0.00010018756115	0.0
Outer loop 	76	0.0534667495467	0.0
	 Inner loop 	297.386934673	0.0534667495467	1.46452674207e-15	-0.940627163397	1.23452697584	-0.294	0.00010018756115	0.0
	 Inner loop 	297.386934673	0.0534667495467	5.76348322366e-16	-0.940627163397	1.23452697584	-0.294	0.00010018756115	0.0
Outer loop 	77	0.0534667495467	0.0
	 Inner loop 	298.391959799	0.0534667495467	-1.53307542442e-15	-0.940627163397	1.23452697584	-0.294	0.00010018756115	0.0
	 Inner loop 	298.391959799	0.0534667495467	5.76348322366e-16	-0.940627163397	1.23452697584	-0.294	0.00010018756115	0.0
Outer loop 	78	0.0534667495467	0.0
	 Inner loop 	299.396984925	0.0534667495467	-4.22852399797e-16	-0.940627163397	1.23452697584	-0.294	0.00010018756115	0.0
	 Inner loop 	299.396984925	0.0534667495467	5.76348322366e-16	-0.940627163397	1.23452697584	-0.294	0.00010018756115	0.0
Outer loop 	79	0.0534667495467	0.0
	 Inner loop 	300.40201005	0.0534667495467	1.46452674207e-15	-0.940627163397	1.23452697584	-0.294	0.00010018756115	0.0
	 Inner loop 	300.40201005	0.0534667495467	5.76348322366e-16	-0.940627163397	1.23452697584	-0.294	0.00010018756115	0.0
Outer loop 	80	0.0534667495467	0.0
	 Inner loop 	301.407035176	0.0534667495467	-1.53307542442e-15	-0.940627163397	1.23452697584	-0.294	0.00010018756115	0.0
	 Inner loop 	301.407035176	0.0534667495467	5.76348322366e-16	-0.940627163397	1.23452697584	-0.294	0.00010018756115	0.0
Outer loop 	81	0.0534667495467	0.0
	 Inner loop 	302.412060302	0.0534667495467	-4.22852399797e-16	-0.940627163397	1.23452697584	-0.294	0.00010018756115	0.0
	 Inner loop 	302.412060302	0.0534667495467	5.76348322366e-16	-0.940627163397	1.23452697584	-0.294	0.00010018756115	0.0
Outer loop 	82	0.0534667495467	0.0
	 Inner loop 	303.417085427	0.0534667495467	1.46452674207e-15	-0.940627163397	1.23452697584	-0.294	0.00010018756115	0.0
	 Inner loop 	303.417085427	0.0534667495467	5.76348322366e-16	-0.940627163397	1.23452697584	-0.294	0.00010018756115	0.0
Outer loop 	83	0.0534667495467	0.0
	 Inner loop 	304.422110553	0.0534667495467	-1.53307542442e-15	-0.940627163397	1.23452697584	-0.294	0.00010018756115	0.0
	 Inner loop 	304.422110553	0.0534667495467	5.76348322366e-16	-0.940627163397	1.23452697584	-0.294	0.00010018756115	0.0
Outer loop 	84	0.0534667495467	0.0
	 Inner loop 	305.427135678	0.0534667495467	-4.22852399797e-16	-0.940627163397	1.23452697584	-0.294	0.00010018756115	0.0
	 Inner loop 	305.427135678	0.0534667495467	5.76348322366e-16	-0.940627163397	1.23452697584	-0.294	0.00010018756115	0.0
Outer loop 	85	0.0534667495467	0.0
	 Inner loop 	306.432160804	0.0534667495467	1.46452674207e-15	-0.940627163397	1.23452697584	-0.294	0.00010018756115	0.0
	 Inner loop 	306.432160804	0.0534667495467	5.76348322366e-16	-0.940627163397	1.23452697584	-0.294	0.00010018756115	0.0
Outer loop 	86	0.0534667495467	0.0
	 Inner loop 	307.43718593	0.0534667495467	-1.53307542442e-15	-0.940627163397	1.23452697584	-0.294	0.00010018756115	0.0
	 Inner loop 	307.43718593	0.0534667495467	5.76348322366e-16	-0.940627163397	1.23452697584	-0.294	0.00010018756115	0.0
Outer loop 	87	0.0534667495467	0.0
	 Inner loop 	308.442211055	0.0534667495467	-4.22852399797e-16	-0.940627163397	1.23452697584	-0.294	0.00010018756115	0.0
	 Inner loop 	308.442211055	0.0534667495467	5.76348322366e-16	-0.940627163397	1.23452697584	-0.294	0.00010018756115	0.0
Outer loop 	88	0.0534667495467	0.0
	 Inner loop 	309.447236181	0.0534667495467	1.46452674207e-15	-0.940627163397	1.23452697584	-0.294	0.00010018756115	0.0
	 Inner loop 	309.447236181	0.0534667495467	5.76348322366e-16	-0.940627163397	1.23452697584	-0.294	0.00010018756115	0.0
Outer loop 	89	0.0534667495467	0.0
	 Inner loop 	310.452261307	0.0534667495467	-1.53307542442e-15	-0.940627163397	1.23452697584	-0.294	0.00010018756115	0.0
	 Inner loop 	310.452261307	0.0534667495467	5.76348322366e-16	-0.940627163397	1.23452697584	-0.294	0.00010018756115	0.0
Outer loop 	90	0.0534667495467	0.0
	 Inner loop 	311.457286432	0.0534667495467	-4.22852399797e-16	-0.940627163397	1.23452697584	-0.294	0.00010018756115	0.0
	 Inner loop 	311.457286432	0.0534667495467	5.76348322366e-16	-0.940627163397	1.23452697584	-0.294	0.00010018756115	0.0
Outer loop 	91	0.0534667495467	0.0
	 Inner loop 	312.462311558	0.0534667495467	1.46452674207e-15	-0.940627163397	1.23452697584	-0.294	0.00010018756115	0.0
	 Inner loop 	312.462311558	0.0534667495467	5.76348322366e-16	-0.940627163397	1.23452697584	-0.294	0.00010018756115	0.0
Outer loop 	92	0.0534667495467	0.0
	 Inner loop 	313.467336683	0.0534667495467	-1.53307542442e-15	-0.940627163397	1.23452697584	-0.294	0.00010018756115	0.0
	 Inner loop 	313.467336683	0.0534667495467	5.76348322366e-16	-0.940627163397	1.23452697584	-0.294	0.00010018756115	0.0
Outer loop 	93	0.0534667495467	0.0
	 Inner loop 	314.472361809	0.0534667495467	-4.22852399797e-16	-0.940627163397	1.23452697584	-0.294	0.00010018756115	0.0
	 Inner loop 	314.472361809	0.0534667495467	5.76348322366e-16	-0.940627163397	1.23452697584	-0.294	0.00010018756115	0.0
Outer loop 	94	0.0534667495467	0.0
	 Inner loop 	315.477386935	0.0534667495467	1.46452674207e-15	-0.940627163397	1.23452697584	-0.294	0.00010018756115	0.0
	 Inner loop 	315.477386935	0.0534667495467	5.76348322366e-16	-0.940627163397	1.23452697584	-0.294	0.00010018756115	0.0
Outer loop 	95	0.0534667495467	0.0
	 Inner loop 	316.48241206	0.0534667495467	-1.53307542442e-15	-0.940627163397	1.23452697584	-0.294	0.00010018756115	0.0
	 Inner loop 	316.48241206	0.0534667495467	5.76348322366e-16	-0.940627163397	1.23452697584	-0.294	0.00010018756115	0.0
Outer loop 	96	0.0534667495467	0.0
	 Inner loop 	317.487437186	0.0534667424003	-1.00831533287e-06	-0.940628171712	1.23452697584	-0.294	0.00010018756115	0.0
	 Inner loop 	317.487437186	0.053466746252	5.43458614002e-07	-0.940627500461	1.2345274311	-0.294	0.000100612819778	-1.63549189736e-07
	 Inner loop 	317.487437186	0.0534667449031	6.16965923879e-14	-0.940627735545	1.23452727166	-0.294	0.000100463886753	-1.06271396947e-07
	 Inner loop 	317.487437186	0.0534667449031	-4.23417269128e-14	-0.940627735545	1.23452727166	-0.294	0.00010046388672	-1.06271384264e-07
Outer loop 	97	0.0534667449031	-1.06271388491e-07
	 Inner loop 	318.492462312	0.0534667474064	1.00840037438e-06	-0.940627299293	1.23452756748	-0.294	0.000100740212246	-2.12542751658e-07
	 Inner loop 	318.492462312	0.0534667435535	-5.43634425722e-07	-0.940627970731	1.23452711218	-0.294	0.000100314918003	-4.89798648112e-08
	 Inner loop 	318.492462312	0.0534667449031	7.42614384699e-14	-0.940627735545	1.23452727166	-0.294	0.000100463886753	-1.06271396912e-07
	 Inner loop 	318.492462312	0.0534667449031	-4.24283275614e-14	-0.940627735545	1.23452727166	-0.294	0.00010046388672	-1.06271384228e-07
Outer loop 	98	0.0534667449031	-1.0627139057e-07
	 Inner loop 	319.497487437	0.0534667449031	-1.12456159836e-15	-0.940627735545	1.23452727166	-0.294	0.000100463886731	-1.06271388456e-07
	 Inner loop 	319.497487437	0.0534667449031	-2.36383178656e-16	-0.940627735545	1.23452727166	-0.294	0.000100463886731	-1.06271388456e-07
Outer loop 	99	0.0534667449031	-1.06271388456e-07
	 Inner loop 	320.502512563	0.0534667449031	1.87304056813e-15	-0.940627735545	1.23452727166	-0.294	0.000100463886731	-1.06271388456e-07
	 Inner loop 	320.502512563	0.0534667449031	-2.36383178656e-16	-0.940627735545	1.23452727166	-0.294	0.000100463886731	-1.06271388456e-07
Outer loop 	100	0.0534667449031	-1.06271388456e-07
	 Inner loop 	321.507537688	0.0534667449031	-2.36383178656e-16	-0.940627735545	1.23452727166	-0.294	0.000100463886731	-1.06271388456e-07
	 Inner loop 	321.507537688	0.0534667449031	-2.36383178656e-16	-0.940627735545	1.23452727166	-0.294	0.000100463886731	-1.06271388456e-07
Outer loop 	101	0.0534667449031	-1.06271388456e-07
	 Inner loop 	322.512562814	0.0534667449031	-2.36383178656e-16	-0.940627735545	1.23452727166	-0.294	0.000100463886731	-1.06271388456e-07
	 Inner loop 	322.512562814	0.0534667449031	-2.36383178656e-16	-0.940627735545	1.23452727166	-0.294	0.000100463886731	-1.06271388456e-07
Outer loop 	102	0.0534667449031	-1.06271388456e-07
	 Inner loop 	323.51758794	0.0534667449031	-2.36383178656e-16	-0.940627735545	1.23452727166	-0.294	0.000100463886731	-1.06271388456e-07
	 Inner loop 	323.51758794	0.0534667449031	-2.36383178656e-16	-0.940627735545	1.23452727166	-0.294	0.000100463886731	-1.06271388456e-07
Outer loop 	103	0.0534667449031	-1.06271388456e-07
	 Inner loop 	324.522613065	0.0534667449031	-2.36383178656e-16	-0.940627735545	1.23452727166	-0.294	0.000100463886731	-1.06271388456e-07
	 Inner loop 	324.522613065	0.0534667449031	-2.36383178656e-16	-0.940627735545	1.23452727166	-0.294	0.000100463886731	-1.06271388456e-07
Outer loop 	104	0.0534667449031	-1.06271388456e-07
	 Inner loop 	325.527638191	0.0534667449031	-2.36383178656e-16	-0.940627735545	1.23452727166	-0.294	0.000100463886731	-1.06271388456e-07
	 Inner loop 	325.527638191	0.0534667449031	-2.36383178656e-16	-0.940627735545	1.23452727166	-0.294	0.000100463886731	-1.06271388456e-07
Outer loop 	105	0.0534667449031	-1.06271388456e-07
	 Inner loop 	326.532663317	0.0534667449031	-2.36383178656e-16	-0.940627735545	1.23452727166	-0.294	0.000100463886731	-1.06271388456e-07
	 Inner loop 	326.532663317	0.0534667449031	-2.36383178656e-16	-0.940627735545	1.23452727166	-0.294	0.000100463886731	-1.06271388456e-07
Outer loop 	106	0.0534667449031	-1.06271388456e-07
	 Inner loop 	327.537688442	0.0534667449031	-2.36383178656e-16	-0.940627735545	1.23452727166	-0.294	0.000100463886731	-1.06271388456e-07
	 Inner loop 	327.537688442	0.0534667449031	-2.36383178656e-16	-0.940627735545	1.23452727166	-0.294	0.000100463886731	-1.06271388456e-07
Outer loop 	107	0.0534667449031	-1.06271388456e-07
	 Inner loop 	328.542713568	0.0534667449031	-2.36383178656e-16	-0.940627735545	1.23452727166	-0.294	0.000100463886731	-1.06271388456e-07
	 Inner loop 	328.542713568	0.0534667449031	-2.36383178656e-16	-0.940627735545	1.23452727166	-0.294	0.000100463886731	-1.06271388456e-07
Outer loop 	108	0.0534667449031	-1.06271388456e-07
	 Inner loop 	329.547738693	0.0534667449031	-2.36383178656e-16	-0.940627735545	1.23452727166	-0.294	0.000100463886731	-1.06271388456e-07
	 Inner loop 	329.547738693	0.0534667449031	-2.36383178656e-16	-0.940627735545	1.23452727166	-0.294	0.000100463886731	-1.06271388456e-07
Outer loop 	109	0.0534667449031	-1.06271388456e-07
	 Inner loop 	330.552763819	0.0534667449031	-2.36383178656e-16	-0.940627735545	1.23452727166	-0.294	0.000100463886731	-1.06271388456e-07
	 Inner loop 	330.552763819	0.0534667449031	-2.36383178656e-16	-0.940627735545	1.23452727166	-0.294	0.000100463886731	-1.06271388456e-07
Outer loop 	110	0.0534667449031	-1.06271388456e-07
	 Inner loop 	331.557788945	0.0534667449031	-2.36383178656e-16	-0.940627735545	1.23452727166	-0.294	0.000100463886731	-1.06271388456e-07
	 Inner loop 	331.557788945	0.0534667449031	-2.36383178656e-16	-0.940627735545	1.23452727166	-0.294	0.000100463886731	-1.06271388456e-07
Outer loop 	111	0.0534667449031	-1.06271388456e-07
	 Inner loop 	332.56281407	0.0534667449031	-2.36383178656e-16	-0.940627735545	1.23452727166	-0.294	0.000100463886731	-1.06271388456e-07
	 Inner loop 	332.56281407	0.0534667449031	-2.36383178656e-16	-0.940627735545	1.23452727166	-0.294	0.000100463886731	-1.06271388456e-07
Outer loop 	112	0.0534667449031	-1.06271388456e-07
	 Inner loop 	333.567839196	0.0534667449031	-2.36383178656e-16	-0.940627735545	1.23452727166	-0.294	0.000100463886731	-1.06271388456e-07
	 Inner loop 	333.567839196	0.0534667449031	-2.36383178656e-16	-0.940627735545	1.23452727166	-0.294	0.000100463886731	-1.06271388456e-07
Outer loop 	113	0.0534667449031	-1.06271388456e-07
	 Inner loop 	334.572864322	0.0534667449031	-2.36383178656e-16	-0.940627735545	1.23452727166	-0.294	0.000100463886731	-1.06271388456e-07
	 Inner loop 	334.572864322	0.0534667449031	-2.36383178656e-16	-0.940627735545	1.23452727166	-0.294	0.000100463886731	-1.06271388456e-07
Outer loop 	114	0.0534667449031	-1.06271388456e-07
	 Inner loop 	335.577889447	0.0534667449031	-2.36383178656e-16	-0.940627735545	1.23452727166	-0.294	0.000100463886731	-1.06271388456e-07
	 Inner loop 	335.577889447	0.0534667449031	-2.36383178656e-16	-0.940627735545	1.23452727166	-0.294	0.000100463886731	-1.06271388456e-07
Outer loop 	115	0.0534667449031	-1.06271388456e-07
	 Inner loop 	336.582914573	0.0534653859347	-0.000191742426121	-0.940819477971	1.23452727166	-0.294	0.000100463886731	-1.06271388456e-07
	 Inner loop 	336.582914573	0.0534661164318	0.000103075859759	-0.940692095202	1.23461384213	-0.293999999857	0.000181328786768	-3.12059082336e-05
	 Inner loop 	336.582914573	0.05346586106	2.39852797202e-09	-0.940736632908	1.23458357698	-0.293999999939	0.000153058270101	-2.03334184221e-05
	 Inner loop 	336.582914573	0.0534658610509	-1.28924025172e-09	-0.940736634501	1.23458357589	-0.293999999939	0.00015305725862	-2.03330294189e-05
Outer loop 	116	0.0534658610541	-2.03331654201e-05
	 Inner loop 	337.587939698	0.0534663374501	0.000191939546953	-0.940653587947	1.23463987824	-0.293999999758	0.000205649008054	-4.05591634732e-05
	 Inner loop 	337.587939698	0.0534656042504	-0.000103452262733	-0.940781390402	1.23455322832	-0.293999999987	0.000124709801529	-9.43094927533e-06
	 Inner loop 	337.587939698	0.0534658610599	2.34038133404e-09	-0.940736632931	1.23458357696	-0.293999999939	0.000153058253185	-2.03334119163e-05
	 Inner loop 	337.587939698	0.053465861051	-1.26156730917e-09	-0.940736634489	1.2345835759	-0.293999999939	0.0001530572662	-2.03330323341e-05
Outer loop 	117	0.0534658610541	-2.03331652852e-05
	 Inner loop 	338.592964824	0.0534658610541	-1.26000875315e-12	-0.940736633944	1.23458357627	-0.293999999939	0.000153057611552	-2.03331651521e-05
	 Inner loop 	338.592964824	0.0534658610541	6.61288488161e-13	-0.940736633943	1.23458357627	-0.293999999939	0.000153057612068	-2.03331653508e-05
Outer loop 	118	0.0534658610541	-2.03331652831e-05
	 Inner loop 	339.59798995	0.0534658610541	-1.75152860965e-15	-0.940736633943	1.23458357627	-0.293999999939	0.000153057611893	-2.03331652831e-05
	 Inner loop 	339.59798995	0.0534658610541	1.35850532212e-16	-0.940736633943	1.23458357627	-0.293999999939	0.000153057611893	-2.03331652831e-05
Outer loop 	119	0.0534658610541	-2.03331652831e-05
	 Inner loop 	340.603015075	0.0534658610541	-1.75152860965e-15	-0.940736633943	1.23458357627	-0.293999999939	0.000153057611893	-2.03331652831e-05
	 Inner loop 	340.603015075	0.0534658610541	1.35850532212e-16	-0.940736633943	1.23458357627	-0.293999999939	0.000153057611893	-2.03331652831e-05
Outer loop 	120	0.0534658610541	-2.03331652831e-05
	 Inner loop 	341.608040201	0.0534658610541	1.35850532212e-16	-0.940736633943	1.23458357627	-0.293999999939	0.000153057611893	-2.03331652831e-05
	 Inner loop 	341.608040201	0.0534658610541	1.35850532212e-16	-0.940736633943	1.23458357627	-0.293999999939	0.000153057611893	-2.03331652831e-05
Outer loop 	121	0.0534658610541	-2.03331652831e-05
	 Inner loop 	342.613065327	0.0534658610541	1.35850532212e-16	-0.940736633943	1.23458357627	-0.293999999939	0.000153057611893	-2.03331652831e-05
	 Inner loop 	342.613065327	0.0534658610541	1.35850532212e-16	-0.940736633943	1.23458357627	-0.293999999939	0.000153057611893	-2.03331652831e-05
Outer loop 	122	0.0534658610541	-2.03331652831e-05
	 Inner loop 	343.618090452	0.0534605934732	-0.000743257556328	-0.9414798915	1.23458357627	-0.293999999939	0.000153057611893	-2.03331652831e-05
	 Inner loop 	343.618090452	0.053463362157	0.000390765402885	-0.940994782885	1.23491908691	-0.293999997083	0.000466458458922	-0.000140863241064
	 Inner loop 	343.618090452	0.053462408636	5.02772205634e-08	-0.941161951064	1.23480350612	-0.293999998549	0.00035849377216	-9.93413626126e-05
	 Inner loop 	343.618090452	0.0534624084488	-2.64214384763e-08	-0.941161983877	1.23480348343	-0.29399999855	0.000358472576886	-9.93332111731e-05
Outer loop 	123	0.0534624085133	-9.93360192064e-05
	 Inner loop 	344.623115578	0.0534642681522	0.000749809814807	-0.940837427439	1.23502336596	-0.293999995325	0.000563866615522	-0.000178325209046
	 Inner loop 	344.623115578	0.0534614064714	-0.000403816428565	-0.94133669843	1.23468504364	-0.293999999526	0.000247837883606	-5.6784481355e-05
	 Inner loop 	344.623115578	0.0534624086028	3.56583885734e-08	-0.941161957013	1.23480350164	-0.293999998549	0.000358489584602	-9.93397521296e-05
	 Inner loop 	344.623115578	0.0534624084667	-1.92114744478e-08	-0.941161980757	1.23480348554	-0.29399999855	0.000358474552157	-9.93339708376e-05
Outer loop 	124	0.0534624085143	-9.93359950323e-05
	 Inner loop 	345.628140704	0.0534559002388	-0.000918479039561	-0.942080451353	1.23480349111	-0.293999998549	0.000358479752583	-9.93359708571e-05
	 Inner loop 	345.628140704	0.05345919811	0.000465563035906	-0.941498000748	1.23521793649	-0.293999990943	0.000745618235009	-0.000248224625968
	 Inner loop 	345.628140704	0.0534580898194	1.13613268858e-07	-0.941693899065	1.23507857177	-0.293999994228	0.000615435131677	-0.000198157820282
	 Inner loop 	345.628140704	0.0534580894117	-5.75495134085e-08	-0.9416939711	1.23507852052	-0.293999994229	0.00061538725665	-0.00019813940814
Outer loop 	125	0.0534580895488	-0.000198145598795
	 Inner loop 	346.633165829	0.0534539497274	2.52926332989e-05	-0.942200513037	1.23535352138	-0.293999987039	0.000872271330384	-0.000296933834408
	 Inner loop 	346.633165829	0.0534538623694	-1.23336143444e-05	-0.94221608087	1.23534211672	-0.293999987394	0.000861617932225	-0.000292836669708
	 Inner loop 	346.633165829	0.0534538910057	1.11009171582e-10	-0.942210977801	1.23534585512	-0.293999987278	0.000865110071381	-0.000294179703082
	 Inner loop 	346.633165829	0.0534538910053	-5.41458957748e-11	-0.942210977869	1.23534585507	-0.293999987278	0.000865110024614	-0.000294179685096
Outer loop 	126	0.0534538910054	-0.000294179690995
	 Inner loop 	347.638190955	0.053445993173	-0.00052239379765	-0.943250293395	1.23561311296	-0.293999977619	0.00111476425508	-0.00039019360338
	 Inner loop 	347.638190955	0.0534476894441	0.00023958265531	-0.942943680407	1.23584854162	-0.293999966865	0.00133468830838	-0.000474773664543
	 Inner loop 	347.638190955	0.0534471565964	6.08232743971e-08	-0.943040052944	1.23577453188	-0.293999970472	0.00126555236263	-0.000448184837937
	 Inner loop 	347.638190955	0.053447156399	-2.78777140012e-08	-0.943040088634	1.23577450447	-0.293999970473	0.00126552676059	-0.000448174991711
Outer loop 	127	0.053447156461	-0.000448178086268
	 Inner loop 	348.64321608	0.0534347779025	-0.000797387016824	-0.9446662833	1.23620301827	-0.293999946705	0.00166582471498	-0.0006021246164
	 Inner loop 	348.64321608	0.0534371240129	0.000331552266165	-0.944231735572	1.23656201768	-0.293999921427	0.00200119158186	-0.00073110255077
	 Inner loop 	348.64321608	0.0534364363666	1.74278228009e-07	-0.944359242374	1.23645661714	-0.293999929356	0.00190272886784	-0.000693235013096
	 Inner loop 	348.64321608	0.0534364358545	-7.23685345512e-08	-0.944359337292	1.2364565387	-0.293999929361	0.00190265558836	-0.000693206830715
	 Inner loop 	348.64321608	0.0534364360047	4.68570494905e-15	-0.944359309442	1.23645656171	-0.29399992936	0.00190267708926	-0.000693215099697
	 Inner loop 	348.64321608	0.0534364360047	7.61413501693e-15	-0.944359309442	1.23645656171	-0.29399992936	0.00190267708927	-0.000693215099699
Outer loop 	128	0.0534364360047	-0.000693215099699
	 Inner loop 	349.648241206	0.0534175694049	-0.00115173379295	-0.946829565132	1.23713822376	-0.29399987063	0.00253947821198	-0.000938120907405
	 Inner loop 	349.648241206	0.0534204777691	0.000411363081448	-0.946267898236	1.2376559396	-0.293999814241	0.00302313596125	-0.00112412967453
	 Inner loop 	349.648241206	0.0534197154964	4.0980947209e-07	-0.946415421889	1.23751975374	-0.29399983006	0.00289590801581	-0.00107519938589
	 Inner loop 	349.648241206	0.0534197144643	-1.45955910073e-07	-0.946415621467	1.2375195696	-0.293999830081	0.00289573598897	-0.0010751332265
	 Inner loop 	349.648241206	0.0534197147354	5.12992426316e-14	-0.946415569053	1.23751961796	-0.293999830076	0.00289578116691	-0.00107515060138
	 Inner loop 	349.648241206	0.0534197147354	-2.38559172416e-14	-0.946415569053	1.23751961796	-0.293999830076	0.00289578116688	-0.00107515060137
Outer loop 	129	0.0534197147354	-0.00107515060137
	 Inner loop 	350.653266332	0.0533919919198	-0.0015572043844	-0.950027309898	1.23858173612	-0.293999688041	0.00388805743929	-0.00145676773943
	 Inner loop 	350.653266332	0.0533951061138	0.000441037239928	-0.949379886698	1.23928003273	-0.293999571326	0.00454046252891	-0.00170767463913
	 Inner loop 	350.653266332	0.0533944242871	7.39499192865e-07	-0.94952223275	1.23912601034	-0.293999598661	0.00439656056686	-0.00165233173066
	 Inner loop 	350.653266332	0.0533944228169	-2.08189701396e-07	-0.949522539323	1.23912567893	-0.293999598719	0.00439625092636	-0.00165221264677
	 Inner loop 	350.653266332	0.0533944231399	1.46632705977e-13	-0.949522471974	1.23912575173	-0.293999598706	0.00439631894865	-0.0016522388073
	 Inner loop 	350.653266332	0.0533944231399	-1.88633830778e-14	-0.949522471974	1.23912575173	-0.293999598706	0.0043963189486	-0.00165223880728
Outer loop 	130	0.0533944231399	-0.00165223880728
	 Inner loop 	351.658291457	0.0533553311905	-0.0019566487959	-0.954582096892	1.24072974761	-0.293999269901	0.00589497039163	-0.00222860155074
	 Inner loop 	351.658291457	0.0533580600198	0.000387164996516	-0.953929770966	1.24160406903	-0.293999049532	0.00671191646058	-0.00254278886878
	 Inner loop 	351.658291457	0.0533576162262	9.52356382491e-07	-0.954036813327	1.24145976956	-0.293999087902	0.00657708403073	-0.00249093398983
	 Inner loop 	351.658291457	0.0533576149146	-1.86065269945e-07	-0.954037129114	1.24145934434	-0.293999088014	0.00657668671795	-0.00249078118826
	 Inner loop 	351.658291457	0.0533576151289	2.12351837503e-13	-0.954037077501	1.24145941384	-0.293999087996	0.00657675165534	-0.00249080616238
	 Inner loop 	351.658291457	0.0533576151289	-3.23534601887e-14	-0.954037077501	1.24145941384	-0.293999087996	0.00657675165526	-0.00249080616235
Outer loop 	131	0.0533576151289	-0.00249080616235
	 Inner loop 	352.663316583	0.0533047738596	-0.00227867697307	-0.960822089968	1.24378857308	-0.293998372042	0.00875321195909	-0.00332784578059
	 Inner loop 	352.663316583	0.0533064975237	0.000245164122535	-0.960258596608	1.24480173362	-0.293997996289	0.00970002340514	-0.00369197771075
	 Inner loop 	352.663316583	0.053306335604	7.67492070584e-07	-0.960312770602	1.24470342332	-0.293998034458	0.00960814923018	-0.00365664404342
	 Inner loop 	352.663316583	0.0533063350406	-8.01348440972e-08	-0.960312958637	1.24470308243	-0.29399803459	0.0096078306591	-0.00365652152494
	 Inner loop 	352.663316583	0.0533063350939	9.84733128373e-14	-0.96031294086	1.24470311466	-0.293998034578	0.00960786077691	-0.00365653310787
	 Inner loop 	352.663316583	0.0533063350939	-2.71171973765e-14	-0.96031294086	1.24470311466	-0.293998034578	0.00960786077685	-0.00365653310785
Outer loop 	132	0.0533063350939	-0.00365653310785
	 Inner loop 	353.668341709	0.0532377522458	-0.00246707264255	-0.969039951007	1.24793814319	-0.29399658581	0.0126313209806	-0.00481931837448
	 Inner loop 	353.668341709	0.0532380844063	4.74003025732e-05	-0.968634122857	1.24902775541	-0.293996008289	0.0136497760343	-0.00521100354692
	 Inner loop 	353.668341709	0.0532380793096	1.65488707014e-07	-0.968641657251	1.24900724125	-0.293996019579	0.0136306010693	-0.00520362909336
	 Inner loop 	353.668341709	0.0532380792914	-2.59930234628e-09	-0.968641684068	1.24900716825	-0.293996019619	0.0136305328369	-0.00520360285205
	 Inner loop 	353.668341709	0.0532380792917	-3.73139019683e-15	-0.968641683654	1.24900716938	-0.293996019618	0.0136305338921	-0.00520360325784
	 Inner loop 	353.668341709	0.0532380792917	2.60572813326e-14	-0.968641683654	1.24900716938	-0.293996019618	0.0136305338921	-0.00520360325785
Outer loop 	133	0.0532380792917	-0.00520360325784
	 Inner loop 	354.673366834	0.0531523236343	-0.0025055641534	-0.979448067342	1.25329601647	-0.293993311233	0.0176397979518	-0.00674551645152
	 Inner loop 	354.673366834	0.0531512363726	-0.000155802326919	-0.979222059835	1.25439318767	-0.293992505993	0.0186655758296	-0.0071400178912
	 Inner loop 	354.673366834	0.0531511605528	-5.43632379089e-07	-0.979207426424	1.25446583552	-0.293992451059	0.0187334983266	-0.00716614004048
	 Inner loop 	354.673366834	0.053151160304	-3.56650185183e-08	-0.979207378608	1.25446607324	-0.293992450878	0.0187337205814	-0.00716622551691
	 Inner loop 	354.673366834	0.0531511602865	-9.09688990802e-15	-0.979207375251	1.25446608993	-0.293992450866	0.0187337361862	-0.00716623151831
	 Inner loop 	354.673366834	0.0531511602865	7.83054177056e-15	-0.979207375251	1.25446608993	-0.293992450866	0.0187337361862	-0.00716623151832
Outer loop 	134	0.0531511602865	-0.00716623151831
	 Inner loop 	355.67839196	0.0530474298999	-0.00241929762857	-0.992147674792	1.25990066686	-0.293987771818	0.023815482122	-0.0091206079297
	 Inner loop 	355.67839196	0.0530451774127	-0.000324413304197	-0.992082594387	1.26094900873	-0.293986739859	0.0247959122111	-0.00949766917272
	 Inner loop 	355.67839196	0.0530448216718	-1.04374751512e-06	-0.992073119915	1.26111112335	-0.293986576541	0.0249475293598	-0.0095559792462
	 Inner loop 	355.67839196	0.053044820678	-1.43143931815e-07	-0.992073093741	1.26111157496	-0.293986576085	0.0249479517257	-0.00955614168287
	 Inner loop 	355.67839196	0.0530448205201	-1.95322924501e-13	-0.992073089581	1.26111164674	-0.293986576013	0.0249480188574	-0.00955616750089
	 Inner loop 	355.67839196	0.0530448205201	-2.476838179e-14	-0.992073089581	1.26111164674	-0.293986576013	0.0249480188575	-0.00955616750093
Outer loop 	135	0.0530448205201	-0.00955616750093
	 Inner loop 	356.683417085	0.0529229026523	-0.0022553146922	-1.00712828427	1.26772133352	-0.293979064631	0.0311307006909	-0.0119339501935
	 Inner loop 	356.683417085	0.0529198486966	-0.000442461949525	-1.00718506642	1.26868663186	-0.293977828324	0.0320338009389	-0.0122812713395
	 Inner loop 	356.683417085	0.0529190953944	-1.24751605868e-06	-1.00719954339	1.26892190071	-0.293977521619	0.0322539167819	-0.0123659251606
	 Inner loop 	356.683417085	0.0529190936833	-2.47945353207e-07	-1.00719957648	1.26892243386	-0.293977520922	0.032254415595	-0.0123661169979
	 Inner loop 	356.683417085	0.0529190932589	-3.77371744964e-13	-1.00719958469	1.26892256611	-0.293977520749	0.0322545393264	-0.0123661645835
	 Inner loop 	356.683417085	0.0529190932589	-7.65082441845e-14	-1.00719958469	1.26892256611	-0.293977520749	0.0322545393266	-0.0123661645835
Outer loop 	136	0.0529190932589	-0.0123661645835
	 Inner loop 	357.688442211	0.0527792346809	-0.00205987936834	-1.02429562825	1.27668425478	-0.293966218553	0.0395177126552	-0.0151594908939
	 Inner loop 	357.688442211	0.0527757127169	-0.000513724908173	-1.0244339135	1.27755360373	-0.29396480951	0.0403313943665	-0.0154724227805
	 Inner loop 	357.688442211	0.0527745350554	-1.23757938898e-06	-1.02448035871	1.27784206482	-0.293964335597	0.0406013919024	-0.0155762604816
	 Inner loop 	357.688442211	0.0527745329221	-3.11237677769e-07	-1.02448044293	1.27784258636	-0.293964334737	0.0406018800665	-0.0155764482235
	 Inner loop 	357.688442211	0.0527745322053	-4.49022763416e-13	-1.02448047123	1.27784276159	-0.293964334449	0.0406020440826	-0.015576511302
	 Inner loop 	357.688442211	0.0527745322053	-1.21541665621e-13	-1.02448047123	1.27784276159	-0.293964334449	0.0406020440828	-0.0155765113021
Outer loop 	137	0.0527745322053	-0.0155765113021
	 Inner loop 	358.693467337	0.052617643194	-0.00181066845292	-1.04351037253	1.28669921189	-0.293948237532	0.0489487297277	-0.0187652862206
	 Inner loop 	358.693467337	0.0526140421198	-0.000529207293122	-1.04369246308	1.2874515693	-0.293946731997	0.049658418484	-0.0190362367404
	 Inner loop 	358.693467337	0.0526125490597	-1.04475106054e-06	-1.04376797946	1.287761891	-0.293946104713	0.0499511484292	-0.0191479974666
	 Inner loop 	358.693467337	0.0526125469707	-3.0706372034e-07	-1.04376808513	1.28776232452	-0.293946103834	0.0499515573791	-0.0191481535987
	 Inner loop 	358.693467337	0.0526125461011	-3.62557206479e-13	-1.04376812911	1.28776250497	-0.293946103468	0.0499517276051	-0.0191482185889
	 Inner loop 	358.693467337	0.0526125461011	-1.09412479077e-13	-1.04376812911	1.28776250497	-0.293946103468	0.0499517276052	-0.0191482185889
Outer loop 	138	0.0526125461011	-0.0191482185889
	 Inner loop 	359.698492462	0.0524392102351	-0.00168067813852	-1.06459806404	1.29760402579	-0.293924299165	0.0592376592838	-0.0226934741565
	 Inner loop 	359.698492462	0.0524354448962	-0.000557858882667	-1.06481165132	1.29829069766	-0.293922639505	0.059885734282	-0.0229409012942
	 Inner loop 	359.698492462	0.0524335690633	-9.63935365902e-07	-1.06491796843	1.29863146137	-0.29392180919	0.060207352314	-0.0230636911399
	 Inner loop 	359.698492462	0.0524335668954	-3.21271634136e-07	-1.06491809126	1.29863185468	-0.293921808229	0.0602077235364	-0.0230638328681
	 Inner loop 	359.698492462	0.0524335658116	-3.04763159154e-13	-1.06491815267	1.29863205131	-0.293921807749	0.0602079091127	-0.0230639037189
	 Inner loop 	359.698492462	0.0524335658116	-1.11022302463e-13	-1.06491815267	1.29863205131	-0.293921807749	0.0602079091128	-0.0230639037189
Outer loop 	139	0.0524335658116	-0.0230639037189
	 Inner loop 	360.703517588	0.0522442897284	-0.0015380301786	-1.08743488633	1.30940845356	-0.293893254913	0.0703816575115	-0.0269481168924
	 Inner loop 	360.703517588	0.0522405145259	-0.000564213279171	-1.08766274165	1.31002557763	-0.293891485059	0.0709644357989	-0.0271706145414
	 Inner loop 	360.703517588	0.0522383231432	-8.47277431534e-07	-1.08779485092	1.31038273436	-0.293890454095	0.0713017233772	-0.0272993868291
	 Inner loop 	360.703517588	0.0522383210577	-3.11775474757e-07	-1.0877949766	1.31038307391	-0.293890453113	0.0713020440321	-0.0272995092512
	 Inner loop 	360.703517588	0.0522383198434	-2.50258147538e-13	-1.08779504977	1.31038327159	-0.293890452541	0.071302230721	-0.0272995805268
	 Inner loop 	360.703517588	0.0522383198434	-8.07270916781e-14	-1.08779504977	1.31038327159	-0.293890452541	0.0713022307211	-0.0272995805268
Outer loop 	140	0.0522383198434	-0.0272995805268
	 Inner loop 	361.708542714	0.0520336744273	-0.00141721827718	-1.11189075492	1.32202657133	-0.293854162187	0.0823011274973	-0.0314988252965
	 Inner loop 	361.708542714	0.0520299351485	-0.00056402642117	-1.11212442623	1.32258442395	-0.293852292782	0.0828282686411	-0.0317000813621
	 Inner loop 	361.708542714	0.0520274599201	-7.46487722261e-07	-1.1122789157	1.32295282479	-0.293851051688	0.0831763961128	-0.0318329921889
	 Inner loop 	361.708542714	0.0520274579464	-2.9779813894e-07	-1.11227903883	1.32295311828	-0.293851050697	0.0831766734531	-0.0318330980741
	 Inner loop 	361.708542714	0.0520274566364	-2.19088636122e-13	-1.11227912056	1.32295331307	-0.29385105004	0.0831768575256	-0.0318331683507
	 Inner loop 	361.708542714	0.0520274566364	-8.6944340616e-14	-1.11227912056	1.32295331307	-0.29385105004	0.0831768575257	-0.0318331683507
Outer loop 	141	0.0520274566364	-0.0318331683507
	 Inner loop 	362.713567839	0.051807919539	-0.00132061011973	-1.13785894933	1.33540099232	-0.293806048777	0.0949433956707	-0.0363254892415
	 Inner loop 	362.713567839	0.0518042248919	-0.000562721805488	-1.13809424511	1.33591045867	-0.293804079967	0.0954251446005	-0.0365094151129
	 Inner loop 	362.713567839	0.0518014790427	-6.68061971007e-07	-1.13826890488	1.33628835767	-0.29380261314	0.095782492283	-0.0366458461038
	 Inner loop 	362.713567839	0.0518014771706	-2.85210137257e-07	-1.1382690239	1.33628861511	-0.293802612139	0.0957827357193	-0.0366459390448
	 Inner loop 	362.713567839	0.051801475776	-1.86697879379e-13	-1.13826911256	1.33628880688	-0.293802611393	0.09578291707	-0.0366460082823
	 Inner loop 	362.713567839	0.051801475776	-8.26283486077e-14	-1.13826911256	1.33628880688	-0.293802611393	0.09578291707	-0.0366460082823
Outer loop 	142	0.051801475776	-0.0366460082824
	 Inner loop 	363.718592965	0.0515674029198	-0.00124456933587	-1.16525312016	1.34948788046	-0.293747927006	0.108268597367	-0.041412888884
	 Inner loop 	363.718592965	0.0515637481631	-0.000562299912636	-1.16548798354	1.34995803709	-0.293745855259	0.108713501792	-0.0415827479725
	 Inner loop 	363.718592965	0.0515607339455	-6.08942366129e-07	-1.16568146015	1.35034515676	-0.293744143014	0.109079837455	-0.041722610465
	 Inner loop 	363.718592965	0.051560732155	-2.75553985837e-07	-1.16568157502	1.35034538655	-0.293744141996	0.109080054908	-0.0417226934856
	 Inner loop 	363.718592965	0.0515607306751	-1.64604441188e-13	-1.16568166996	1.35034557648	-0.293744141155	0.109080234637	-0.0417227621043
	 Inner loop 	363.718592965	0.0515607306751	-7.19840853591e-14	-1.16568166996	1.35034557648	-0.293744141155	0.109080234638	-0.0417227621043
Outer loop 	143	0.0515607306751	-0.0417227621043
	 Inner loop 	364.72361809	0.0513123584849	-0.00118545276372	-1.19400415304	1.3642522439	-0.293678794495	0.122245250872	-0.0467490048896
	 Inner loop 	364.72361809	0.0513087328674	-0.000563692137526	-1.19423771683	1.36469042081	-0.293676614116	0.122660218001	-0.0469074342831
	 Inner loop 	364.72361809	0.0513054441656	-5.65334558181e-07	-1.19444934335	1.36508731411	-0.293674632758	0.123036096672	-0.0470509401795
	 Inner loop 	364.72361809	0.0513054424348	-2.69176392578e-07	-1.19444945467	1.36508752285	-0.293674631715	0.123036294364	-0.0470510156559
	 Inner loop 	364.72361809	0.0513054408617	-1.57637791709e-13	-1.19444955585	1.36508771257	-0.293674630766	0.123036474045	-0.047051084256
	 Inner loop 	364.72361809	0.0513054408617	-5.13061815255e-14	-1.19444955585	1.36508771257	-0.293674630766	0.123036474045	-0.047051084256
Outer loop 	144	0.0513054408617	-0.047051084256
	 Inner loop 	365.728643216	0.0510423278818	-0.00122917741314	-1.22405762644	1.37966640194	-0.29359762781	0.136759674901	-0.0523244720948
	 Inner loop 	365.728643216	0.0510384172708	-0.000614626704422	-1.22430779191	1.38011062872	-0.293595152253	0.137177688735	-0.0524852227673
	 Inner loop 	365.728643216	0.0510345046155	-6.26940388798e-07	-1.22455780735	1.38055448628	-0.293592671117	0.137595365247	-0.0526458437199
	 Inner loop 	365.728643216	0.0510345026191	-3.13871752755e-07	-1.22455793485	1.38055471261	-0.29359266985	0.137595578223	-0.0526459256216
	 Inner loop 	365.728643216	0.0510345006175	-1.72473146876e-13	-1.22455806267	1.38055493951	-0.29359266858	0.137595791745	-0.0526460077334
	 Inner loop 	365.728643216	0.0510345006175	-5.63438184997e-14	-1.22455806267	1.38055493951	-0.29359266858	0.137595791745	-0.0526460077334
Outer loop 	145	0.0510345006175	-0.0526460077334
	 Inner loop 	366.733668342	0.0507565088276	-0.00112045825419	-1.25545135437	1.39584410211	-0.293502538341	0.15198933234	-0.0581811626571
	 Inner loop 	366.733668342	0.0507528379984	-0.000583437141284	-1.25568496069	1.39623969566	-0.293500085882	0.15236191377	-0.0583244419233
	 Inner loop 	366.733668342	0.0507488488227	-5.30740460719e-07	-1.25593857115	1.39666910457	-0.293497416905	0.152766352749	-0.0584799722733
	 Inner loop 	366.733668342	0.0507488470827	-2.76639805397e-07	-1.25593868171	1.39666929176	-0.29349741574	0.152766529057	-0.0584800400741
	 Inner loop 	366.733668342	0.0507488451883	-1.25427446207e-13	-1.25593880209	1.39666949555	-0.293497414471	0.152766721004	-0.0584801138889
	 Inner loop 	366.733668342	0.0507488451883	-6.80289158339e-14	-1.25593880209	1.39666949555	-0.293497414471	0.152766721004	-0.0584801138889
Outer loop 	146	0.0507488451883	-0.0584801138889
	 Inner loop 	367.738693467	0.0504564396728	-0.00108494700303	-1.28805531471	1.41259279781	-0.293393381372	0.167770951266	-0.0642501145683
	 Inner loop 	367.738693467	0.0504527945631	-0.000586030809622	-1.28828555383	1.41296680722	-0.293390819224	0.168123535025	-0.0643857035648
	 Inner loop 	367.738693467	0.0504485122134	-5.06106060894e-07	-1.28855578606	1.4134057466	-0.293387805325	0.168537338678	-0.0645448351776
	 Inner loop 	367.738693467	0.050448510512	-2.7361148075e-07	-1.28855589337	1.41340592089	-0.293387804126	0.16853750299	-0.0645448983652
	 Inner loop 	367.738693467	0.0504485085098	-1.03417274744e-13	-1.28855601965	1.41340612601	-0.293387802716	0.168537696361	-0.0645449727276
	 Inner loop 	367.738693467	0.0504485085098	-6.66133814775e-14	-1.28855601965	1.41340612601	-0.293387802716	0.168537696361	-0.0645449727276
Outer loop 	147	0.0504485085098	-0.0645449727276
	 Inner loop 	368.743718593	0.0501416156759	-0.00106622126282	-1.32186709546	1.42993865172	-0.293268815668	0.18413103815	-0.0705415211107
	 Inner loop 	368.743718593	0.0501379548675	-0.00059549734636	-1.32209620082	1.43029732224	-0.293266116064	0.184469497299	-0.0706716783719
	 Inner loop 	368.743718593	0.0501333231776	-4.96303756675e-07	-1.32238580241	1.4307506824	-0.29326269657	0.184897320282	-0.0708362012339
	 Inner loop 	368.743718593	0.0501333214728	-2.77409301502e-07	-1.32238590896	1.43075084918	-0.293262695311	0.184897477675	-0.0708362617605
	 Inner loop 	368.743718593	0.0501333193122	-1.01890718085e-13	-1.32238604398	1.43075106055	-0.293262693715	0.184897677142	-0.0708363384672
	 Inner loop 	368.743718593	0.0501333193122	-5.50670620214e-14	-1.32238604398	1.43075106055	-0.293262693715	0.184897677142	-0.0708363384672
Outer loop 	148	0.0501333193122	-0.0708363384672
	 Inner loop 	369.748743719	0.0498117315793	-0.00105313143398	-1.35687391358	1.44787915669	-0.29312761763	0.201069243081	-0.0770552477232
	 Inner loop 	369.748743719	0.0498080473115	-0.000606530615307	-1.35710206355	1.44822467493	-0.293124774668	0.201395632673	-0.0771807635365
	 Inner loop 	369.748743719	0.0498030434129	-4.90856918944e-07	-1.35741165969	1.44869353343	-0.293120909372	0.201838544775	-0.0773510890437
	 Inner loop 	369.748743719	0.049803041695	-2.82900162157e-07	-1.35741176593	1.44869369431	-0.293120908044	0.201838696756	-0.0773511474892
	 Inner loop 	369.748743719	0.049803039358	-9.01223540239e-14	-1.35741191045	1.44869391317	-0.293120906237	0.201838903507	-0.0773512269974
	 Inner loop 	369.748743719	0.049803039358	-4.13280520917e-14	-1.35741191045	1.44869391318	-0.293120906237	0.201838903508	-0.0773512269974
Outer loop 	149	0.049803039358	-0.0773512269974
	 Inner loop 	370.753768844	0.0494668529451	-0.000984080798426	-1.39306429359	1.46640726337	-0.292968562242	0.218641511667	-0.0837895574111
	 Inner loop 	370.753768844	0.0494633634456	-0.000581508616591	-1.39327846175	1.46672199595	-0.292965744033	0.218940701218	-0.0839040160354
	 Inner loop 	370.753768844	0.0494583228737	-4.31037850773e-07	-1.39358757908	1.46717626822	-0.292961669481	0.219372549307	-0.0840692248075
	 Inner loop 	370.753768844	0.0494583213448	-2.54862395244e-07	-1.3935876728	1.46717640594	-0.292961668244	0.219372680237	-0.0840692748964
	 Inner loop 	370.753768844	0.049458319133	-8.4848794657e-14	-1.39358780837	1.46717660518	-0.292961666456	0.219372869645	-0.0840693473569
	 Inner loop 	370.753768844	0.049458319133	-4.60464999463e-14	-1.39358780837	1.46717660518	-0.292961666456	0.219372869645	-0.0840693473569
Outer loop 	150	0.049458319133	-0.0840693473569
	 Inner loop 	371.75879397	0.0491076090886	-0.00101037388801	-1.43036159184	1.48541845949	-0.292791341088	0.236724099556	-0.0907072727265
	 Inner loop 	371.75879397	0.049103975838	-0.000612988003761	-1.43058184033	1.48573335109	-0.292788285898	0.23702378714	-0.0908219218794
	 Inner loop 	371.75879397	0.0490983715363	-4.59233903516e-07	-1.43092130201	1.4862186994	-0.292783569223	0.237485712596	-0.0909986371165
	 Inner loop 	371.75879397	0.0490983698845	-2.78775322382e-07	-1.43092140201	1.48621884239	-0.292783567833	0.237485848683	-0.0909986891782
	 Inner loop 	371.75879397	0.0490983673327	-8.94562202092e-14	-1.4309215565	1.48621906327	-0.292783565684	0.237486058912	-0.090998769604
	 Inner loop 	371.75879397	0.0490983673327	-6.3976601794e-14	-1.4309215565	1.48621906327	-0.292783565684	0.237486058912	-0.090998769604
Outer loop 	151	0.0490983673327	-0.090998769604
	 Inner loop 	372.763819095	0.0487323637926	-0.00103371148159	-1.46882823388	1.50500871703	-0.292593820502	0.255379625873	-0.0978441726495
	 Inner loop 	372.763819095	0.0487286018115	-0.000642720832385	-1.46905333657	1.50532251338	-0.292590533275	0.255678635633	-0.0979585624929
	 Inner loop 	372.763819095	0.0487224181905	-4.85045575371e-07	-1.46942304524	1.50583791873	-0.292585125611	0.256169767071	-0.0981464508358
	 Inner loop 	372.763819095	0.0487224164249	-3.01746421738e-07	-1.46942315075	1.50583806583	-0.292585124066	0.256169907241	-0.0981465044594
	 Inner loop 	372.763819095	0.0487224135184	-9.30366894636e-14	-1.46942332444	1.50583830798	-0.292585121523	0.256170137987	-0.0981465927343
	 Inner loop 	372.763819095	0.0487224135184	-7.24420523568e-14	-1.46942332444	1.50583830798	-0.292585121523	0.256170137987	-0.0981465927343
Outer loop 	152	0.0487224135184	-0.0981465927344
	 Inner loop 	373.768844221	0.0483404840135	-0.00103381462691	-1.50847574636	1.52519221011	-0.292374447105	0.27462416873	-0.10520640806
	 Inner loop 	373.768844221	0.0483366831947	-0.000657680440114	-1.50870010808	1.52549774707	-0.292371002187	0.27491568276	-0.10531793032
	 Inner loop 	373.768844221	0.0483300380374	-4.88738703563e-07	-1.50909206493	1.52603155043	-0.292364974684	0.275425000448	-0.105512776035
	 Inner loop 	373.768844221	0.0483300362402	-3.11076843895e-07	-1.50909217088	1.52603169473	-0.292364973053	0.27542513813	-0.105512828707
	 Inner loop 	373.768844221	0.0483300330935	-1.2445600106e-13	-1.5090923564	1.52603194739	-0.292364970197	0.275425379205	-0.105512920933
	 Inner loop 	373.768844221	0.0483300330935	-7.93809462607e-14	-1.5090923564	1.52603194739	-0.292364970197	0.275425379205	-0.105512920933
Outer loop 	153	0.0483300330935	-0.105512920933
	 Inner loop 	374.773869347	0.047931481727	-0.00108147267401	-1.54929148021	1.5459476479	-0.292131999439	0.294394359075	-0.112787261424
	 Inner loop 	374.773869347	0.0479274544165	-0.000705931670667	-1.54952490175	1.54625869753	-0.292128235702	0.294688508252	-0.112900949585
	 Inner loop 	374.773869347	0.0479198850718	-5.44223661025e-07	-1.54996326905	1.54684289795	-0.292121156392	0.295240983269	-0.113114480247
	 Inner loop 	374.773869347	0.0479198830449	-3.55414680631e-07	-1.54996338638	1.54684305432	-0.292121154495	0.295241131143	-0.1131145374
	 Inner loop 	374.773869347	0.0479198792295	-1.28563826252e-13	-1.54996360723	1.54684334865	-0.292121150925	0.2952414095	-0.113114644985
	 Inner loop 	374.773869347	0.0479198792295	-6.94999613415e-14	-1.54996360723	1.54684334865	-0.292121150925	0.2952414095	-0.113114644985
Outer loop 	154	0.0479198792295	-0.113114644985
	 Inner loop 	375.778894472	0.047503041789	-0.00118679341219	-1.59134609152	1.5673629	-0.291863861775	0.314660259882	-0.120619997914
	 Inner loop 	375.778894472	0.0474985920816	-0.000790287991625	-1.59160033317	1.56769491801	-0.29185956048	0.314974687652	-0.120741523717
	 Inner loop 	375.778894472	0.0474897248809	-6.57807183113e-07	-1.5921065437	1.56835605217	-0.291850982359	0.315600816084	-0.1209835213
	 Inner loop 	375.778894472	0.0474897224143	-4.3825124002e-07	-1.59210668443	1.56835623598	-0.291850979972	0.31560099017	-0.120983588584
	 Inner loop 	375.778894472	0.0474897174908	-2.15993889441e-13	-1.59210696535	1.56835660289	-0.291850975206	0.315601337659	-0.120983722888
	 Inner loop 	375.778894472	0.0474897174908	-1.40831790674e-13	-1.59210696535	1.56835660289	-0.291850975206	0.315601337659	-0.120983722888
Outer loop 	155	0.0474897174908	-0.120983722888
	 Inner loop 	376.783919598	0.0470537187192	-0.00105045984871	-1.63474400281	1.58956157788	-0.291566562247	0.335698527331	-0.128751252809
	 Inner loop 	376.783919598	0.047049758664	-0.000712792104148	-1.63496691453	1.58984725232	-0.291562607568	0.335969477674	-0.12885597466
	 Inner loop 	376.783919598	0.0470414008557	-5.16407247408e-07	-1.635437029	1.59044979055	-0.291554255706	0.336540977745	-0.129076858474
	 Inner loop 	376.783919598	0.0470413989088	-3.50551270178e-07	-1.63543713845	1.59044993085	-0.29155425376	0.336541110814	-0.129076909905
	 Inner loop 	376.783919598	0.047041394794	-1.01696429056e-13	-1.63543736979	1.59045022737	-0.291554249646	0.336541392068	-0.129077018609
	 Inner loop 	376.783919598	0.047041394794	-6.48925357893e-14	-1.63543736979	1.59045022737	-0.291554249646	0.336541392068	-0.129077018609
Outer loop 	156	0.047041394794	-0.129077018609
	 Inner loop 	377.788944724	0.0465872867865	-0.00105527275911	-1.679243248	1.61222242996	-0.291242670771	0.357208216044	-0.137064711228
	 Inner loop 	377.788944724	0.0465832919827	-0.000728794259884	-1.67946475273	1.61250134122	-0.291238555523	0.357473172775	-0.137167116558
	 Inner loop 	377.788944724	0.0465743763107	-5.21273712195e-07	-1.67995875267	1.61312343552	-0.291229365418	0.358064161293	-0.137395532624
	 Inner loop 	377.788944724	0.0465743743374	-3.60138682876e-07	-1.67995886195	1.61312357315	-0.291229363384	0.358064292046	-0.137395583159
	 Inner loop 	377.788944724	0.046574369927	-1.25066623724e-13	-1.67995910621	1.61312388076	-0.291229358835	0.358064584279	-0.137395696107
	 Inner loop 	377.788944724	0.046574369927	-8.90953977262e-14	-1.67995910621	1.61312388076	-0.291229358835	0.35806458428	-0.137395696107
Outer loop 	157	0.046574369927	-0.137395696107
	 Inner loop 	378.793969849	0.046100389273	-0.00128614857344	-1.72493840084	1.63546287537	-0.290888994005	0.379078370907	-0.145604723692
	 Inner loop 	378.793969849	0.0460954531924	-0.000912873048603	-1.72520504202	1.63579312718	-0.290883810824	0.379382852614	-0.145726182609
	 Inner loop 	378.793969849	0.0460833852915	-7.99095423387e-07	-1.72585636723	1.6365999495	-0.290871129469	0.380126748098	-0.146022925362
	 Inner loop 	378.793969849	0.0460833822248	-5.67414338182e-07	-1.72585653264	1.63660015443	-0.290871126245	0.380126937044	-0.146023000733
	 Inner loop 	378.793969849	0.0460833747141	-2.998157278e-13	-1.72585693775	1.63660065631	-0.290871118349	0.380127399794	-0.146023185326
	 Inner loop 	378.793969849	0.0460833747141	-1.97730720686e-13	-1.72585693775	1.63660065631	-0.290871118349	0.380127399794	-0.146023185326
Outer loop 	158	0.0460833747141	-0.146023185326
	 Inner loop 	379.798994975	0.0455843616164	-0.00150339223203	-1.77219470818	1.65972281097	-0.290496471803	0.401464976783	-0.154534826375
	 Inner loop 	379.798994975	0.0455785841131	-0.00108354171888	-1.77250192814	1.6600975305	-0.29049022142	0.40181107734	-0.154672887211
	 Inner loop 	379.798994975	0.0455636792761	-1.08692699152e-06	-1.77329370451	1.6610634401	-0.290474083545	0.402703261037	-0.155028782699
	 Inner loop 	379.798994975	0.0455636750995	-7.83738332955e-07	-1.77329392623	1.6610637106	-0.290474079021	0.402703510906	-0.155028882373
	 Inner loop 	379.798994975	0.0455636643029	-6.25721696679e-13	-1.77329449935	1.66106440986	-0.290474067324	0.402704156812	-0.155029140027
	 Inner loop 	379.798994975	0.0455636643029	-4.55580018155e-13	-1.77329449935	1.66106440986	-0.290474067324	0.402704156812	-0.155029140027
Outer loop 	159	0.0455636643029	-0.155029140027
	 Inner loop 	380.804020101	0.0450382005901	-0.00109441937363	-1.8211529619	1.68514765654	-0.29005940361	0.424970289602	-0.163911185536
	 Inner loop 	380.804020101	0.0450339936681	-0.00080037886111	-1.82137294896	1.68541219319	-0.290054717358	0.425215094267	-0.164008839053
	 Inner loop 	380.804020101	0.0450225457401	-5.72300892621e-07	-1.82197115361	1.68613163845	-0.290041957953	0.425880900816	-0.164274431831
	 Inner loop 	380.804020101	0.0450225435404	-4.18667449154e-07	-1.82197126849	1.68613177663	-0.2900419555	0.425881028699	-0.164274482844
	 Inner loop 	380.804020101	0.045022537546	-1.44495526655e-13	-1.82197158156	1.68613215319	-0.290041948817	0.425881377193	-0.16427462186
	 Inner loop 	380.804020101	0.045022537546	-1.0641487691e-13	-1.82197158156	1.68613215319	-0.290041948817	0.425881377193	-0.16427462186
Outer loop 	160	0.045022537546	-0.16427462186
	 Inner loop 	381.809045226	0.0444757154424	-0.00109898662907	-1.87104969904	1.71080496521	-0.289591541516	0.44873728872	-0.173391932362
	 Inner loop 	381.809045226	0.0444714937792	-0.000814737330048	-1.87126682585	1.71106260498	-0.289586706448	0.448976189991	-0.173487230992
	 Inner loop 	381.809045226	0.0444593970106	-5.72189273795e-07	-1.87188854437	1.71180043407	-0.289572844673	0.449660382786	-0.173760158114
	 Inner loop 	381.809045226	0.0444593948128	-4.24314983705e-07	-1.87188865727	1.71180056806	-0.289572842153	0.449660507042	-0.173760207681
	 Inner loop 	381.809045226	0.0444593885065	-1.72362124573e-13	-1.87188898121	1.71180095255	-0.289572834924	0.449660863588	-0.173760349908
	 Inner loop 	381.809045226	0.0444593885065	-1.38611344624e-13	-1.87188898121	1.71180095255	-0.289572834924	0.449660863588	-0.173760349908
Outer loop 	161	0.0444593885065	-0.173760349908
	 Inner loop 	382.814070352	0.0438929829295	-0.000637487668123	-1.92218690958	1.7370603694	-0.289084755434	0.473573807948	-0.183113694492
	 Inner loop 	382.814070352	0.043890552633	-0.000475783204937	-1.92231056125	1.7372052809	-0.289081879398	0.473711376548	-0.18316740917
	 Inner loop 	382.814070352	0.0438834032333	-1.86626174126e-07	-1.92267417279	1.73763144593	-0.289073416334	0.474115956568	-0.183325380431
	 Inner loop 	382.814070352	0.0438834025218	-1.39308247216e-07	-1.92267420896	1.73763148833	-0.289073415492	0.474115996819	-0.183325396147
	 Inner loop 	382.814070352	0.0438834004274	2.29816166097e-14	-1.92267431546	1.73763161315	-0.289073413012	0.474116115319	-0.183325442416
	 Inner loop 	382.814070352	0.0438834004274	1.72084568817e-14	-1.92267431546	1.73763161315	-0.289073413012	0.474116115319	-0.183325442416
Outer loop 	162	0.0438834004274	-0.183325442416
	 Inner loop 	383.819095477	0.0433021245116	-0.00104971401318	-1.97382182932	1.76305218996	-0.288554986821	0.498274912168	-0.192758423341
	 Inner loop 	383.819095477	0.0432981304854	-0.000792971483168	-1.9740217274	1.76328371618	-0.288550141847	0.498495181581	-0.192844429163
	 Inner loop 	383.819095477	0.0432857983041	-5.00017723282e-07	-1.97463854661	1.76399823483	-0.288535175603	0.499174987366	-0.19310986436
	 Inner loop 	383.819095477	0.0432857964019	-3.77810391472e-07	-1.97463864171	1.763998345	-0.288535173293	0.499175092189	-0.193109905289
	 Inner loop 	383.819095477	0.043285790521	-9.75330927133e-14	-1.97463893571	1.76399868561	-0.288535166154	0.499175416255	-0.193110031823
	 Inner loop 	383.819095477	0.043285790521	-7.45514761036e-14	-1.97463893571	1.76399868561	-0.288535166154	0.499175416255	-0.193110031823
Outer loop 	163	0.043285790521	-0.193110031823
	 Inner loop 	384.824120603	0.0426827595276	-0.00109159498996	-2.02694475177	1.78994310112	-0.287977327464	0.523887383123	-0.202759002073
	 Inner loop 	384.824120603	0.0426786176279	-0.000834118856651	-2.02714852057	1.79017657016	-0.287972179995	0.52411001155	-0.202845928989
	 Inner loop 	384.824120603	0.0426652038641	-5.33075185882e-07	-2.02780800149	1.79093229441	-0.287955502332	0.524830676341	-0.203127317887
	 Inner loop 	384.824120603	0.0426652018418	-4.07429777693e-07	-2.02780810087	1.7909324083	-0.287955499817	0.524830784954	-0.203127360296
	 Inner loop 	384.824120603	0.042665195284	-9.08162434143e-14	-2.02780842312	1.79093277762	-0.287955491661	0.524831137154	-0.203127497815
	 Inner loop 	384.824120603	0.042665195284	-6.39488462184e-14	-2.02780842312	1.79093277762	-0.287955491661	0.524831137154	-0.203127497815
Outer loop 	164	0.042665195284	-0.203127497815
	 Inner loop 	385.829145729	0.0420351380017	-0.00193273292202	-2.08129676569	1.81743054676	-0.287355588548	0.549289074557	-0.213005552525
	 Inner loop 	385.829145729	0.0420277394106	-0.00151156079925	-2.08165000163	1.81783126953	-0.287346289847	0.549653461152	-0.213155115104
	 Inner loop 	385.829145729	0.0420012030828	-1.71841083552e-06	-2.0829154483	1.81926727766	-0.287312912002	0.550959364231	-0.213691123386
	 Inner loop 	385.829145729	0.0420011965072	-1.34442333377e-06	-2.08291576159	1.81926763326	-0.287312903726	0.550959687631	-0.213691256126
	 Inner loop 	385.829145729	0.0420011728688	-1.35003119794e-12	-2.08291688779	1.81926891157	-0.287312873975	0.550960850199	-0.213691733302
	 Inner loop 	385.829145729	0.0420011728688	-1.05870867628e-12	-2.08291688779	1.81926891157	-0.287312873975	0.550960850199	-0.213691733302
Outer loop 	165	0.0420011728688	-0.213691733303
	 Inner loop 	386.834170854	0.0413299107217	-0.00150141764284	-2.1383098676	1.84712754292	-0.28664811699	0.576329024024	-0.224104107316
	 Inner loop 	386.834170854	0.0413241926584	-0.0011860260475	-2.13857763759	1.84742872637	-0.286640750796	0.576603635972	-0.224216821866
	 Inner loop 	386.834170854	0.0413027006681	-1.01453743506e-06	-2.13958316971	1.84856001584	-0.286613047921	0.577635187253	-0.224640222377
	 Inner loop 	386.834170854	0.0413026968055	-8.01625107072e-07	-2.1395833503	1.84856021905	-0.28661304294	0.577635372559	-0.224640298436
	 Inner loop 	386.834170854	0.0413026822627	-4.29989377437e-13	-2.13958403022	1.84856098416	-0.286613024185	0.577636070244	-0.224640584801
	 Inner loop 	386.834170854	0.0413026822627	-3.35176331134e-13	-2.13958403022	1.84856098416	-0.286613024185	0.577636070245	-0.224640584801
Outer loop 	166	0.0413026822627	-0.224640584801
	 Inner loop 	387.83919598	0.0405988642034	-0.00112171919377	-2.19650242016	1.87734831971	-0.285889773421	0.603922154678	-0.235429715479
	 Inner loop 	387.83919598	0.0405946167859	-0.000894409616311	-2.19669743563	1.87756600103	-0.285884169856	0.604121194841	-0.235511411569
	 Inner loop 	387.83919598	0.0405779104972	-5.52326546388e-07	-2.19746397256	1.87842179635	-0.285862120296	0.604903744182	-0.235832609164
	 Inner loop 	387.83919598	0.0405779084063	-4.40477478381e-07	-2.19746406845	1.87842190342	-0.285862117535	0.604903842088	-0.23583264935
	 Inner loop 	387.83919598	0.0405779001721	-1.0325074129e-13	-2.19746444606	1.87842232506	-0.285862106664	0.604904227659	-0.235832807607
	 Inner loop 	387.83919598	0.0405779001721	-8.57092175011e-14	-2.19746444606	1.87842232506	-0.285862106664	0.604904227659	-0.235832807607
Outer loop 	167	0.0405779001721	-0.235832807607
	 Inner loop 	388.844221106	0.0398380425653	-0.0032221310807	-2.2555659852	1.9077645178	-0.285087124173	0.629666460488	-0.246861622594
	 Inner loop 	388.844221106	0.0398256672598	-0.00264578859715	-2.25611163186	1.90836948926	-0.285070756619	0.630167110623	-0.247089345501
	 Inner loop 	388.844221106	0.0397689277608	-4.79024690569e-06	-2.25860830556	1.91113938376	-0.284995615538	0.632459747091	-0.248132161238
	 Inner loop 	388.844221106	0.0397689093799	-3.93507733254e-06	-2.25860911302	1.91114028005	-0.28499559117	0.632460489057	-0.248132498725
	 Inner loop 	388.844221106	0.0397688247999	-1.05719877297e-11	-2.25861282855	1.91114440437	-0.28499547904	0.632463903212	-0.248134051669
	 Inner loop 	388.844221106	0.0397688247998	-8.68538574395e-12	-2.25861282855	1.91114440437	-0.28499547904	0.632463903214	-0.248134051669
Outer loop 	168	0.0397688247996	-0.248134051673
	 Inner loop 	389.849246231	0.0389520942185	-0.00166444574996	-2.31989928817	1.94325053637	-0.284100309163	0.659084615214	-0.260242599103
	 Inner loop 	389.849246231	0.0389457595369	-0.00137752608645	-2.32017182479	1.94355146544	-0.28409170739	0.659334540654	-0.260356278784
	 Inner loop 	389.849246231	0.038915365886	-1.22760783494e-06	-2.3214780903	1.94499431756	-0.284050410122	0.660532955247	-0.26090138291
	 Inner loop 	389.849246231	0.0389153612162	-1.0161894044e-06	-2.32147829082	1.94499453912	-0.284050403774	0.660533139285	-0.26090146662
	 Inner loop 	389.849246231	0.0389153387706	-6.84674539286e-13	-2.32147925467	1.94499560406	-0.28405037326	0.66053402387	-0.260901868978
	 Inner loop 	389.849246231	0.0389153387706	-5.70987701565e-13	-2.32147925467	1.94499560406	-0.28405037326	0.660534023871	-0.260901868978
Outer loop 	169	0.0389153387705	-0.260901868978
	 Inner loop 	390.854271357	0.0380595431387	-0.000510535074349	-2.38442728478	1.9781946217	-0.28307506222	0.688797190223	-0.273467001263
	 Inner loop 	390.854271357	0.0380576441394	-0.000419789108439	-2.38450814168	1.97828360427	-0.28307238329	0.688877131587	-0.273500738508
	 Inner loop 	390.854271357	0.0380488609878	-1.04947531221e-07	-2.38488200343	1.97869508034	-0.283059990774	0.689246808914	-0.273656751538
	 Inner loop 	390.854271357	0.0380488605975	-8.62983549066e-08	-2.38488202004	1.97869509862	-0.283059990223	0.68924682534	-0.27365675847
	 Inner loop 	390.854271357	0.0380488587913	2.03170813506e-14	-2.3848820969	1.97869518322	-0.283059987674	0.689246901349	-0.273656790548
	 Inner loop 	390.854271357	0.0380488587913	1.44328993201e-14	-2.3848820969	1.97869518322	-0.283059987674	0.689246901349	-0.273656790548
Outer loop 	170	0.0380488587913	-0.273656790548
	 Inner loop 	391.859296482	0.0371840522606	0.000375711333901	-2.44834039057	2.01175435579	-0.282039963427	0.719001709541	-0.286214059962
	 Inner loop 	391.859296482	0.0371854378565	0.00031107561401	-2.44828274835	2.01169110615	-0.282041961085	0.7189446789	-0.286189991612
	 Inner loop 	391.859296482	0.0371921072674	-5.43952043408e-08	-2.44800523224	2.01138661814	-0.282051575462	0.718670135164	-0.286074127324
	 Inner loop 	391.859296482	0.0371921070667	-4.50356103521e-08	-2.44800524059	2.0113866273	-0.282051575173	0.718670143423	-0.28607413081
	 Inner loop 	391.859296482	0.0371921061014	7.66053886991e-15	-2.44800528076	2.01138667138	-0.282051573781	0.718670183166	-0.286074147582
	 Inner loop 	391.859296482	0.0371921061014	8.54871728961e-15	-2.44800528076	2.01138667138	-0.282051573781	0.718670183166	-0.286074147582
Outer loop 	171	0.0371921061014	-0.286074147582
	 Inner loop 	392.864321608	0.0363307127272	-0.00105703228758	-2.51118095777	2.04348020122	-0.28101551015	0.74765923442	-0.298308248515
	 Inner loop 	392.864321608	0.0363268468695	-0.000880614438986	-2.51133836246	2.04365245875	-0.281009825192	0.747815114462	-0.298374033771
	 Inner loop 	392.864321608	0.0363075570646	-4.10551948216e-07	-2.51212328657	2.04451165623	-0.280981449541	0.748592669324	-0.29870218127
	 Inner loop 	392.864321608	0.0363075555636	-3.42063159242e-07	-2.51212334762	2.04451172307	-0.280981447332	0.748592729814	-0.298702206798
	 Inner loop 	392.864321608	0.0363075480666	-3.73034936274e-14	-2.51212365252	2.04451205689	-0.280981436301	0.748593031927	-0.298702334297
	 Inner loop 	392.864321608	0.0363075480666	-4.01900734914e-14	-2.51212365252	2.04451205689	-0.280981436301	0.748593031927	-0.298702334297
Outer loop 	172	0.0363075480666	-0.298702334297
	 Inner loop 	393.869346734	0.0354147002791	-0.00191667447319	-2.57624846872	2.07702845155	-0.2798831696	0.7771865123	-0.311145272708
	 Inner loop 	393.869346734	0.0354077085697	-0.00161676943861	-2.57652457896	2.0773303873	-0.27987274801	0.777450170239	-0.311261037224
	 Inner loop 	393.869346734	0.0353700431726	-1.30446921742e-06	-2.57801028787	2.0789558381	-0.279816573167	0.778869718475	-0.311884319481
	 Inner loop 	393.869346734	0.0353700384169	-1.10051352975e-06	-2.57801047528	2.07895604321	-0.279816566071	0.778869897625	-0.311884398141
	 Inner loop 	393.869346734	0.0353700127556	-5.78648240435e-13	-2.57801148649	2.07895714998	-0.279816527781	0.778870864288	-0.311884822574
	 Inner loop 	393.869346734	0.0353700127556	-4.88942220045e-13	-2.57801148649	2.07895714998	-0.279816527781	0.778870864288	-0.311884822574
Outer loop 	173	0.0353700127556	-0.311884822575
	 Inner loop 	394.874371859	0.0344271528107	-0.00125049643356	-2.64382376322	2.11274911346	-0.278621492018	0.808445645346	-0.324870246964
	 Inner loop 	394.874371859	0.0344226381464	-0.00106036141373	-2.64399733699	2.11293922159	-0.27861462154	0.808612375522	-0.324943453325
	 Inner loop 	394.874371859	0.0343974717942	-5.18270515171e-07	-2.64496415579	2.11399849057	-0.278576309413	0.809541456359	-0.325351385642
	 Inner loop 	394.874371859	0.0343974699238	-4.39503683447e-07	-2.64496422759	2.11399856927	-0.278576306564	0.809541525389	-0.325351415951
	 Inner loop 	394.874371859	0.0343974594873	-9.79216707719e-14	-2.64496462827	2.11399900838	-0.278576290672	0.809541910562	-0.325351585069
	 Inner loop 	394.874371859	0.0343974594873	-8.60422844084e-14	-2.64496462827	2.11399900838	-0.278576290672	0.809541910562	-0.325351585069
Outer loop 	174	0.0343974594873	-0.325351585069
	 Inner loop 	395.879396985	0.0334202723963	-0.00110500409568	-2.7117742837	2.14836971036	-0.277305144679	0.839604713923	-0.338617597902
	 Inner loop 	395.879396985	0.0334163175467	-0.000943157741054	-2.71192192101	2.14853191376	-0.277299016467	0.839745865974	-0.338680341533
	 Inner loop 	395.879396985	0.0333932799603	-3.75480273207e-07	-2.71278133473	2.14947641866	-0.277263307858	0.840567848442	-0.339045721734
	 Inner loop 	395.879396985	0.0333932786169	-3.20503398821e-07	-2.71278138481	2.14947647372	-0.277263305775	0.840567896362	-0.339045743035
	 Inner loop 	395.879396985	0.0333932707852	-6.75015598972e-14	-2.7127816768	2.14947679471	-0.277263293632	0.840568175725	-0.339045867215
	 Inner loop 	395.879396985	0.0333932707852	-5.86197757002e-14	-2.7127816768	2.14947679471	-0.277263293632	0.840568175725	-0.339045867215
Outer loop 	175	0.0333932707852	-0.339045867215
	 Inner loop 	396.884422111	0.0323844893739	-0.00111184658041	-2.7803838598	2.18427095859	-0.275918872998	0.870919927629	-0.352537553026
	 Inner loop 	396.884422111	0.0323805533067	-0.000952942973147	-2.78052658858	2.1844285669	-0.275912654238	0.871057732939	-0.352598808994
	 Inner loop 	396.884422111	0.032356958156	-3.45833976456e-07	-2.78138158483	2.18537302192	-0.275875364359	0.871883581433	-0.352965907685
	 Inner loop 	396.884422111	0.0323569569322	-2.96421715729e-07	-2.78138162915	2.1853730709	-0.275875362424	0.871883624259	-0.352965926722
	 Inner loop 	396.884422111	0.0323569495902	-5.01820807131e-14	-2.78138189503	2.18537336468	-0.275875350818	0.871883881168	-0.352966040921
	 Inner loop 	396.884422111	0.0323569495902	-4.26325641456e-14	-2.78138189503	2.18537336468	-0.275875350818	0.871883881168	-0.352966040921
Outer loop 	176	0.0323569495902	-0.352966040921
	 Inner loop 	397.889447236	0.0313167491792	-0.000953264155682	-2.84968524763	2.2205739513	-0.274455485989	0.902613518158	-0.366681972587
	 Inner loop 	397.889447236	0.0313133973507	-0.000823709714171	-2.84980254308	2.22070444632	-0.274450112922	0.902724499968	-0.366732944715
	 Inner loop 	397.889447236	0.0312920937738	-2.27317102031e-07	-2.85054757686	2.22153359338	-0.274415954243	0.90342971041	-0.36705683633
	 Inner loop 	397.889447236	0.0312920929748	-1.96428747046e-07	-2.85054760479	2.22153362447	-0.274415952961	0.903429736855	-0.367056848476
	 Inner loop 	397.889447236	0.0312920878935	-3.56381590905e-14	-2.8505477824	2.22153382218	-0.274415944812	0.903429905027	-0.367056925714
	 Inner loop 	397.889447236	0.0312920878935	-2.83106871279e-14	-2.8505477824	2.22153382218	-0.274415944812	0.903429905027	-0.367056925714
Outer loop 	177	0.0312920878935	-0.367056925714
	 Inner loop 	398.894472362	0.0302208267885	-0.00159585671425	-2.91932829652	2.25699129422	-0.272924375758	0.933665521341	-0.380943649442
	 Inner loop 	398.894472362	0.0302152809242	-0.00138312027419	-2.91951604725	2.25720231521	-0.272915317707	0.933845929467	-0.381026507941
	 Inner loop 	398.894472362	0.0301792447097	-5.49684755824e-07	-2.92073468916	2.2585728228	-0.272856436399	0.93501775307	-0.381564707344
	 Inner loop 	398.894472362	0.0301792428005	-4.76422896134e-07	-2.92073475366	2.25857289538	-0.272856433278	0.935017815135	-0.381564735849
	 Inner loop 	398.894472362	0.0301792303846	-8.53761505937e-14	-2.92073517314	2.25857336738	-0.272856412984	0.935018218743	-0.38156492122
	 Inner loop 	398.894472362	0.0301792303846	-7.07212066686e-14	-2.92073517314	2.25857336738	-0.272856412984	0.935018218743	-0.38156492122
Outer loop 	178	0.0301792303846	-0.38156492122
	 Inner loop 	399.899497487	0.0290638671061	-0.000634314095571	-2.99039657156	2.29487838503	-0.271263371032	0.966147243461	-0.395861972805
	 Inner loop 	399.899497487	0.0290616900129	-0.0005511299803	-2.99046754409	2.29495932597	-0.271259747386	0.966216835517	-0.395893935298
	 Inner loop 	399.899497487	0.0290472690511	-7.14477962349e-08	-2.99093745015	2.29549537432	-0.271235740904	0.966677745289	-0.396105623613
	 Inner loop 	399.899497487	0.0290472688059	-6.2078419405e-08	-2.99093745814	2.29549538343	-0.271235740496	0.966677753124	-0.396105627211
	 Inner loop 	399.899497487	0.0290472671815	2.98649993624e-14	-2.99093751105	2.29549544381	-0.271235737791	0.966677805037	-0.396105651054
	 Inner loop 	399.899497487	0.0290472671815	2.50910403565e-14	-2.99093751105	2.29549544381	-0.271235737791	0.966677805037	-0.396105651054
Outer loop 	179	0.0290472671815	-0.396105651054
	 Inner loop 	400.904522613	0.0279080383759	-0.00186566020529	-3.06050490357	2.33168957933	-0.26958195845	0.996531622484	-0.410439772028
	 Inner loop 	400.904522613	0.0279016790869	-0.00163308136579	-3.06070299932	2.33191960805	-0.269571239784	0.996721549688	-0.410531133099
	 Inner loop 	400.904522613	0.0278570564105	-4.46452365188e-07	-3.06209101639	2.3335328317	-0.269495993959	0.998053732202	-0.411171955574
	 Inner loop 	400.904522613	0.0278570548897	-3.9079022629e-07	-3.06209106364	2.33353288665	-0.269495991393	0.99805377759	-0.411171977407
	 Inner loop 	400.904522613	0.0278570442124	-3.57491813929e-14	-3.06209139534	2.33353327248	-0.269495973382	0.998054096243	-0.411172130689
	 Inner loop 	400.904522613	0.0278570442124	-3.59712259979e-14	-3.06209139534	2.33353327248	-0.269495973382	0.998054096243	-0.411172130689
Outer loop 	180	0.0278570442124	-0.411172130689
	 Inner loop 	401.909547739	0.0266653582637	-0.000381286158554	-3.13238654933	2.37080032257	-0.267721283883	1.02892622448	-0.426022613571
	 Inner loop 	401.909547739	0.0266640763104	-0.000334112206826	-3.13242460429	2.37084566868	-0.267719081653	1.02896390506	-0.426040739134
	 Inner loop 	401.909547739	0.0266549980105	-1.12402358532e-08	-3.13269400986	2.37116675883	-0.267703484938	1.02923072473	-0.426169087948
	 Inner loop 	401.909547739	0.0266549979727	-9.8494716827e-09	-3.13269401098	2.37116676017	-0.267703484873	1.02923072584	-0.426169088482
	 Inner loop 	401.909547739	0.0266549977051	-4.4408920985e-14	-3.13269401892	2.37116676963	-0.267703484414	1.02923073371	-0.426169092265
	 Inner loop 	401.909547739	0.0266549977051	-3.90798504668e-14	-3.13269401892	2.37116676963	-0.267703484414	1.02923073371	-0.426169092265
Outer loop 	181	0.0266549977051	-0.426169092265
	 Inner loop 	402.914572864	0.0254505113186	-0.0006447646055	-3.20227620689	2.40804615607	-0.265876960889	1.05946224711	-0.440957516681
	 Inner loop 	402.914572864	0.0254483679867	-0.000566414218043	-3.20233646944	2.40812026625	-0.265873219866	1.05952300884	-0.440987329234
	 Inner loop 	402.914572864	0.0254328767713	-6.29856944379e-09	-3.20277176933	2.40865581784	-0.265846177185	1.05996212238	-0.441202778885
	 Inner loop 	402.914572864	0.0254328767503	-5.533044245e-09	-3.20277176992	2.40865581856	-0.265846177148	1.05996212297	-0.441202779176
Outer loop 	182	0.025432876599	-0.44120278128
