l_s	l_l	R	theta	
	 0.19489	 0.19635	 0.01576	 0.47184
	 0.45538	 0.32750	 0.00419	 9.06807
	 0.32565	 0.34526	 0.00252	 16.71842
	 0.11062	 0.22541	 0.00976	 0.35696
	 0.37754	 0.49098	 0.00493	 0.20538
	 0.33963	 0.42816	 0.00497	 0.20786
	 0.30728	 0.41720	 0.02464	 0.50371
	 0.46546	 0.29945	 0.01495	 0.60756
	 0.17850	 0.35790	 0.02410	 0.30991
	 0.12899	 0.48398	 0.00502	 0.19905
	 0.42036	 0.38644	 0.00404	 8.89773
	 0.15486	 0.43485	 0.01852	 0.34148
	 0.28870	 0.13737	 0.00886	 0.34323
	 0.26037	 0.49574	 0.00895	 0.36039
	 0.16620	 0.23903	 0.00896	 0.34815
	 0.45755	 0.46092	 0.02385	 0.74337
	 0.24810	 0.16133	 0.00747	 0.29391
	 0.48665	 0.22755	 0.02339	 0.77166
	 0.30845	 0.14573	 0.01247	 0.46862
	 0.12052	 0.43549	 0.01687	 0.29335
	 0.28827	 0.21431	 0.01690	 0.59473
	 0.11488	 0.49294	 0.00579	 0.22786
	 0.23851	 0.35833	 0.00748	 0.29964
	 0.37871	 0.44733	 0.02009	 0.70913
	 0.24595	 0.30935	 0.00144	 35.74117
	 0.33791	 0.32626	 0.00136	 54.84043
	 0.37005	 0.31217	 0.01263	 0.50753
	 0.10847	 0.14849	 0.01315	 0.32423
	 0.23208	 0.27213	 0.01214	 0.47001
	 0.13998	 0.44191	 0.01373	 0.39589
	 0.15019	 0.27905	 0.00238	 8.50849
	 0.38166	 0.14841	 0.01386	 0.52000
	 0.42026	 0.42968	 0.00852	 0.34674
	 0.21964	 0.23465	 0.02349	 0.38265
	 0.37805	 0.34916	 0.01984	 0.70588
	 0.47818	 0.17906	 0.01124	 0.44262
	 0.13632	 0.36003	 0.01007	 0.38308
	 0.17862	 0.22328	 0.01386	 0.46949
	 0.10923	 0.19129	 0.02400	 0.19425
	 0.46647	 0.27861	 0.01057	 0.42682
	 0.15993	 0.24356	 0.01411	 0.43269
	 0.11786	 0.19145	 0.02372	 0.21112
	 0.41024	 0.49574	 0.00961	 0.39215
	 0.26103	 0.42816	 0.00446	 0.18687
	 0.15517	 0.48398	 0.00502	 0.19978
	 0.42036	 0.38644	 0.00404	 8.89773
	 0.42026	 0.18202	 0.00852	 0.33864
	 0.47818	 0.42670	 0.01124	 0.46132
	 0.30993	 0.14942	 0.01259	 0.47388
	 0.37606	 0.48277	 0.00481	 0.20013
	 0.46647	 0.49192	 0.00513	 5.56544
	 0.13560	 0.26543	 0.01120	 0.40536
	 0.34133	 0.27194	 0.00535	 0.21408
	 0.23038	 0.42835	 0.01218	 0.47987
	 0.23851	 0.22046	 0.00748	 0.29666
	 0.48665	 0.36542	 0.02339	 0.79173
	 0.11488	 0.49294	 0.00579	 0.22786
	 0.21964	 0.23465	 0.02349	 0.38265
	 0.17862	 0.49157	 0.01386	 0.47833
	 0.11488	 0.21972	 0.00579	 0.22575
	 0.10847	 0.14849	 0.01315	 0.32423
	 0.37005	 0.31217	 0.01263	 0.50754
	 0.13998	 0.46949	 0.01373	 0.39601
	 0.10923	 0.19129	 0.02400	 0.19425
	 0.17688	 0.35790	 0.02410	 0.30725
	 0.42026	 0.42968	 0.00852	 0.34674
	 0.30728	 0.41720	 0.02460	 0.50446
	 0.11062	 0.22541	 0.00948	 0.35049
	 0.28870	 0.13737	 0.00580	 0.22838
	 0.11062	 0.22541	 0.00976	 0.35696
	 0.17850	 0.36212	 0.02410	 0.30993
	 0.38166	 0.14435	 0.01386	 0.51809
	 0.33073	 0.23903	 0.01404	 0.54707
	 0.19141	 0.14841	 0.00878	 0.33729
	 0.12052	 0.43549	 0.01687	 0.29335
	 0.38096	 0.49098	 0.00493	 0.20533
	 0.12096	 0.43253	 0.01687	 0.29433
	 0.13588	 0.36003	 0.00946	 0.36413
	 0.21964	 0.23465	 0.02349	 0.38265
	 0.24810	 0.16133	 0.00747	 0.29391
	 0.33963	 0.42816	 0.00365	 8.58829
	 0.25518	 0.42816	 0.00382	 0.15855
	 0.18655	 0.36212	 0.02410	 0.32303
	 0.11488	 0.49294	 0.00214	 7.43183
	 0.29203	 0.22046	 0.00748	 0.29807
	 0.12052	 0.43549	 0.01687	 0.29335
	 0.38696	 0.48348	 0.00362	 10.03600
	 0.17466	 0.49147	 0.00493	 0.19678
	 0.35593	 0.49098	 0.00489	 0.20387
	 0.33814	 0.27194	 0.00539	 0.21573
	 0.24425	 0.13737	 0.00582	 0.22824
	 0.33991	 0.42816	 0.00475	 0.19813
	 0.11488	 0.49927	 0.00579	 0.22788
	 0.42026	 0.42968	 0.00839	 0.34157
	 0.11786	 0.19145	 0.02354	 0.21260
	 0.37606	 0.48693	 0.00481	 0.20014
	 0.37606	 0.48277	 0.00522	 0.21865
	 0.12899	 0.48398	 0.00526	 0.20831
	 0.19193	 0.15807	 0.00757	 0.29529
	 0.23799	 0.21080	 0.00869	 0.34188
	 0.10923	 0.19129	 0.02400	 0.19425
	 0.28870	 0.13737	 0.00580	 0.22838
	 0.17850	 0.35790	 0.02409	 0.30994
	 0.10888	 0.19129	 0.01822	 0.24841
	 0.10923	 0.19129	 0.02400	 0.19425
	 0.24810	 0.16133	 0.00747	 0.29391
	 0.26103	 0.42699	 0.00446	 0.18687
	 0.21451	 0.36064	 0.02410	 0.36797
	 0.41596	 0.16440	 0.00852	 0.33707
	 0.26448	 0.16133	 0.00747	 0.29432
	 0.34133	 0.28737	 0.00535	 0.21422
	 0.12899	 0.47377	 0.00605	 0.23874
	 0.10847	 0.14849	 0.01315	 0.32423
	 0.10847	 0.14849	 0.01315	 0.32423
	 0.10973	 0.18474	 0.00514	 0.20088
	 0.16231	 0.49240	 0.02429	 0.28189
	 0.17688	 0.35790	 0.02410	 0.30725
	 0.37754	 0.49098	 0.00493	 0.20538
	 0.24810	 0.16133	 0.00645	 0.25463
	 0.38096	 0.49098	 0.00332	 11.03804
	 0.25518	 0.43082	 0.00382	 0.15855
	 0.37606	 0.48592	 0.00481	 0.20014
	 0.38589	 0.19396	 0.01822	 0.66378
	 0.10733	 0.48431	 0.00493	 0.19484
	 0.11809	 0.23020	 0.02366	 0.21231
	 0.11464	 0.45062	 0.00575	 0.22608
	 0.37606	 0.48277	 0.00481	 0.20013
	 0.26103	 0.42699	 0.00446	 0.18687
	 0.24810	 0.16133	 0.00266	 11.18310
	 0.12899	 0.48398	 0.00502	 0.19905
	 0.28812	 0.19129	 0.02400	 0.47961
	 0.11131	 0.13737	 0.00580	 0.22371
	 0.32976	 0.42816	 0.00475	 0.19827
	 0.38096	 0.49098	 0.00421	 6.55616
	 0.34153	 0.46294	 0.00538	 0.21636
	 0.12899	 0.27261	 0.00601	 0.23554
	 0.10973	 0.18474	 0.00514	 0.20088
	 0.26103	 0.42699	 0.00446	 0.18687
	 0.33963	 0.42816	 0.00497	 0.20786
	 0.11786	 0.19145	 0.02227	 0.22365
	 0.28870	 0.13737	 0.00580	 0.22838
	 0.17466	 0.49147	 0.00493	 0.19678
	 0.26103	 0.49606	 0.00382	 5.49547
	 0.25518	 0.39118	 0.00382	 0.15848
	 0.15517	 0.48398	 0.00502	 0.19978
	 0.13024	 0.19129	 0.02371	 0.23221
	 0.10973	 0.18474	 0.00514	 0.20088
	 0.35593	 0.49098	 0.00499	 0.20841
	 0.10923	 0.15994	 0.02468	 0.18889
	 0.37754	 0.49098	 0.00331	 11.00495
	 0.11849	 0.49294	 0.00579	 0.22807
	 0.33991	 0.42816	 0.00475	 0.19813
	 0.33963	 0.45207	 0.00497	 0.20794
	 0.26357	 0.42816	 0.00446	 4.39407
	 0.10923	 0.19129	 0.02423	 0.19249
	 0.15517	 0.48398	 0.00502	 0.19978
	 0.36531	 0.47905	 0.00522	 0.21884
	 0.11223	 0.48398	 0.00526	 0.20758
	 0.36035	 0.49098	 0.00493	 0.20563
	 0.37606	 0.48693	 0.00481	 0.20014
	 0.12945	 0.48693	 0.00481	 0.19108
	 0.35732	 0.48431	 0.00493	 0.20566
	 0.26416	 0.42699	 0.00493	 0.19768
	 0.37916	 0.49267	 0.00446	 5.85037
	 0.33904	 0.42816	 0.00475	 0.19814
	 0.10923	 0.19129	 0.02400	 0.19425
	 0.25410	 0.43100	 0.00383	 0.15887
	 0.10970	 0.48412	 0.00492	 0.19469
	 0.15264	 0.47127	 0.00475	 0.18932
	 0.35610	 0.49856	 0.00494	 0.20601
	 0.26103	 0.42823	 0.00378	 5.59759
	 0.25518	 0.42693	 0.00490	 0.19671
	 0.38259	 0.49147	 0.00483	 0.20121
	 0.16990	 0.48277	 0.00481	 0.19201
	 0.10923	 0.19129	 0.02400	 0.19425
	 0.24952	 0.42816	 0.00446	 0.17948
	 0.10923	 0.15608	 0.02468	 0.18884
	 0.28106	 0.42699	 0.00446	 0.18644
	 0.10923	 0.19129	 0.02399	 0.19430
	 0.10923	 0.19129	 0.02424	 0.19244
	 0.15517	 0.48398	 0.00481	 0.19201
	 0.37606	 0.48592	 0.00501	 0.20913
	 0.12875	 0.48398	 0.00502	 0.19904
	 0.15541	 0.48398	 0.00502	 0.19978
	 0.25822	 0.45427	 0.00382	 0.15855
	 0.10792	 0.18586	 0.02400	 0.19198
	 0.27065	 0.48277	 0.00474	 0.19066
	 0.41013	 0.39118	 0.00301	 15.38117
	 0.12899	 0.46153	 0.00147	 17.30010
	 0.26103	 0.42816	 0.00403	 0.16792
	 0.37606	 0.48707	 0.00481	 0.20014
	 0.37606	 0.48263	 0.00481	 0.20013
	 0.25525	 0.42978	 0.00384	 0.15955
	 0.26097	 0.38839	 0.00444	 0.18576
	 0.36869	 0.48417	 0.00231	 22.58842
	 0.16259	 0.48573	 0.00481	 0.19184
	 0.10923	 0.19129	 0.02400	 0.19425
	 0.25518	 0.46081	 0.00382	 0.15860
	 0.10486	 0.18457	 0.00586	 0.22711
	 0.10923	 0.19145	 0.02400	 0.19425
	 0.26099	 0.35037	 0.00444	 0.18563
	 0.24950	 0.42818	 0.00344	 6.32339
	 0.25410	 0.43100	 0.00383	 0.15887
	 0.16259	 0.48573	 0.00481	 0.19184
	 0.16017	 0.48693	 0.00481	 0.19183
	 0.16574	 0.49144	 0.00481	 0.19195
	 0.26103	 0.42816	 0.00446	 0.18687
	 0.25743	 0.42816	 0.00426	 0.17813
	 0.25486	 0.42816	 0.00579	 0.23189
	 0.15264	 0.47127	 0.00475	 0.18932
	 0.26097	 0.38839	 0.00444	 0.18576
	 0.25822	 0.45427	 0.00382	 0.15855
	 0.10923	 0.19129	 0.02400	 0.19425
	 0.10923	 0.19129	 0.02400	 0.19425
	 0.12945	 0.48693	 0.00481	 0.19108
	 0.10970	 0.48907	 0.00492	 0.19470
	 0.25261	 0.42978	 0.00450	 0.18107
	 0.28370	 0.42699	 0.00380	 5.95049
	 0.25519	 0.45701	 0.00447	 0.18000
	 0.26103	 0.43079	 0.00273	 11.00513
	 0.25518	 0.43788	 0.00382	 0.15857
	 0.28524	 0.42699	 0.00446	 0.18636
	 0.26103	 0.20576	 0.00554	 0.21984
	 0.10923	 0.41250	 0.02183	 0.21287
	 0.25518	 0.39118	 0.00382	 0.15848
	 0.32317	 0.45427	 0.00382	 6.74986
	 0.25069	 0.19129	 0.02425	 0.41897
	 0.10245	 0.39118	 0.00354	 0.14096
	 0.25518	 0.46081	 0.00532	 0.21321
	 0.10923	 0.15994	 0.02393	 0.19442
	 0.11273	 0.42916	 0.00513	 0.20237
	 0.27891	 0.15784	 0.02366	 0.46894
	 0.26103	 0.42816	 0.00403	 0.16792
	 0.16259	 0.45613	 0.00587	 0.23303
	 0.25518	 0.44427	 0.00382	 0.15853
	 0.27065	 0.48277	 0.00474	 0.19071
	 0.25263	 0.19129	 0.02402	 0.42530
	 0.11270	 0.43082	 0.00382	 0.15234
	 0.26106	 0.42799	 0.00386	 0.16021
	 0.25523	 0.42996	 0.00402	 0.16727
	 0.27581	 0.43083	 0.00382	 5.76107
	 0.29685	 0.42814	 0.00382	 6.15589
	 0.25740	 0.42973	 0.00402	 0.16723
	 0.25526	 0.42839	 0.00424	 0.17713
	 0.25518	 0.45122	 0.00363	 5.84100
	 0.25518	 0.40146	 0.00382	 0.15845
	 0.26097	 0.38839	 0.00444	 0.18576
	 0.25525	 0.42978	 0.00448	 0.18017
	 0.26103	 0.42699	 0.00446	 0.18687
	 0.25518	 0.39118	 0.00382	 0.15848
	 0.20715	 0.42974	 0.00377	 0.15735
	 0.25410	 0.35009	 0.00383	 0.15870
	 0.26103	 0.42997	 0.00401	 0.16715
	 0.25523	 0.42815	 0.00403	 0.16804
	 0.10862	 0.36914	 0.00354	 0.14104
	 0.25518	 0.39118	 0.00382	 0.15848
	 0.25819	 0.45700	 0.00382	 0.15879
	 0.25522	 0.45429	 0.00447	 0.17978
	 0.25822	 0.45427	 0.00382	 0.15855
	 0.28524	 0.42699	 0.00446	 0.18636
	 0.25543	 0.38839	 0.00444	 0.18589
	 0.26078	 0.42978	 0.00491	 0.19691
	 0.26106	 0.42799	 0.00505	 0.20230
	 0.25261	 0.42978	 0.00450	 0.18107
	 0.10241	 0.38839	 0.00444	 0.17606
	 0.27542	 0.39862	 0.00354	 6.65636
	 0.25518	 0.43788	 0.00382	 0.15857
	 0.26103	 0.37306	 0.00403	 0.16780
	 0.25518	 0.48038	 0.00447	 0.18002
	 0.28106	 0.42699	 0.00381	 5.88126
	 0.25518	 0.46081	 0.00221	 16.63871
	 0.10923	 0.15608	 0.02464	 0.18916
	 0.26103	 0.42816	 0.00403	 0.16792
	 0.22456	 0.48322	 0.00382	 0.15914
	 0.12118	 0.43082	 0.00445	 0.17737
	 0.25304	 0.38839	 0.00471	 0.18920
	 0.11270	 0.43082	 0.00361	 0.14422
	 0.25606	 0.42816	 0.00426	 0.17815
	 0.26597	 0.40276	 0.00382	 5.59665
	 0.25518	 0.42893	 0.00521	 0.20858
	 0.23048	 0.42974	 0.00377	 0.15690
	 0.10245	 0.39740	 0.00354	 0.14096
	 0.25518	 0.43409	 0.00382	 0.15856
	 0.25518	 0.39497	 0.00382	 0.15849
	 0.11628	 0.43082	 0.00467	 0.18553
	 0.25518	 0.46013	 0.00363	 5.83900
	 0.25518	 0.40146	 0.00382	 0.15845
	 0.25819	 0.45700	 0.00382	 0.15879
	 0.24194	 0.41857	 0.00382	 0.15873
	 0.11270	 0.39181	 0.00868	 0.33308
	 0.25518	 0.39118	 0.00382	 0.15848
	 0.25518	 0.43082	 0.00501	 0.20097
	 0.25516	 0.44605	 0.00382	 0.15858
	 0.25412	 0.43372	 0.00321	 7.87801
	 0.25518	 0.44782	 0.00382	 0.15853
	 0.25518	 0.39118	 0.00421	 0.17566
	 0.27662	 0.42799	 0.00321	 9.06013
	 0.25518	 0.39118	 0.00354	 6.13509
	 0.25518	 0.39018	 0.00382	 0.15848
	 0.25523	 0.42996	 0.00259	 11.50421
	 0.25523	 0.42996	 0.00402	 0.16727
	 0.25518	 0.43082	 0.00382	 0.15855
	 0.10270	 0.43077	 0.00195	 8.35908
	 0.22176	 0.43409	 0.00377	 4.93377
	 0.25410	 0.43100	 0.00201	 18.19503
	 0.25822	 0.45427	 0.00426	 0.17824
	 0.25410	 0.43022	 0.00383	 0.15888
	 0.25822	 0.45506	 0.00532	 0.21329
	 0.22612	 0.45436	 0.00382	 0.15906
	 0.25518	 0.46081	 0.00382	 0.15860
	 0.25518	 0.42816	 0.00382	 0.15855
	 0.26301	 0.42836	 0.00403	 0.16789
	 0.25518	 0.40331	 0.00382	 0.15850
	 0.25518	 0.45080	 0.00382	 0.15854
	 0.25943	 0.42978	 0.00384	 0.15941
	 0.10990	 0.41724	 0.00361	 0.14422
	 0.25137	 0.36914	 0.00381	 0.15827
	 0.11343	 0.39118	 0.00354	 0.14136
	 0.10245	 0.37689	 0.00354	 0.14093
	 0.10862	 0.36914	 0.00354	 0.14104
	 0.20706	 0.42974	 0.00377	 0.15735
	 0.25518	 0.43788	 0.00382	 0.15857
	 0.25518	 0.45080	 0.00382	 0.15854
	 0.25518	 0.40146	 0.00382	 0.15845
	 0.10245	 0.37689	 0.00195	 8.37272
	 0.10990	 0.41724	 0.00335	 0.13384
	 0.27846	 0.45884	 0.00381	 5.82251
	 0.10034	 0.37887	 0.00354	 0.14118
	 0.25518	 0.38610	 0.00382	 0.15847
	 0.24923	 0.31442	 0.00381	 0.15815
	 0.10862	 0.37183	 0.00353	 0.14093
	 0.25518	 0.39118	 0.00382	 0.15862
	 0.13015	 0.39092	 0.00354	 0.14142
	 0.10862	 0.36940	 0.00354	 0.14123
	 0.26495	 0.39118	 0.00382	 5.57879
	 0.25518	 0.42480	 0.00382	 0.15854
	 0.25822	 0.45464	 0.00382	 0.15855
	 0.25518	 0.45044	 0.00455	 0.18318
	 0.10862	 0.37181	 0.00354	 0.14105
	 0.10199	 0.39473	 0.00354	 0.14095
	 0.25518	 0.40146	 0.00217	 16.98297
	 0.10245	 0.39740	 0.00383	 0.15258
	 0.25137	 0.36914	 0.00381	 0.15827
	 0.10245	 0.38468	 0.00682	 0.26696
	 0.25518	 0.40331	 0.00382	 0.15850
	 0.11270	 0.43082	 0.00361	 0.14422
	 0.11343	 0.39118	 0.00354	 0.14136
	 0.25518	 0.40146	 0.00382	 0.15845
	 0.25518	 0.40146	 0.00382	 0.15845
	 0.25518	 0.42816	 0.00382	 0.15855
	 0.25518	 0.39018	 0.00382	 0.15848
	 0.11270	 0.42948	 0.00382	 0.15234
	 0.28909	 0.37610	 0.00204	 22.46707
	 0.10245	 0.46788	 0.00354	 0.14120
	 0.25518	 0.39118	 0.00382	 0.15848
	 0.20715	 0.42974	 0.00377	 0.15735
	 0.25518	 0.39118	 0.00382	 0.15848
	 0.11270	 0.43082	 0.00382	 0.15234
	 0.11270	 0.43082	 0.00361	 0.14422
	 0.25518	 0.41646	 0.00382	 0.15853
	 0.10245	 0.46788	 0.00354	 0.14119
	 0.10245	 0.39735	 0.00354	 0.14097
	 0.10862	 0.37181	 0.00354	 0.14105
	 0.20715	 0.42974	 0.00377	 0.15735
	 0.10576	 0.38708	 0.00361	 0.14401
	 0.10245	 0.43492	 0.00354	 0.14102
	 0.10245	 0.39118	 0.00354	 0.14096
	 0.11343	 0.39118	 0.00354	 0.14136
	 0.25137	 0.36914	 0.00116	 54.62363
	 0.10862	 0.36914	 0.00354	 0.14104
	 0.10862	 0.37022	 0.00454	 0.17997
	 0.10245	 0.39740	 0.00383	 0.15258
	 0.10862	 0.42561	 0.00355	 0.14148
	 0.27639	 0.37353	 0.00377	 5.91198
	 0.10011	 0.39525	 0.00352	 0.14046
	 0.11047	 0.39554	 0.00354	 0.14129
	 0.10990	 0.38942	 0.00355	 0.14148
	 0.11343	 0.41900	 0.00334	 0.13370
	 0.11311	 0.43172	 0.00353	 0.14118
	 0.11270	 0.37746	 0.00371	 0.14812
	 0.11343	 0.39118	 0.00354	 0.14136
	 0.28548	 0.41447	 0.00377	 6.06651
	 0.10862	 0.37169	 0.00362	 0.14418
	 0.10140	 0.42884	 0.00353	 0.14074
	 0.11270	 0.43070	 0.00362	 0.14438
	 0.11270	 0.42959	 0.00381	 0.15218
	 0.11270	 0.42948	 0.00382	 0.15234
	 0.10862	 0.36914	 0.00322	 0.12885
	 0.10862	 0.37183	 0.00353	 0.14093
	 0.25518	 0.40146	 0.00382	 0.15845
	 0.10245	 0.33551	 0.00354	 0.14086
	 0.24126	 0.40146	 0.00233	 13.01628
	 0.10245	 0.39740	 0.00354	 0.14096
	 0.10862	 0.36914	 0.00354	 0.14104
	 0.10039	 0.37887	 0.00354	 0.14105
	 0.10241	 0.46788	 0.00525	 0.20646
	 0.20715	 0.42976	 0.00422	 0.16979
	 0.10388	 0.39483	 0.00123	 18.34279
	 0.11309	 0.36643	 0.00354	 0.14112
	 0.10823	 0.43353	 0.00219	 6.46309
	 0.10039	 0.36901	 0.00355	 0.14142
	 0.11237	 0.37900	 0.00321	 0.12852
	 0.10990	 0.41826	 0.00454	 0.18025
	 0.11309	 0.36541	 0.00333	 0.13315
	 0.10245	 0.39118	 0.00179	 9.96795
	 0.10245	 0.37689	 0.00354	 0.14093
	 0.10245	 0.43492	 0.00354	 0.14102
	 0.10862	 0.36940	 0.00186	 9.89787
	 0.10112	 0.42884	 0.00353	 0.14072
	 0.11676	 0.39735	 0.00354	 0.14125
	 0.10862	 0.36914	 0.00354	 0.14104
	 0.10862	 0.37183	 0.00142	 16.35749
	 0.11311	 0.35147	 0.00353	 0.14105
	 0.10862	 0.43531	 0.00300	 0.12020
	 0.10245	 0.39735	 0.00354	 0.14097
	 0.10030	 0.39739	 0.00354	 0.14093
	 0.11343	 0.39118	 0.00354	 0.14118
	 0.10245	 0.39740	 0.00354	 0.14115
	 0.10862	 0.38443	 0.00322	 0.12887
	 0.10199	 0.39473	 0.00354	 0.14095
	 0.10245	 0.46788	 0.00354	 0.14119
	 0.10862	 0.36940	 0.00354	 0.14123
	 0.10789	 0.34854	 0.00354	 0.14099
	 0.10114	 0.39210	 0.00354	 0.14122
	 0.10929	 0.41900	 0.00334	 0.13363
	 0.10862	 0.36914	 0.00354	 0.14104
	 0.10227	 0.41820	 0.00354	 0.14099
	 0.11361	 0.37769	 0.00334	 0.13365
	 0.10862	 0.39152	 0.00353	 0.14096
	 0.10245	 0.37149	 0.00354	 0.14092
	 0.10011	 0.39804	 0.00353	 0.14086
	 0.10006	 0.42998	 0.00352	 0.14053
	 0.10681	 0.41724	 0.00220	 6.30641
	 0.10245	 0.39740	 0.00354	 0.14120
	 0.10862	 0.36914	 0.00354	 0.14104
	 0.10140	 0.42884	 0.00868	 0.32967
	 0.10011	 0.39525	 0.00352	 0.14046
	 0.10199	 0.37682	 0.00354	 0.14092
	 0.10245	 0.39645	 0.00354	 0.14096
	 0.10862	 0.39087	 0.00353	 0.14096
	 0.11343	 0.42420	 0.00315	 0.12619
	 0.10862	 0.37183	 0.00353	 0.14093
	 0.10862	 0.36914	 0.00322	 0.12885
	 0.11237	 0.37900	 0.00321	 0.12852
	 0.10245	 0.33585	 0.00354	 0.14086
	 0.10011	 0.39769	 0.00353	 0.14086
	 0.11309	 0.36541	 0.00333	 0.13315
	 0.10929	 0.41900	 0.00334	 0.13363
	 0.10137	 0.37689	 0.00354	 0.14091
	 0.10245	 0.37683	 0.00354	 0.14093
	 0.10245	 0.34860	 0.00354	 0.14088
	 0.15543	 0.38323	 0.00352	 0.14125
	 0.10028	 0.39487	 0.00354	 0.14092
	 0.11309	 0.36541	 0.00333	 0.13315
	 0.10862	 0.38443	 0.00322	 0.12887
	 0.10245	 0.39118	 0.00354	 0.14096
	 0.10140	 0.43599	 0.00353	 0.14075
	 0.10245	 0.43492	 0.00354	 0.14102
	 0.10194	 0.42884	 0.00353	 0.14074
	 0.10117	 0.39057	 0.00354	 0.14093
	 0.10992	 0.36963	 0.00322	 0.12887
	 0.10228	 0.43175	 0.00503	 0.19819
	 0.10006	 0.42998	 0.00352	 0.14053
	 0.10011	 0.39525	 0.00352	 0.14046
	 0.11436	 0.35391	 0.00353	 0.14087
	 0.10012	 0.39499	 0.00334	 0.13324
	 0.10862	 0.42858	 0.00309	 0.12378
	 0.10649	 0.37910	 0.00344	 0.13737
	 0.10862	 0.39152	 0.00353	 0.14096
	 0.10862	 0.43531	 0.00300	 0.12020
	 0.10199	 0.39473	 0.00354	 0.14095
	 0.10862	 0.39152	 0.00353	 0.14096
	 0.10009	 0.39535	 0.00354	 0.14091
	 0.10439	 0.41028	 0.00352	 0.14057
	 0.10245	 0.37689	 0.00354	 0.14093
	 0.10245	 0.37689	 0.00354	 0.14093
	 0.10245	 0.37149	 0.00354	 0.14092
	 0.11237	 0.35831	 0.00333	 0.13311
	 0.10245	 0.39278	 0.00354	 0.14096
	 0.10245	 0.36989	 0.00354	 0.14092
	 0.11309	 0.36541	 0.00329	 0.13170
	 0.10992	 0.36963	 0.00150	 14.91498
	 0.11237	 0.37900	 0.00346	 0.13817
	 0.10012	 0.39499	 0.00334	 0.13324
	 0.10862	 0.43531	 0.00300	 0.12020
	 0.10862	 0.35486	 0.00322	 0.12883
	 0.11237	 0.39606	 0.00321	 0.12855
	 0.10010	 0.37819	 0.00352	 0.14044
	 0.11343	 0.42420	 0.00315	 0.12619
	 0.10194	 0.42884	 0.00353	 0.14074
	 0.10133	 0.38443	 0.00322	 0.12876
	 0.10842	 0.42884	 0.00431	 0.17161
	 0.15980	 0.37769	 0.00334	 0.13910
	 0.10577	 0.35831	 0.00333	 0.13300
	 0.10439	 0.41028	 0.00352	 0.14057
	 0.11343	 0.41900	 0.00334	 0.13370
	 0.10862	 0.36914	 0.00322	 0.12885
	 0.11671	 0.29607	 0.00353	 0.14078
	 0.11418	 0.42420	 0.00212	 7.62521
	 0.10396	 0.43531	 0.00300	 0.12014
	 0.10011	 0.39525	 0.00333	 0.13300
	 0.11309	 0.36541	 0.00595	 0.23318
	 0.10020	 0.37566	 0.00352	 0.14043
	 0.13006	 0.41900	 0.00334	 0.13392
	 0.10861	 0.44061	 0.00306	 3.82818
	 0.10991	 0.41194	 0.00299	 0.12005
	 0.10862	 0.42858	 0.00309	 0.12378
	 0.10992	 0.36963	 0.00322	 0.12887
	 0.11309	 0.36541	 0.00333	 0.13315
	 0.10862	 0.42858	 0.00309	 0.12378
	 0.10862	 0.36914	 0.00322	 0.12885
	 0.10719	 0.43531	 0.00300	 0.12018
	 0.10006	 0.41171	 0.00352	 0.14050
	 0.10245	 0.33551	 0.00354	 0.14086
	 0.10877	 0.36840	 0.00323	 0.12913
	 0.11221	 0.35905	 0.00332	 0.13283
	 0.10084	 0.41900	 0.00334	 0.13349
	 0.13216	 0.37900	 0.00321	 0.12876
	 0.10245	 0.36527	 0.00357	 0.14216
	 0.11309	 0.33565	 0.00330	 0.13184
	 0.13216	 0.37900	 0.00322	 0.12934
	 0.10862	 0.42858	 0.00306	 0.12265
	 0.10719	 0.43715	 0.00299	 0.11986
	 0.15767	 0.36730	 0.00323	 0.13420
	 0.11343	 0.42420	 0.00315	 0.12619
	 0.15182	 0.38443	 0.00322	 0.13400
	 0.10917	 0.39525	 0.00322	 0.12872
	 0.10008	 0.36914	 0.00333	 0.13314
	 0.10862	 0.43531	 0.00300	 0.12020
	 0.13810	 0.36963	 0.00322	 0.13436
	 0.10862	 0.35486	 0.00322	 0.12883
	 0.10396	 0.43531	 0.00511	 0.20121
	 0.10862	 0.42796	 0.00308	 0.12365
	 0.10862	 0.36976	 0.00322	 0.12898
	 0.10577	 0.34669	 0.00333	 0.13298
	 0.13311	 0.42133	 0.00299	 0.12456
	 0.10991	 0.41194	 0.00299	 0.12005
	 0.10862	 0.38443	 0.00217	 6.62696
	 0.11237	 0.37900	 0.00299	 0.11988
	 0.10862	 0.43531	 0.00322	 0.12885
	 0.11221	 0.40538	 0.00332	 0.13289
	 0.11237	 0.33924	 0.00321	 0.12847
	 0.10826	 0.30947	 0.00261	 0.10835
	 0.13163	 0.37900	 0.00329	 0.13200
	 0.10719	 0.43531	 0.00279	 0.11656
	 0.10862	 0.43531	 0.00300	 0.12020
	 0.11343	 0.42420	 0.00315	 0.12619
	 0.13216	 0.37900	 0.00321	 0.12876
	 0.10862	 0.37314	 0.00322	 0.12886
	 0.10385	 0.43528	 0.00300	 0.12014
	 0.10862	 0.36778	 0.00300	 0.12014
	 0.10862	 0.43667	 0.00341	 0.13610
	 0.10862	 0.35486	 0.00322	 0.12883
	 0.10862	 0.42858	 0.00309	 0.12378
	 0.10862	 0.42858	 0.00309	 0.12378
	 0.10862	 0.42951	 0.00309	 0.12378
	 0.10819	 0.36840	 0.00323	 0.12912
	 0.11237	 0.37900	 0.00321	 0.12853
	 0.10862	 0.37215	 0.00254	 0.10551
	 0.10862	 0.39601	 0.00300	 0.12025
	 0.11137	 0.37900	 0.00321	 0.12851
	 0.13411	 0.42133	 0.00299	 0.12453
	 0.10862	 0.45656	 0.00300	 0.12022
	 0.10826	 0.30947	 0.00261	 0.10835
	 0.11237	 0.35777	 0.00299	 0.11985
	 0.10862	 0.36778	 0.00300	 0.12014
	 0.11481	 0.42858	 0.00309	 0.12386
	 0.12518	 0.41922	 0.00309	 0.12899
	 0.10862	 0.43531	 0.00300	 0.12020
	 0.10719	 0.43757	 0.00209	 7.15479
	 0.10966	 0.43528	 0.00299	 0.12006
	 0.10410	 0.41194	 0.00300	 0.12013
	 0.10602	 0.45258	 0.00300	 0.12018
	 0.10417	 0.43531	 0.00300	 3.81490
	 0.10862	 0.41591	 0.00300	 0.12018
	 0.10862	 0.43531	 0.00300	 0.12020
	 0.10396	 0.43531	 0.00300	 0.12014
	 0.10991	 0.41194	 0.00299	 0.12005
	 0.11343	 0.42420	 0.00315	 0.12619
	 0.10938	 0.37900	 0.00321	 0.12848
	 0.10251	 0.42935	 0.00309	 0.12369
	 0.10862	 0.43546	 0.00300	 0.12020
	 0.12178	 0.37900	 0.00299	 0.12465
	 0.10719	 0.43715	 0.00299	 0.11986
	 0.10862	 0.36861	 0.00249	 0.10341
	 0.10862	 0.43212	 0.00314	 0.12569
	 0.10862	 0.39601	 0.00300	 0.12025
	 0.12581	 0.41194	 0.00299	 0.12475
	 0.10826	 0.30947	 0.00261	 0.10835
	 0.10991	 0.42193	 0.00299	 0.12006
	 0.11863	 0.43230	 0.00243	 5.83841
	 0.10128	 0.37516	 0.00290	 0.11644
	 0.10277	 0.40503	 0.00279	 0.11669
	 0.11343	 0.42420	 0.00315	 0.12619
	 0.10862	 0.37518	 0.00165	 11.42650
	 0.10862	 0.37915	 0.00300	 0.12015
	 0.10862	 0.42858	 0.00340	 0.13587
	 0.10891	 0.43531	 0.00300	 0.12021
	 0.10434	 0.42357	 0.00299	 0.11999
	 0.13311	 0.43306	 0.00300	 0.12473
	 0.10405	 0.42021	 0.00338	 0.13514
	 0.10831	 0.30121	 0.00690	 0.26962
	 0.10992	 0.37086	 0.00339	 0.13547
	 0.10861	 0.41323	 0.00254	 0.10565
	 0.10390	 0.43528	 0.00408	 0.16220
	 0.10961	 0.43528	 0.00299	 0.12006
	 0.10991	 0.43713	 0.00299	 0.12000
	 0.11090	 0.33436	 0.00291	 0.12130
	 0.10959	 0.43625	 0.00299	 0.12007
	 0.10428	 0.41099	 0.00238	 5.41883
	 0.10277	 0.41645	 0.00279	 0.11644
	 0.10862	 0.40448	 0.00300	 0.12040
	 0.10826	 0.29382	 0.00261	 0.10833
	 0.10862	 0.43156	 0.00300	 0.12020
	 0.10434	 0.43552	 0.00277	 0.11566
	 0.10862	 0.42336	 0.00300	 0.12019
	 0.10847	 0.36861	 0.00679	 0.26620
	 0.11252	 0.39930	 0.00191	 9.80396
	 0.10826	 0.30947	 0.00277	 0.11541
	 0.10862	 0.43531	 0.00300	 0.12020
	 0.10991	 0.42193	 0.00299	 0.12006
	 0.10862	 0.37215	 0.00204	 7.98284
	 0.11237	 0.43569	 0.00299	 0.11993
	 0.10719	 0.37411	 0.00299	 0.11980
	 0.10719	 0.43753	 0.00279	 0.11656
	 0.10991	 0.41711	 0.00299	 0.12005
	 0.10831	 0.36778	 0.00299	 0.11986
	 0.10399	 0.30947	 0.00262	 0.10877
	 0.10702	 0.43221	 0.00261	 0.10855
	 0.13872	 0.31256	 0.00319	 0.13305
	 0.10719	 0.43715	 0.00299	 0.11986
	 0.10308	 0.30947	 0.00261	 0.10849
	 0.11252	 0.37517	 0.00299	 0.11981
	 0.10118	 0.37899	 0.00291	 0.11651
	 0.10719	 0.43531	 0.00300	 0.12018
	 0.10891	 0.43531	 0.00300	 0.12021
	 0.10277	 0.40496	 0.00298	 0.11963
	 0.10719	 0.43722	 0.00280	 0.11673
	 0.10862	 0.36861	 0.00249	 0.10341
	 0.10719	 0.43531	 0.00266	 0.11063
	 0.10719	 0.40376	 0.00281	 0.11735
	 0.10118	 0.37930	 0.00289	 0.11578
	 0.10862	 0.36608	 0.00254	 0.10550
	 0.10029	 0.43682	 0.00277	 4.19277
	 0.10826	 0.30947	 0.00277	 0.11541
	 0.10277	 0.40496	 0.00283	 0.11378
	 0.10918	 0.43531	 0.00279	 0.11650
	 0.10719	 0.43531	 0.00266	 0.11063
	 0.10995	 0.43713	 0.00299	 0.12000
	 0.10541	 0.30947	 0.00261	 0.10843
	 0.10826	 0.30947	 0.00261	 0.10835
	 0.10862	 0.36861	 0.00249	 0.10341
	 0.10391	 0.32940	 0.00128	 17.66137
	 0.10870	 0.30565	 0.00254	 0.10544
	 0.11221	 0.41226	 0.00279	 0.11638
	 0.10302	 0.42595	 0.00254	 0.10580
	 0.10719	 0.37411	 0.00299	 0.11980
	 0.10826	 0.29382	 0.00261	 0.10833
	 0.10277	 0.41645	 0.00279	 0.11644
	 0.10194	 0.30947	 0.00262	 0.10882
	 0.10352	 0.37928	 0.00290	 0.11647
	 0.10087	 0.43310	 0.00280	 0.11230
	 0.10826	 0.30947	 0.00261	 0.10835
	 0.10702	 0.43221	 0.00261	 0.10855
	 0.10277	 0.40503	 0.00279	 0.11669
	 0.10862	 0.36861	 0.00120	 22.36802
	 0.10308	 0.30947	 0.00261	 0.10849
	 0.10826	 0.36774	 0.00277	 0.11549
	 0.10434	 0.43552	 0.00277	 0.11566
	 0.10719	 0.43715	 0.00299	 0.11986
	 0.10826	 0.29382	 0.00395	 0.15725
	 0.10719	 0.43722	 0.00280	 0.11673
	 0.10860	 0.41408	 0.00261	 0.10844
	 0.10827	 0.30863	 0.00164	 11.55162
	 0.10862	 0.36861	 0.00249	 0.10341
	 0.12129	 0.36452	 0.00335	 0.13423
	 0.10862	 0.36861	 0.00249	 0.10341
	 0.10308	 0.30947	 0.00261	 0.10849
	 0.10719	 0.37411	 0.00299	 0.11980
	 0.10111	 0.37516	 0.00290	 0.11644
	 0.10874	 0.30556	 0.00261	 4.91317
	 0.10822	 0.30957	 0.00254	 0.10557
	 0.12649	 0.36861	 0.00249	 5.93182
	 0.10862	 0.36608	 0.00254	 0.10550
	 0.10862	 0.36863	 0.00254	 0.10550
	 0.10862	 0.36606	 0.00249	 0.10340
	 0.10863	 0.30947	 0.00261	 0.10834
	 0.10307	 0.36861	 0.00312	 0.12503
	 0.10862	 0.36861	 0.00309	 0.12365
	 0.10530	 0.36861	 0.00249	 0.10348
	 0.10826	 0.30947	 0.00219	 6.48332
	 0.10194	 0.30947	 0.00320	 0.12789
	 0.10552	 0.31060	 0.00261	 0.10842
	 0.10826	 0.29269	 0.00261	 0.10833
	 0.10862	 0.43877	 0.00249	 0.10351
	 0.10434	 0.34486	 0.00277	 0.11551
	 0.10826	 0.31905	 0.00254	 0.10550
	 0.10862	 0.37642	 0.00261	 0.10838
	 0.10309	 0.42595	 0.00254	 0.10579
	 0.10064	 0.43310	 0.00416	 0.16543
	 0.10115	 0.42595	 0.00254	 0.10584
	 0.10194	 0.30947	 0.00262	 0.10882
	 0.10308	 0.30947	 0.00261	 0.10849
	 0.10862	 0.36861	 0.00249	 0.10341
	 0.10378	 0.30797	 0.00644	 0.25120
	 0.10882	 0.41474	 0.00262	 0.10874
	 0.10829	 0.29382	 0.00261	 0.10829
	 0.10859	 0.36861	 0.00249	 0.10345
	 0.11800	 0.36861	 0.00393	 0.15654
	 0.10541	 0.38681	 0.00167	 11.06316
	 0.11221	 0.30693	 0.00279	 0.11626
	 0.10826	 0.41480	 0.00261	 0.10845
	 0.10434	 0.43552	 0.00277	 0.11566
	 0.15586	 0.30293	 0.00318	 0.13201
	 0.10026	 0.43221	 0.00181	 9.66445
	 0.10826	 0.30947	 0.00261	 0.10835
	 0.10860	 0.30129	 0.00163	 11.68454
	 0.12546	 0.40661	 0.00261	 5.47482
	 0.10826	 0.29382	 0.00261	 0.10833
	 0.10897	 0.30565	 0.00254	 5.10647
	 0.10862	 0.36608	 0.00254	 0.10550
	 0.10309	 0.42595	 0.00223	 5.93851
	 0.11410	 0.36861	 0.00249	 5.44163
	 0.10861	 0.41323	 0.00254	 0.10565
	 0.10829	 0.29382	 0.00261	 0.10829
	 0.10530	 0.36861	 0.00249	 0.10348
	 0.10826	 0.29382	 0.00223	 0.00000
	 0.10826	 0.29382	 0.00261	 0.10833
	 0.10861	 0.40959	 0.00254	 0.10565
	 0.10862	 0.36606	 0.00249	 0.10340
	 0.10862	 0.37215	 0.00254	 0.10551
	 0.10862	 0.36606	 0.00249	 0.10340
	 0.10859	 0.36861	 0.00249	 0.10345
	 0.10826	 0.31538	 0.00261	 0.10836
	 0.10552	 0.31060	 0.00261	 0.10842
	 0.10862	 0.36861	 0.00249	 0.10341
	 0.10096	 0.46140	 0.00207	 6.70793
	 0.10826	 0.30947	 0.00261	 0.10835
	 0.10859	 0.36861	 0.00249	 0.10345
	 0.10862	 0.43877	 0.00215	 6.77583
	 0.10862	 0.36861	 0.00249	 0.10341
	 0.11299	 0.36861	 0.00249	 5.39960
	 0.10860	 0.36861	 0.00249	 0.10331
	 0.10828	 0.30947	 0.00261	 0.10845
	 0.10830	 0.31906	 0.00249	 0.10337
	 0.10857	 0.36860	 0.00254	 0.10554
	 0.10825	 0.37019	 0.00254	 0.10555
	 0.11536	 0.31748	 0.00254	 5.33779
	 0.10826	 0.30488	 0.00261	 0.10835
	 0.11881	 0.29269	 0.00261	 0.10809
	 0.10862	 0.36861	 0.00249	 0.10341
	 0.10822	 0.30957	 0.00254	 0.10557
	 0.10822	 0.31220	 0.00254	 0.10546
	 0.11411	 0.35901	 0.00254	 0.10549
	 0.10826	 0.29269	 0.00261	 0.10833
	 0.10862	 0.36608	 0.00254	 0.10550
	 0.10862	 0.36861	 0.00249	 0.10341
	 0.10862	 0.36861	 0.00222	 6.32763
	 0.10309	 0.36897	 0.00265	 0.11013
	 0.10862	 0.44754	 0.00249	 0.10346
	 0.12166	 0.37225	 0.00249	 5.73458
	 0.10757	 0.44754	 0.00249	 0.10348
	 0.10859	 0.37033	 0.00249	 0.10345
	 0.10859	 0.36861	 0.00212	 6.97428
	 0.11243	 0.34803	 0.00249	 5.38069
	 0.10862	 0.31912	 0.00249	 0.10336
	 0.10862	 0.36608	 0.00274	 0.11430
	 0.10862	 0.44754	 0.00249	 0.10346
	 0.10826	 0.36678	 0.00249	 0.10341
	 0.10861	 0.29310	 0.00223	 6.28095
	 0.10862	 0.36861	 0.00252	 0.10457
	 0.10860	 0.36861	 0.00249	 0.10331
	 0.10859	 0.36861	 0.00249	 0.10345
	 0.10862	 0.36608	 0.00254	 0.10550
	 0.11057	 0.28886	 0.00223	 6.39967
	 0.10693	 0.36861	 0.00213	 6.80333
	 0.10316	 0.31930	 0.00249	 0.10339
	 0.10530	 0.36861	 0.00249	 0.10348
	 0.10862	 0.36863	 0.00254	 0.10550
	 0.13473	 0.36606	 0.00249	 6.29710
	 0.10826	 0.31905	 0.00440	 0.17466
	 0.10862	 0.36861	 0.00175	 10.68438
	 0.10862	 0.34807	 0.00249	 0.10339
	 0.10862	 0.36606	 0.00249	 0.10340
	 0.10992	 0.31906	 0.00249	 0.10333
	 0.10822	 0.31220	 0.00254	 0.10546
	 0.10862	 0.36861	 0.00249	 0.10341
	 0.10862	 0.36861	 0.00174	 10.76596
	 0.10690	 0.36861	 0.00280	 0.11676
	 0.10862	 0.35197	 0.00249	 0.10339
	 0.10875	 0.36606	 0.00249	 5.23948
	 0.10517	 0.36861	 0.00249	 0.10348
	 0.10256	 0.36623	 0.00249	 0.10354
	 0.10862	 0.36844	 0.00249	 0.10341
	 0.10870	 0.30532	 0.00254	 0.10544
	 0.10862	 0.36894	 0.00249	 0.10341
	 0.10859	 0.36861	 0.00249	 0.10345
	 0.10862	 0.36861	 0.00249	 0.10341
	 0.10862	 0.36861	 0.00318	 0.12736
	 0.10830	 0.31906	 0.00249	 0.10337
	 0.10826	 0.36678	 0.00521	 0.20492
	 0.10171	 0.36420	 0.00249	 0.10356
	 0.10862	 0.36861	 0.00249	 0.10341
	 0.10862	 0.36861	 0.00249	 0.10341
	 0.10862	 0.31822	 0.00249	 0.10336
	 0.10862	 0.36696	 0.00404	 0.16097
	 0.10862	 0.37997	 0.00249	 0.10341
	 0.10862	 0.31912	 0.00249	 0.10336
	 0.10271	 0.38935	 0.00249	 0.10355
	 0.10862	 0.36861	 0.00249	 0.10341
	 0.10862	 0.36861	 0.00249	 0.10341
	 0.10298	 0.36606	 0.00249	 0.10353
	 0.12050	 0.29699	 0.00249	 5.70047
	 0.10860	 0.36242	 0.00322	 0.12877
	 0.10830	 0.29808	 0.00249	 0.10334
	 0.13859	 0.31518	 0.00163	 16.25267
	 0.10862	 0.36861	 0.00249	 0.10341
	 0.10321	 0.36861	 0.00250	 0.10380
	 0.10862	 0.34807	 0.00340	 0.13584
	 0.10862	 0.35507	 0.00249	 0.10339
	 0.10862	 0.34180	 0.00249	 0.10338
	 0.10862	 0.36861	 0.00288	 4.21575
	 0.10860	 0.36861	 0.00249	 0.10331
	 0.10862	 0.36861	 0.00249	 0.10341
	 0.10860	 0.31912	 0.00249	 0.10336
	 0.10994	 0.34800	 0.00249	 0.10336
	 0.10152	 0.36861	 0.00249	 0.10357
	 0.10862	 0.34226	 0.00249	 0.10338
	 0.10860	 0.36861	 0.00270	 0.11217
	 0.10862	 0.34192	 0.00231	 5.88830
	 0.10862	 0.35197	 0.00249	 0.10339
	 0.10862	 0.36606	 0.00249	 0.10340
	 0.10862	 0.37233	 0.00249	 0.10341
	 0.10826	 0.29382	 0.00223	 0.00000
	 0.10992	 0.31906	 0.00201	 8.56254
	 0.10830	 0.31906	 0.00249	 0.10337
	 0.10316	 0.32091	 0.00249	 0.10339
	 0.10862	 0.36699	 0.00249	 0.10340
	 0.10862	 0.36768	 0.00249	 0.10341
	 0.10752	 0.36861	 0.00249	 0.10333
	 0.10992	 0.31906	 0.00249	 0.10333
	 0.10830	 0.31906	 0.00255	 0.10566
	 0.10862	 0.36861	 0.00249	 0.10341
	 0.10862	 0.34180	 0.00248	 0.10269
	 0.11559	 0.38623	 0.00249	 5.49715
	 0.10860	 0.36875	 0.00249	 0.10331
	 0.10091	 0.31912	 0.00185	 9.34107
	 0.10826	 0.29382	 0.00253	 0.10474
	 0.10862	 0.36949	 0.00249	 0.10331
	 0.10860	 0.35420	 0.00249	 0.10339
	 0.10860	 0.34754	 0.00249	 0.10329
	 0.10860	 0.36861	 0.00249	 0.10331
	 0.10862	 0.34807	 0.00249	 0.10339
	 0.10862	 0.32522	 0.00249	 0.10337
	 0.13808	 0.33234	 0.00349	 0.13958
	 0.10316	 0.31930	 0.00249	 0.10339
	 0.10862	 0.36701	 0.00248	 0.10274
	 0.10862	 0.34323	 0.00249	 0.10338
	 0.10316	 0.30128	 0.00249	 0.10337
	 0.10860	 0.36861	 0.00249	 0.10331
	 0.10826	 0.29382	 0.00431	 0.17100
	 0.10826	 0.29018	 0.00223	 0.00000
	 0.10865	 0.36938	 0.00249	 0.10331
	 0.10749	 0.34730	 0.00249	 5.19389
	 0.10830	 0.31906	 0.00249	 0.10337
	 0.10860	 0.43201	 0.00189	 9.67242
	 0.10992	 0.31906	 0.00249	 0.10333
	 0.10830	 0.31906	 0.00249	 0.10337
	 0.10435	 0.31887	 0.00209	 6.86702
	 0.10862	 0.37441	 0.00249	 0.10341
	 0.10863	 0.31906	 0.00270	 0.11233
	 0.10829	 0.28028	 0.00249	 0.10332
	 0.10830	 0.31906	 0.00249	 0.10337
	 0.10830	 0.29808	 0.00249	 0.10334
	 0.10994	 0.34800	 0.00249	 0.10336
	 0.10861	 0.36606	 0.00249	 0.10340
	 0.10316	 0.32091	 0.00249	 0.10339
	 0.10752	 0.36861	 0.00249	 0.10333
	 0.10826	 0.28998	 0.00223	 0.00000
	 0.10862	 0.31822	 0.00321	 0.12834
	 0.10830	 0.31906	 0.00249	 0.10333
	 0.10862	 0.34180	 0.00248	 0.10272
	 0.10861	 0.36938	 0.00249	 0.10331
	 0.10865	 0.36861	 0.00350	 0.13957
	 0.12560	 0.36430	 0.00240	 6.30480
	 0.10830	 0.32336	 0.00249	 0.10337
	 0.10026	 0.28998	 0.00223	 5.83165
	 0.10992	 0.31906	 0.00316	 0.12632
	 0.12200	 0.36938	 0.00249	 5.75690
	 0.10865	 0.37622	 0.00248	 0.10274
	 0.10860	 0.36861	 0.00249	 0.10331
	 0.10451	 0.36861	 0.00362	 0.14411
	 0.10807	 0.36861	 0.00249	 0.10332
	 0.10826	 0.29018	 0.00223	 0.00000
	 0.11209	 0.36860	 0.00249	 5.37280
	 0.10493	 0.35355	 0.00249	 0.10338
	 0.10826	 0.28998	 0.00223	 0.00000
	 0.10830	 0.29808	 0.00249	 0.10334
	 0.10193	 0.37543	 0.00249	 0.10346
	 0.10860	 0.34754	 0.00331	 0.13248
	 0.10826	 0.28985	 0.00256	 0.10620
	 0.10860	 0.34754	 0.00249	 0.10329
	 0.10830	 0.29808	 0.00249	 0.10334
	 0.10830	 0.31253	 0.00249	 0.10336
	 0.11363	 0.36875	 0.00249	 5.43098
	 0.10826	 0.29382	 0.00223	 0.00000
	 0.10828	 0.37686	 0.00250	 0.10378
	 0.10860	 0.28033	 0.00221	 6.41830
	 0.10860	 0.36861	 0.00249	 0.10331
	 0.11042	 0.36861	 0.00159	 12.09963
	 0.10862	 0.34180	 0.00638	 0.24960
	 0.15509	 0.34800	 0.00249	 7.64743
	 0.10862	 0.31912	 0.00449	 0.17793
	 0.10862	 0.37361	 0.00187	 9.84401
	 0.10829	 0.28063	 0.00373	 0.14822
	 0.10826	 0.29348	 0.00223	 0.00000
	 0.10992	 0.31906	 0.00249	 0.10334
	 0.10860	 0.36861	 0.00249	 0.10331
	 0.10994	 0.34668	 0.00249	 0.10336
	 0.10860	 0.36993	 0.00249	 0.10331
	 0.10860	 0.36993	 0.00249	 0.10331
	 0.11232	 0.34754	 0.00249	 5.38376
	 0.10826	 0.29382	 0.00223	 0.00000
	 0.10860	 0.36861	 0.00249	 0.10331
	 0.10860	 0.36861	 0.00404	 0.16099
	 0.10826	 0.29018	 0.00223	 0.00000
	 0.10826	 0.37494	 0.00303	 0.12141
	 0.10865	 0.29126	 0.00245	 5.39646
	 0.10865	 0.37622	 0.00248	 0.10274
	 0.10861	 0.36938	 0.00249	 0.10331
	 0.16428	 0.36861	 0.00249	 8.53637
	 0.10826	 0.28998	 0.00207	 7.50232
	 0.10860	 0.36487	 0.00235	 5.70814
	 0.10826	 0.29372	 0.00223	 0.00000
	 0.10558	 0.34180	 0.00221	 6.17310
	 0.10043	 0.29348	 0.00249	 0.10346
	 0.10752	 0.23589	 0.00250	 0.10369
	 0.10826	 0.36784	 0.00222	 6.31183
	 0.10826	 0.32992	 0.00248	 0.10272
	 0.10862	 0.29382	 0.00401	 0.15924
	 0.10860	 0.36861	 0.00354	 0.14110
	 0.10752	 0.36861	 0.00249	 0.10333
	 0.10860	 0.34740	 0.00249	 0.10329
	 0.10865	 0.36952	 0.00249	 0.10331
	 0.10860	 0.36861	 0.00249	 0.10331
	 0.10862	 0.34180	 0.00248	 0.10272
	 0.12405	 0.28458	 0.00183	 11.04778
	 0.10826	 0.35824	 0.00223	 6.26968
	 0.10826	 0.29382	 0.00223	 0.00000
	 0.10860	 0.36861	 0.00249	 0.10331
	 0.10180	 0.38172	 0.00249	 0.10347
	 0.10826	 0.29382	 0.00223	 0.00000
	 0.10826	 0.29018	 0.00423	 0.16773
	 0.10830	 0.31906	 0.00223	 0.00000
	 0.10830	 0.29879	 0.00289	 4.18457
	 0.10860	 0.36496	 0.00249	 0.10340
	 0.10826	 0.29382	 0.00223	 0.00000
	 0.10860	 0.34754	 0.00249	 0.10329
	 0.10830	 0.29003	 0.00153	 12.84077
	 0.10826	 0.29823	 0.00223	 0.00000
	 0.10860	 0.34767	 0.00248	 0.10273
	 0.10862	 0.34167	 0.00249	 0.10329
	 0.10826	 0.29382	 0.00223	 0.00000
	 0.10449	 0.29382	 0.00223	 6.05041
	 0.14152	 0.28998	 0.00223	 9.27630
	 0.10826	 0.29382	 0.00302	 0.12095
	 0.10152	 0.37607	 0.00360	 0.14350
	 0.10826	 0.29032	 0.00223	 0.00000
	 0.11010	 0.24920	 0.00223	 6.38404
	 0.15075	 0.29382	 0.00223	 9.84586
	 0.10826	 0.29382	 0.00223	 0.00000
	 0.10865	 0.37622	 0.00222	 6.32401
	 0.10826	 0.29382	 0.00223	 0.00000
	 0.10860	 0.36861	 0.00275	 0.11465
	 0.10826	 0.28998	 0.00223	 0.00000
	 0.10865	 0.36938	 0.00242	 5.48039
	 0.10826	 0.29823	 0.00223	 0.00000
	 0.10646	 0.36938	 0.00249	 0.10336
	 0.10826	 0.28998	 0.00223	 0.00000
	 0.10862	 0.33305	 0.00248	 0.10268
	 0.12113	 0.34180	 0.00248	 5.77764
	 0.10826	 0.29382	 0.00223	 0.00000
	 0.10860	 0.29414	 0.00223	 6.29463
	 0.10826	 0.36464	 0.00139	 16.71236
	 0.10861	 0.37589	 0.00244	 5.41424
	 0.10865	 0.37351	 0.00248	 0.10267
	 0.10826	 0.29348	 0.00223	 0.00000
	 0.10826	 0.29823	 0.00158	 12.05533
	 0.10826	 0.32992	 0.00248	 0.10272
	 0.10826	 0.28998	 0.00223	 0.00000
	 0.10860	 0.34754	 0.00249	 0.10329
	 0.12569	 0.34180	 0.00248	 5.96431
	 0.10826	 0.31903	 0.00223	 0.00000
	 0.10830	 0.29020	 0.00223	 0.00000
	 0.10826	 0.29011	 0.00223	 0.00000
	 0.10826	 0.30181	 0.00463	 0.18319
	 0.10826	 0.29381	 0.00223	 0.00000
	 0.10826	 0.29009	 0.00223	 0.00000
	 0.10826	 0.29372	 0.00223	 0.00000
	 0.10826	 0.28693	 0.00223	 0.00000
	 0.10826	 0.28998	 0.00173	 10.83138
	 0.10826	 0.29018	 0.00223	 0.00000
	 0.15634	 0.29719	 0.00223	 10.12769
	 0.10826	 0.29372	 0.00223	 0.00000
	 0.10826	 0.28959	 0.00223	 0.00000
	 0.10193	 0.26656	 0.00223	 5.92176
	 0.10826	 0.29027	 0.00223	 0.00000
	 0.13086	 0.29807	 0.00223	 8.28531
	 0.10826	 0.23979	 0.00223	 6.27724
	 0.10826	 0.28998	 0.00258	 0.10719
	 0.10826	 0.28998	 0.00223	 0.00000
	 0.10826	 0.28998	 0.00223	 0.00000
	 0.10826	 0.29009	 0.00223	 0.00000
	 0.10826	 0.27862	 0.00223	 0.00000
	 0.10826	 0.29381	 0.00223	 0.00000
	 0.10826	 0.27708	 0.00223	 0.00000
	 0.11839	 0.29382	 0.00223	 6.94956
	 0.10826	 0.29382	 0.00223	 0.00000
	 0.12429	 0.29272	 0.00223	 7.45280
	 0.12327	 0.28998	 0.00223	 7.40649
	 0.10330	 0.29018	 0.00223	 5.98824
	 0.10826	 0.31903	 0.00223	 0.00000
	 0.12170	 0.29009	 0.00223	 7.24751
	 0.10826	 0.29329	 0.00223	 0.00000
	 0.10826	 0.28998	 0.00223	 0.00000
	 0.10826	 0.29348	 0.00223	 0.00000
	 0.10826	 0.28912	 0.00223	 0.00000
	 0.10826	 0.29093	 0.00163	 11.64797
	 0.10826	 0.29018	 0.00223	 0.00000
	 0.10830	 0.29020	 0.00223	 0.00000
	 0.10826	 0.29382	 0.00223	 0.00000
	 0.10826	 0.29382	 0.00223	 0.00000
	 0.10826	 0.28998	 0.00294	 0.11772
	 0.10826	 0.28693	 0.00223	 0.00000
	 0.10826	 0.29382	 0.00223	 0.00000
	 0.10826	 0.29018	 0.00223	 0.00000
	 0.10826	 0.31995	 0.00223	 0.00000
	 0.10826	 0.29340	 0.00223	 0.00000
	 0.10826	 0.29348	 0.00219	 6.47902
	 0.10826	 0.29382	 0.00223	 0.00000
	 0.10826	 0.29340	 0.00223	 0.00000
	 0.10826	 0.29011	 0.00223	 0.00000
	 0.10826	 0.29018	 0.00223	 0.00000
	 0.10826	 0.29018	 0.00223	 0.00000
	 0.10826	 0.28999	 0.00223	 0.00000
	 0.11461	 0.29026	 0.00223	 6.66379
	 0.10826	 0.28912	 0.00354	 0.14093
	 0.10830	 0.29020	 0.00223	 0.00000
	 0.10826	 0.29186	 0.00129	 17.97620
	 0.10826	 0.27694	 0.00223	 0.00000
	 0.11083	 0.28693	 0.00223	 6.41616
	 0.13465	 0.29422	 0.00362	 0.14465
	 0.10543	 0.29360	 0.00223	 6.10115
	 0.10826	 0.28912	 0.00223	 0.00000
	 0.10826	 0.29032	 0.00223	 0.00000
	 0.10826	 0.28317	 0.00223	 0.00000
	 0.10430	 0.27708	 0.00223	 6.04398
	 0.10789	 0.28998	 0.00279	 0.11623
	 0.10826	 0.28998	 0.00223	 0.00000
	 0.10479	 0.29749	 0.00223	 6.06564
	 0.10826	 0.28005	 0.00223	 0.00000
	 0.10826	 0.28999	 0.00223	 0.00000
	 0.12950	 0.29372	 0.00223	 8.12813
	 0.10970	 0.27708	 0.00223	 6.34978
	 0.10826	 0.28693	 0.00223	 0.00000
	 0.10779	 0.29018	 0.00223	 0.00000
	 0.10826	 0.27867	 0.00223	 0.00000
	 0.10826	 0.28955	 0.00223	 0.00000
	 0.10826	 0.29018	 0.00414	 0.16447
	 0.10826	 0.29018	 0.00223	 0.00000
	 0.10826	 0.29069	 0.00223	 0.00000
	 0.10830	 0.28645	 0.00143	 16.23083
	 0.12493	 0.29020	 0.00223	 7.52439
	 0.10826	 0.29018	 0.00223	 0.00000
	 0.10826	 0.29018	 0.00223	 0.00000
	 0.10826	 0.29348	 0.00223	 0.00000
	 0.10757	 0.28708	 0.00223	 6.19463
	 0.10826	 0.29005	 0.00223	 0.00000
	 0.10826	 0.28998	 0.00223	 0.00000
	 0.10826	 0.29011	 0.00190	 9.53860
	 0.10830	 0.28999	 0.00223	 0.00000
	 0.10826	 0.29020	 0.00144	 16.09980
	 0.10830	 0.29020	 0.00223	 0.00000
	 0.10826	 0.26638	 0.00223	 6.26792
	 0.10305	 0.29011	 0.00223	 5.97506
	 0.10779	 0.29018	 0.00223	 0.00000
	 0.10826	 0.31423	 0.00223	 0.00000
	 0.10826	 0.28998	 0.00286	 0.11921
	 0.10826	 0.28661	 0.00223	 0.00000
	 0.10830	 0.27867	 0.00163	 11.66632
	 0.10826	 0.29013	 0.00223	 0.00000
	 0.10826	 0.28678	 0.00223	 0.00000
	 0.10826	 0.27694	 0.00223	 0.00000
	 0.10826	 0.29025	 0.00223	 0.00000
	 0.11820	 0.29020	 0.00223	 6.89173
	 0.10814	 0.27862	 0.00223	 0.00000
	 0.10826	 0.28998	 0.00223	 0.00000
	 0.10826	 0.28317	 0.00223	 0.00000
	 0.10826	 0.27867	 0.00223	 0.00000
	 0.10826	 0.28912	 0.00223	 0.00000
	 0.10826	 0.29000	 0.00223	 0.00000
	 0.10826	 0.28692	 0.00223	 0.00000
	 0.10826	 0.29514	 0.00170	 11.04312
	 0.11413	 0.29295	 0.00223	 6.62988
	 0.10826	 0.28959	 0.00223	 0.00000
	 0.13353	 0.28912	 0.00223	 8.58638
	 0.10826	 0.27708	 0.00223	 0.00000
	 0.10341	 0.29642	 0.00223	 5.99268
	 0.10826	 0.27862	 0.00223	 0.00000
	 0.10826	 0.28894	 0.00223	 0.00000
	 0.10826	 0.28959	 0.00223	 0.00000
	 0.10779	 0.29018	 0.00223	 0.00000
	 0.10826	 0.28693	 0.00223	 0.00000
	 0.10826	 0.28955	 0.00223	 0.00000
	 0.12541	 0.27743	 0.00223	 7.65193
	 0.10826	 0.30072	 0.00159	 11.98000
	 0.10830	 0.29020	 0.00183	 10.13979
	 0.11932	 0.29099	 0.00223	 7.02976
	 0.10826	 0.28998	 0.00223	 0.00000
	 0.10830	 0.29020	 0.00223	 0.00000
	 0.10703	 0.28693	 0.00357	 0.14196
	 0.10830	 0.28999	 0.00223	 0.00000
	 0.10615	 0.27892	 0.00223	 6.14420
	 0.10826	 0.28882	 0.00223	 0.00000
	 0.10826	 0.23025	 0.00204	 8.02066
	 0.10779	 0.29018	 0.00223	 0.00000
	 0.10826	 0.28692	 0.00223	 0.00000
	 0.10826	 0.33821	 0.00223	 0.00000
	 0.10826	 0.28014	 0.00223	 0.00000
	 0.10826	 0.27857	 0.00173	 10.87792
	 0.11784	 0.29020	 0.00223	 6.86346
	 0.10779	 0.29018	 0.00365	 0.14523
	 0.10830	 0.30007	 0.00223	 0.00000
	 0.10830	 0.29020	 0.00223	 0.00000
	 0.10826	 0.28332	 0.00223	 0.00000
	 0.10830	 0.28243	 0.00223	 0.00000
	 0.12372	 0.28317	 0.00236	 6.41326
	 0.10826	 0.29020	 0.00223	 0.00000
	 0.10826	 0.27694	 0.00223	 0.00000
	 0.10826	 0.27134	 0.00223	 6.26641
	 0.10146	 0.31106	 0.00223	 5.88865
	 0.10788	 0.27862	 0.00140	 16.52623
	 0.10826	 0.27694	 0.00223	 0.00000
	 0.10830	 0.29020	 0.00223	 0.00000
	 0.10779	 0.24976	 0.00223	 0.00000
	 0.10826	 0.28693	 0.00223	 0.00000
	 0.10826	 0.28959	 0.00223	 0.00000
	 0.10830	 0.29020	 0.00223	 0.00000
	 0.10826	 0.30846	 0.00223	 0.00000
	 0.10831	 0.29020	 0.00223	 0.00000
	 0.10650	 0.27862	 0.00223	 6.16377
	 0.10826	 0.27708	 0.00223	 0.00000
	 0.10826	 0.26346	 0.00223	 6.26884
	 0.10138	 0.29018	 0.00223	 5.88868
	 0.10779	 0.29018	 0.00223	 0.00000
	 0.10779	 0.29018	 0.00223	 0.00000
	 0.10947	 0.28678	 0.00223	 6.33334
	 0.10814	 0.27862	 0.00223	 0.00000
	 0.13017	 0.29195	 0.00223	 8.21001
	 0.13068	 0.34576	 0.00223	 8.16705
	 0.10830	 0.28986	 0.00124	 19.06389
	 0.10826	 0.25115	 0.00223	 0.00000
	 0.20342	 0.27877	 0.00223	 12.01523
	 0.10826	 0.27697	 0.00223	 0.00000
	 0.10830	 0.24215	 0.00223	 0.00000
	 0.10830	 0.29020	 0.00254	 5.08097
	 0.10513	 0.29510	 0.00110	 23.89000
	 0.10826	 0.28005	 0.00238	 5.61835
	 0.10826	 0.27694	 0.00223	 0.00000
	 0.11410	 0.29020	 0.00223	 6.59299
	 0.10830	 0.28999	 0.00246	 5.33208
	 0.10263	 0.29020	 0.00223	 5.92856
	 0.10779	 0.29018	 0.00223	 0.00000
	 0.10830	 0.28999	 0.00223	 0.00000
	 0.10479	 0.29057	 0.00223	 6.06709
	 0.10217	 0.28275	 0.00223	 5.93086
	 0.10826	 0.27867	 0.00223	 0.00000
	 0.10814	 0.27862	 0.00223	 0.00000
	 0.10830	 0.29020	 0.00223	 0.00000
	 0.10269	 0.29020	 0.00223	 5.93174
	 0.10826	 0.27862	 0.00235	 5.70524
	 0.10826	 0.27694	 0.00223	 0.00000
	 0.10830	 0.27713	 0.00223	 0.00000
	 0.10826	 0.29000	 0.00223	 0.00000
	 0.10507	 0.29018	 0.00186	 9.61823
	 0.13584	 0.24976	 0.00223	 8.84282
	 0.10830	 0.29020	 0.00223	 0.00000
	 0.10830	 0.26276	 0.00223	 0.00000
	 0.10830	 0.29020	 0.00223	 0.00000
	 0.10830	 0.29020	 0.00223	 0.00000
	 0.10779	 0.29018	 0.00223	 0.00000
	 0.10830	 0.31233	 0.00348	 0.13875
	 0.10830	 0.29023	 0.00223	 0.00000
	 0.10826	 0.28315	 0.00223	 0.00000
	 0.10831	 0.25931	 0.00311	 0.12447
	 0.10825	 0.28999	 0.00184	 10.01758
	 0.10779	 0.29018	 0.00223	 0.00000
	 0.10830	 0.30007	 0.00223	 0.00000
	 0.10783	 0.24794	 0.00223	 6.22019
	 0.10826	 0.29018	 0.00223	 0.00000
	 0.10830	 0.27862	 0.00223	 6.26667
	 0.10814	 0.29563	 0.00223	 6.22406
	 0.10779	 0.29018	 0.00142	 16.33112
	 0.10830	 0.27138	 0.00223	 0.00000
	 0.10826	 0.27694	 0.00223	 0.00000
	 0.10830	 0.30007	 0.00192	 9.35318
	 0.10830	 0.29020	 0.00223	 0.00000
	 0.10830	 0.27713	 0.00223	 0.00000
	 0.10830	 0.29020	 0.00223	 0.00000
	 0.10830	 0.29020	 0.00223	 0.00000
	 0.10830	 0.28999	 0.00223	 0.00000
	 0.10830	 0.26276	 0.00223	 0.00000
	 0.10826	 0.27694	 0.00223	 0.00000
	 0.10830	 0.29020	 0.00218	 6.56870
	 0.10779	 0.29018	 0.00223	 0.00000
	 0.10830	 0.31331	 0.00223	 0.00000
	 0.10830	 0.26272	 0.00223	 0.00000
	 0.10830	 0.25773	 0.00223	 0.00000
	 0.10830	 0.29019	 0.00223	 0.00000
	 0.10779	 0.29020	 0.00223	 0.00000
	 0.10830	 0.27713	 0.00223	 0.00000
	 0.10830	 0.29020	 0.00223	 0.00000
	 0.10779	 0.29018	 0.00223	 0.00000
	 0.10826	 0.27694	 0.00223	 0.00000
	 0.10123	 0.29018	 0.00218	 6.11455
	 0.10830	 0.30675	 0.00223	 0.00000
	 0.10833	 0.29020	 0.00223	 0.00000
	 0.10777	 0.29018	 0.00223	 6.20495
	 0.10830	 0.26587	 0.00223	 0.00000
	 0.10830	 0.29020	 0.00224	 6.21033
	 0.10830	 0.29020	 0.00189	 9.65356
	 0.10830	 0.30210	 0.00223	 0.00000
	 0.10830	 0.29020	 0.00223	 0.00000
	 0.10830	 0.20550	 0.00223	 6.26656
	 0.10830	 0.29020	 0.00223	 0.00000
	 0.10830	 0.29020	 0.00223	 0.00000
	 0.10830	 0.29000	 0.00223	 0.00000
	 0.10830	 0.29019	 0.00309	 0.12370
	 0.10814	 0.27109	 0.00223	 0.00000
	 0.10830	 0.24215	 0.00223	 0.00000
	 0.10785	 0.29020	 0.00223	 6.20904
	 0.10830	 0.29020	 0.00223	 0.00000
	 0.10830	 0.29020	 0.00322	 0.12868
	 0.10830	 0.26276	 0.00223	 0.00000
	 0.10318	 0.26276	 0.00223	 5.96402
	 0.10830	 0.26904	 0.00223	 0.00000
	 0.10743	 0.19663	 0.00223	 6.22110
	 0.11036	 0.29020	 0.00223	 6.35534
	 0.10830	 0.26587	 0.00223	 0.00000
	 0.10830	 0.28999	 0.00223	 0.00000
	 0.10830	 0.29020	 0.00223	 0.00000
	 0.10830	 0.29020	 0.00223	 0.00000
	 0.10830	 0.31065	 0.00223	 0.00000
	 0.10830	 0.29020	 0.00223	 0.00000
	 0.10830	 0.24215	 0.00121	 22.15831
	 0.10830	 0.28999	 0.00223	 0.00000
	 0.10830	 0.26276	 0.00113	 23.74109
	 0.10585	 0.29020	 0.00223	 6.09821
	 0.10830	 0.22965	 0.00242	 5.48800
	 0.10830	 0.27713	 0.00223	 0.00000
	 0.10830	 0.30210	 0.00223	 0.00000
	 0.10666	 0.28999	 0.00223	 6.14375
	 0.10830	 0.29020	 0.00223	 0.00000
	 0.10830	 0.29019	 0.00223	 0.00000
	 0.10830	 0.29020	 0.00223	 0.00000
	 0.10830	 0.28999	 0.00223	 0.00000
	 0.10830	 0.26276	 0.00223	 0.00000
	 0.10830	 0.28999	 0.00223	 0.00000
	 0.10830	 0.29020	 0.00205	 7.77350
	 0.11183	 0.27138	 0.00223	 6.45120
	 0.10830	 0.33187	 0.00264	 4.79844
	 0.10550	 0.30210	 0.00223	 6.07746
	 0.10830	 0.25773	 0.00188	 9.78274
	 0.10830	 0.24215	 0.00223	 0.00000
	 0.10830	 0.27265	 0.00223	 0.00000
	 0.10830	 0.29020	 0.00223	 0.00000
	 0.11224	 0.29020	 0.00223	 6.47115
	 0.10830	 0.29020	 0.00223	 0.00000
	 0.10830	 0.25562	 0.00223	 0.00000
	 0.10048	 0.33975	 0.00223	 5.81191
	 0.10830	 0.28916	 0.00305	 3.84670
	 0.10830	 0.25877	 0.00585	 0.22814
	 0.10830	 0.26214	 0.00223	 0.00000
	 0.10830	 0.37261	 0.00223	 6.21971
	 0.10830	 0.30210	 0.00223	 0.00000
	 0.10830	 0.28999	 0.00223	 0.00000
	 0.10830	 0.29020	 0.00223	 0.00000
	 0.10830	 0.26272	 0.00223	 0.00000
	 0.10830	 0.28999	 0.00223	 0.00000
	 0.10830	 0.26276	 0.00223	 0.00000
	 0.10830	 0.29020	 0.00316	 0.12646
	 0.10215	 0.27265	 0.00439	 0.17366
	 0.10578	 0.29020	 0.00223	 6.09545
	 0.10830	 0.27870	 0.00223	 0.00000
	 0.10830	 0.28889	 0.00223	 0.00000
	 0.10830	 0.30496	 0.00223	 0.00000
	 0.10128	 0.26292	 0.00223	 5.86647
	 0.10830	 0.27249	 0.00185	 9.99633
	 0.10830	 0.29020	 0.00223	 0.00000
	 0.10830	 0.25773	 0.00223	 0.00000
	 0.10830	 0.30729	 0.00223	 0.00000
	 0.10830	 0.23873	 0.00223	 0.00000
	 0.10830	 0.26587	 0.00223	 0.00000
	 0.10830	 0.26276	 0.00223	 0.00000
	 0.10830	 0.28461	 0.00223	 0.00000
	 0.10217	 0.29359	 0.00223	 5.90428
	 0.10830	 0.26129	 0.00223	 0.00000
	 0.10830	 0.29145	 0.00205	 7.76448
	 0.13328	 0.29020	 0.00223	 8.49446
	 0.10830	 0.26272	 0.00223	 0.00000
	 0.10830	 0.30837	 0.00223	 0.00000
	 0.10830	 0.24215	 0.00223	 0.00000
	 0.10830	 0.28999	 0.00223	 0.00000
	 0.10830	 0.28999	 0.00223	 0.00000
	 0.10150	 0.28999	 0.00219	 6.08428
	 0.10830	 0.26276	 0.00223	 0.00000
	 0.10830	 0.28999	 0.00223	 0.00000
	 0.10830	 0.29020	 0.00223	 0.00000
	 0.10830	 0.29020	 0.00223	 0.00000
	 0.10830	 0.29020	 0.00223	 0.00000
	 0.10830	 0.26276	 0.00223	 0.00000
	 0.10830	 0.28999	 0.00177	 10.58581
	 0.17309	 0.28999	 0.00223	 10.81125
	 0.10830	 0.34274	 0.00311	 0.12466
	 0.10830	 0.28999	 0.00390	 0.15507
	 0.10807	 0.31010	 0.00223	 6.21713
	 0.10830	 0.28999	 0.00223	 0.00000
	 0.10830	 0.27777	 0.00223	 0.00000
	 0.18033	 0.25922	 0.00242	 10.05666
	 0.10830	 0.29374	 0.00223	 0.00000
	 0.10830	 0.26276	 0.00223	 0.00000
	 0.10830	 0.28999	 0.00645	 0.25171
	 0.10830	 0.26276	 0.00223	 0.00000
	 0.10830	 0.26057	 0.00223	 0.00000
	 0.11618	 0.26276	 0.00223	 6.75099
	 0.15799	 0.28999	 0.00223	 10.17577
	 0.10830	 0.24620	 0.00223	 0.00000
	 0.10830	 0.27594	 0.00223	 0.00000
	 0.10830	 0.26276	 0.00223	 0.00000
	 0.10830	 0.25773	 0.00226	 6.11204
	 0.10830	 0.26276	 0.00223	 0.00000
	 0.10830	 0.26125	 0.00223	 0.00000
	 0.10830	 0.26276	 0.00223	 0.00000
	 0.10830	 0.26272	 0.00226	 6.10772
	 0.10830	 0.26357	 0.00223	 0.00000
	 0.10830	 0.28918	 0.00223	 0.00000
	 0.10830	 0.26272	 0.00220	 6.41676
	 0.10830	 0.26276	 0.00760	 0.29355
	 0.16778	 0.30427	 0.00231	 10.13718
	 0.10622	 0.30729	 0.00329	 0.13148
	 0.10830	 0.26286	 0.00223	 0.00000
	 0.10830	 0.28988	 0.00223	 0.00000
	 0.10830	 0.28999	 0.00223	 0.00000
	 0.11104	 0.28999	 0.00223	 6.39730
	 0.10742	 0.26276	 0.00223	 6.19297
	 0.10830	 0.28999	 0.00223	 0.00000
	 0.10830	 0.26272	 0.00223	 0.00000
	 0.10830	 0.28999	 0.00223	 0.00000
	 0.10830	 0.27265	 0.00223	 0.00000
	 0.10830	 0.28999	 0.00223	 0.00000
	 0.10268	 0.26099	 0.00208	 6.87396
	 0.10830	 0.29172	 0.00223	 0.00000
	 0.10342	 0.27389	 0.00223	 5.97393
	 0.10830	 0.28999	 0.00338	 0.13502
	 0.10830	 0.26276	 0.00223	 0.00000
	 0.10830	 0.26276	 0.00223	 0.00000
	 0.10830	 0.23018	 0.00223	 0.00000
	 0.10830	 0.26276	 0.00257	 5.00249
	 0.10753	 0.26276	 0.00226	 6.05995
	 0.10412	 0.26286	 0.00223	 6.01333
	 0.10830	 0.28999	 0.00223	 0.00000
	 0.10830	 0.26276	 0.00223	 0.00000
	 0.10830	 0.28999	 0.00223	 0.00000
	 0.10830	 0.25148	 0.00223	 0.00000
	 0.10830	 0.26125	 0.00316	 0.12647
	 0.10830	 0.27265	 0.00223	 0.00000
	 0.10675	 0.26287	 0.00223	 6.15591
	 0.10830	 0.27254	 0.00223	 0.00000
	 0.10830	 0.27072	 0.00271	 4.63566
	 0.10830	 0.26276	 0.00223	 0.00000
	 0.10830	 0.26345	 0.00223	 0.00000
	 0.10830	 0.29817	 0.00223	 0.00000
	 0.10830	 0.24884	 0.00223	 0.00000
	 0.10341	 0.26276	 0.00223	 5.97598
	 0.10830	 0.26862	 0.00223	 0.00000
	 0.10830	 0.28999	 0.00223	 0.00000
	 0.10830	 0.26276	 0.00223	 0.00000
	 0.10138	 0.25773	 0.00223	 5.87242
	 0.10830	 0.25078	 0.00223	 0.00000
	 0.10397	 0.26276	 0.00437	 0.17312
	 0.10830	 0.26276	 0.00223	 0.00000
	 0.10830	 0.26276	 0.00223	 0.00000
	 0.10830	 0.26276	 0.00292	 4.12943
	 0.10830	 0.26706	 0.00271	 4.62737
	 0.10830	 0.28999	 0.00223	 0.00000
	 0.11011	 0.26276	 0.00223	 6.34936
	 0.10830	 0.26125	 0.00532	 0.20852
	 0.10830	 0.26276	 0.00223	 0.00000
	 0.10830	 0.26272	 0.00206	 7.62146
	 0.10830	 0.26276	 0.00223	 0.00000
	 0.10601	 0.26276	 0.00223	 6.11488
	 0.10830	 0.25773	 0.00410	 0.16287
	 0.10830	 0.23875	 0.00223	 0.00000
	 0.10377	 0.27257	 0.00223	 5.99208
	 0.10830	 0.26276	 0.00223	 0.00000
	 0.10830	 0.26276	 0.00223	 0.00000
	 0.10830	 0.26262	 0.00356	 0.14155
	 0.10830	 0.24897	 0.00223	 0.00000
	 0.10830	 0.26276	 0.00223	 0.00000
	 0.13049	 0.26276	 0.00223	 8.20386
	 0.10830	 0.26276	 0.00223	 0.00000
	 0.10830	 0.23618	 0.00223	 0.00000
	 0.10830	 0.26276	 0.00223	 0.00000
	 0.10830	 0.24884	 0.00223	 0.00000
	 0.10830	 0.26142	 0.00234	 5.77276
	 0.10830	 0.26258	 0.00223	 0.00000
	 0.10830	 0.25266	 0.00223	 0.00000
	 0.10830	 0.26257	 0.00223	 0.00000
	 0.10811	 0.27225	 0.00223	 0.00000
	 0.10830	 0.26276	 0.00266	 4.75485
	 0.10830	 0.25188	 0.00223	 0.00000
	 0.10830	 0.26276	 0.00208	 7.44384
	 0.10830	 0.26276	 0.00223	 0.00000
	 0.10830	 0.24179	 0.00223	 0.00000
	 0.10830	 0.26276	 0.00223	 0.00000
	 0.10408	 0.26276	 0.00223	 6.01109
	 0.10477	 0.25720	 0.00223	 6.04933
	 0.10830	 0.26276	 0.00286	 4.25609
	 0.10830	 0.26276	 0.00223	 0.00000
	 0.10830	 0.27265	 0.00223	 0.00000
	 0.10830	 0.26276	 0.00223	 0.00000
	 0.10830	 0.26276	 0.00223	 0.00000
	 0.10830	 0.27265	 0.00223	 0.00000
	 0.10830	 0.26276	 0.00223	 0.00000
	 0.12671	 0.26276	 0.00459	 0.18216
	 0.10830	 0.27265	 0.00236	 5.70104
	 0.10830	 0.26276	 0.00223	 0.00000
	 0.14242	 0.26276	 0.00223	 9.31230
	 0.10830	 0.26276	 0.00223	 0.00000
	 0.10830	 0.26276	 0.00223	 0.00000
	 0.10830	 0.24884	 0.00223	 0.00000
	 0.10480	 0.25266	 0.00223	 6.05224
	 0.10830	 0.26108	 0.00341	 0.13576
	 0.10830	 0.26292	 0.00223	 0.00000
	 0.10830	 0.26150	 0.00404	 0.16032
	 0.14134	 0.26125	 0.00223	 9.23498
	 0.10830	 0.26276	 0.00223	 0.00000
	 0.10830	 0.20356	 0.00223	 6.26843
	 0.10209	 0.26740	 0.00191	 8.84904
	 0.10830	 0.26276	 0.00223	 0.00000
	 0.10830	 0.25299	 0.00223	 0.00000
	 0.10830	 0.26243	 0.00223	 0.00000
	 0.10830	 0.24233	 0.00223	 0.00000
	 0.10830	 0.26295	 0.00223	 0.00000
	 0.10830	 0.25240	 0.00223	 0.00000
	 0.10830	 0.25185	 0.00223	 0.00000
	 0.10010	 0.26276	 0.00223	 5.80686
	 0.10830	 0.24884	 0.00223	 0.00000
	 0.10830	 0.26276	 0.00223	 0.00000
	 0.10830	 0.26276	 0.00209	 7.27719
	 0.10830	 0.26276	 0.00223	 0.00000
	 0.10830	 0.25773	 0.00223	 0.00000
	 0.10830	 0.24885	 0.00223	 0.00000
	 0.10200	 0.26275	 0.00223	 5.90310
	 0.14481	 0.24456	 0.00223	 9.48677
	 0.11586	 0.26276	 0.00223	 6.72760
	 0.10830	 0.26276	 0.00392	 0.15573
	 0.10830	 0.26276	 0.00223	 0.00000
	 0.10830	 0.23891	 0.00223	 0.00000
	 0.10830	 0.26260	 0.00169	 11.14873
	 0.10830	 0.25585	 0.00223	 0.00000
	 0.10830	 0.26276	 0.00223	 0.00000
	 0.10896	 0.25479	 0.00223	 6.28424
	 0.10830	 0.26276	 0.00226	 6.12915
	 0.12728	 0.26276	 0.00223	 7.81778
	 0.10830	 0.27037	 0.00223	 0.00000
	 0.10830	 0.26276	 0.00223	 0.00000
	 0.11205	 0.26276	 0.00223	 6.46953
	 0.10830	 0.26276	 0.00223	 0.00000
	 0.10830	 0.24884	 0.00223	 0.00000
	 0.10830	 0.21424	 0.00223	 0.00000
	 0.10830	 0.26276	 0.00223	 0.00000
	 0.10830	 0.26276	 0.00223	 0.00000
	 0.10830	 0.26276	 0.00223	 0.00000
	 0.10037	 0.37947	 0.00223	 5.80202
	 0.10830	 0.25083	 0.00223	 0.00000
	 0.10830	 0.25773	 0.00223	 0.00000
	 0.10830	 0.26499	 0.00223	 0.00000
	 0.10830	 0.26276	 0.00206	 7.67378
	 0.10830	 0.26276	 0.00223	 0.00000
	 0.10830	 0.26276	 0.00223	 0.00000
	 0.10830	 0.24884	 0.00223	 0.00000
	 0.10830	 0.23875	 0.00223	 0.00000
	 0.10830	 0.29180	 0.00223	 0.00000
	 0.10542	 0.24884	 0.00223	 6.08681
	 0.10830	 0.26276	 0.00223	 0.00000
	 0.10830	 0.26673	 0.00270	 4.65790
	 0.10830	 0.25761	 0.00223	 0.00000
	 0.10830	 0.24859	 0.00223	 0.00000
	 0.10830	 0.28098	 0.00145	 15.82835
	 0.10830	 0.24233	 0.00207	 7.60589
	 0.10830	 0.24884	 0.00223	 0.00000
	 0.10830	 0.25240	 0.00223	 0.00000
	 0.10830	 0.26276	 0.00223	 0.00000
	 0.10830	 0.26184	 0.00223	 0.00000
	 0.10830	 0.26276	 0.00223	 0.00000
	 0.10830	 0.26258	 0.00160	 11.90051
	 0.10015	 0.25722	 0.00223	 5.81076
	 0.10830	 0.26197	 0.00223	 0.00000
	 0.10767	 0.25733	 0.00223	 6.20880
	 0.10830	 0.26276	 0.00146	 15.64746
	 0.10830	 0.26274	 0.00223	 0.00000
	 0.10830	 0.26276	 0.00223	 0.00000
	 0.10830	 0.25266	 0.00223	 0.00000
	 0.10830	 0.24830	 0.00223	 0.00000
	 0.10830	 0.26330	 0.00223	 0.00000
	 0.10830	 0.26203	 0.00223	 0.00000
	 0.10030	 0.24805	 0.00193	 8.30956
	 0.10830	 0.24884	 0.00223	 0.00000
	 0.10830	 0.23152	 0.00177	 10.59866
	 0.10830	 0.22019	 0.00223	 0.00000
	 0.10830	 0.25680	 0.00223	 0.00000
	 0.10830	 0.25773	 0.00223	 0.00000
	 0.10830	 0.25611	 0.00223	 0.00000
	 0.10465	 0.25266	 0.00223	 6.04414
	 0.10830	 0.25773	 0.00223	 0.00000
	 0.10830	 0.24884	 0.00188	 9.77676
	 0.10830	 0.24884	 0.00223	 0.00000
	 0.10830	 0.23875	 0.00223	 0.00000
	 0.10830	 0.24233	 0.00223	 0.00000
	 0.10830	 0.23875	 0.00223	 0.00000
	 0.13416	 0.26025	 0.00223	 8.61211
	 0.10535	 0.24884	 0.00223	 6.08304
	 0.10830	 0.24885	 0.00223	 0.00000
	 0.10830	 0.26128	 0.00474	 0.18701
	 0.10505	 0.25388	 0.00392	 0.15567
	 0.10830	 0.25214	 0.00223	 0.00000
	 0.10830	 0.24910	 0.00223	 0.00000
	 0.10195	 0.25773	 0.00228	 5.69634
	 0.10830	 0.23875	 0.00223	 0.00000
	 0.10830	 0.25426	 0.00223	 0.00000
	 0.10830	 0.26276	 0.00223	 0.00000
	 0.10830	 0.25235	 0.00223	 0.00000
	 0.10830	 0.24889	 0.00223	 0.00000
	 0.10830	 0.24884	 0.00223	 0.00000
	 0.10830	 0.25773	 0.00223	 0.00000
	 0.10830	 0.24852	 0.00223	 0.00000
	 0.10830	 0.26156	 0.00223	 0.00000
	 0.10535	 0.25240	 0.00223	 6.08182
	 0.10830	 0.24884	 0.00144	 16.11080
	 0.10830	 0.24505	 0.00223	 0.00000
	 0.10830	 0.21424	 0.00223	 0.00000
	 0.10830	 0.25266	 0.00223	 0.00000
	 0.10830	 0.24830	 0.00169	 11.17378
	 0.10830	 0.27211	 0.00223	 0.00000
	 0.10830	 0.24844	 0.00113	 23.64652
	 0.10830	 0.26276	 0.00223	 0.00000
	 0.10830	 0.26276	 0.00223	 0.00000
	 0.10830	 0.26276	 0.00223	 0.00000
	 0.10830	 0.24884	 0.00181	 10.30257
	 0.11423	 0.21418	 0.00223	 6.63821
	 0.10830	 0.24884	 0.00223	 0.00000
	 0.10830	 0.25268	 0.00223	 0.00000
	 0.10830	 0.25233	 0.00223	 0.00000
	 0.10830	 0.28650	 0.00223	 0.00000
	 0.10307	 0.25266	 0.00400	 0.15858
	 0.10830	 0.27865	 0.00223	 0.00000
	 0.10830	 0.25264	 0.00223	 0.00000
	 0.10830	 0.26863	 0.00223	 0.00000
	 0.10830	 0.25691	 0.00223	 0.00000
	 0.10830	 0.24884	 0.00223	 0.00000
	 0.10830	 0.25266	 0.00223	 0.00000
	 0.10830	 0.24831	 0.00223	 0.00000
	 0.10830	 0.23928	 0.00223	 0.00000
	 0.10830	 0.25240	 0.00223	 0.00000
	 0.10830	 0.25240	 0.00223	 0.00000
	 0.10830	 0.24742	 0.00223	 0.00000
	 0.10830	 0.23875	 0.00223	 0.00000
	 0.10830	 0.24889	 0.00223	 0.00000
	 0.10385	 0.25773	 0.00223	 6.00060
	 0.10830	 0.18828	 0.00223	 6.27786
	 0.10830	 0.25773	 0.00223	 0.00000
	 0.10340	 0.23701	 0.00223	 5.98274
	 0.10830	 0.25946	 0.00277	 4.48806
	 0.10830	 0.24233	 0.00223	 0.00000
	 0.10830	 0.24884	 0.00221	 6.39271
	 0.12365	 0.27388	 0.00223	 7.39930
	 0.10830	 0.24426	 0.00223	 0.00000
	 0.10830	 0.24885	 0.00223	 0.00000
	 0.10830	 0.25240	 0.00223	 0.00000
	 0.11990	 0.24092	 0.00223	 7.06253
	 0.10830	 0.22393	 0.00223	 0.00000
	 0.10830	 0.23875	 0.00223	 0.00000
	 0.10310	 0.21424	 0.00223	 5.97530
	 0.10830	 0.23825	 0.00223	 0.00000
	 0.10830	 0.25680	 0.00223	 0.00000
	 0.10310	 0.24233	 0.00223	 5.96535
	 0.10830	 0.24885	 0.00223	 0.00000
	 0.11049	 0.24233	 0.00115	 23.58783
	 0.10830	 0.21424	 0.00223	 0.00000
	 0.10830	 0.19932	 0.00222	 6.33772
	 0.10830	 0.24889	 0.00223	 0.00000
	 0.10830	 0.22393	 0.00223	 0.00000
	 0.10830	 0.25266	 0.00223	 0.00000
	 0.10830	 0.24885	 0.00223	 0.00000
	 0.10830	 0.24233	 0.00192	 0.00000
	 0.10830	 0.23928	 0.00223	 0.00000
	 0.10830	 0.24233	 0.00223	 0.00000
	 0.14688	 0.25240	 0.00223	 9.61019
	 0.10830	 0.25240	 0.00223	 0.00000
	 0.10503	 0.25235	 0.00223	 6.06497
	 0.10830	 0.22007	 0.00223	 0.00000
	 0.10830	 0.25233	 0.00268	 4.70954
	 0.10830	 0.24910	 0.00223	 0.00000
	 0.10830	 0.24229	 0.00223	 0.00000
	 0.10830	 0.25271	 0.00256	 5.03038
	 0.10830	 0.23875	 0.00223	 0.00000
	 0.10830	 0.24233	 0.00223	 0.00000
	 0.10317	 0.21305	 0.00223	 5.97958
	 0.10830	 0.25359	 0.00223	 0.00000
	 0.10936	 0.22393	 0.00296	 0.11854
	 0.10830	 0.24889	 0.00223	 0.00000
	 0.10830	 0.21424	 0.00223	 0.00000
	 0.10830	 0.24885	 0.00223	 0.00000
	 0.10777	 0.25265	 0.00223	 6.21620
	 0.10964	 0.25242	 0.00223	 6.32529
	 0.10053	 0.22385	 0.00223	 5.83970
	 0.10830	 0.22688	 0.00223	 0.00000
	 0.10843	 0.23875	 0.00223	 0.00000
	 0.12747	 0.27284	 0.00223	 7.83204
	 0.13670	 0.24889	 0.00223	 8.86691
	 0.11517	 0.25240	 0.00223	 6.68314
	 0.10102	 0.24413	 0.00223	 5.85805
	 0.10830	 0.21424	 0.00410	 0.16234
	 0.10830	 0.26516	 0.00223	 0.00000
	 0.10632	 0.25240	 0.00223	 6.13525
	 0.10830	 0.27814	 0.00223	 0.00000
	 0.10830	 0.24888	 0.00223	 0.00000
	 0.10808	 0.25773	 0.00276	 0.11485
	 0.10830	 0.25266	 0.00273	 4.57465
	 0.10830	 0.24233	 0.00223	 0.00000
	 0.10830	 0.22393	 0.00223	 0.00000
	 0.10830	 0.24233	 0.00192	 0.00000
	 0.10830	 0.22688	 0.00223	 0.00000
	 0.10830	 0.21424	 0.00193	 9.29276
	 0.10755	 0.21424	 0.00223	 6.21899
	 0.10830	 0.21662	 0.00223	 0.00000
	 0.10830	 0.21634	 0.00223	 0.00000
	 0.10636	 0.22586	 0.00223	 6.14697
	 0.10830	 0.22678	 0.00223	 0.00000
	 0.10074	 0.23922	 0.00223	 5.84520
	 0.10830	 0.27243	 0.00223	 0.00000
	 0.10830	 0.21388	 0.00193	 9.30097
	 0.10508	 0.24270	 0.00222	 6.13663
	 0.10830	 0.19516	 0.00223	 6.27340
	 0.10830	 0.25240	 0.00223	 0.00000
	 0.10830	 0.21424	 0.00223	 0.00000
	 0.10830	 0.25299	 0.00256	 5.02348
	 0.10830	 0.21424	 0.00177	 10.64397
	 0.10830	 0.22824	 0.00223	 0.00000
	 0.10830	 0.24293	 0.00223	 0.00000
	 0.10830	 0.24887	 0.00223	 0.00000
	 0.10830	 0.24233	 0.00223	 0.00000
	 0.10830	 0.25793	 0.00223	 0.00000
	 0.10179	 0.30934	 0.00223	 5.88277
	 0.10830	 0.22393	 0.00223	 0.00000
	 0.10010	 0.21424	 0.00223	 5.82091
	 0.10830	 0.24889	 0.00223	 0.00000
	 0.10830	 0.24885	 0.00222	 6.30133
	 0.10830	 0.24233	 0.00101	 29.78031
	 0.10830	 0.22393	 0.00223	 0.00000
	 0.10830	 0.21424	 0.00223	 0.00000
	 0.11098	 0.23997	 0.00223	 6.41166
	 0.10830	 0.25171	 0.00223	 0.00000
	 0.10830	 0.26444	 0.00223	 0.00000
	 0.10086	 0.25790	 0.00223	 5.84642
	 0.10830	 0.24886	 0.00223	 0.00000
	 0.10830	 0.24237	 0.00223	 0.00000
	 0.10830	 0.24889	 0.00223	 0.00000
	 0.10830	 0.24885	 0.00220	 6.45910
	 0.10293	 0.24888	 0.00231	 5.64820
	 0.10830	 0.24234	 0.00203	 8.09912
	 0.10632	 0.22009	 0.00223	 6.14691
	 0.10830	 0.21424	 0.00223	 0.00000
	 0.12421	 0.24233	 0.00223	 7.48424
	 0.10830	 0.24885	 0.00223	 0.00000
	 0.11363	 0.24988	 0.00223	 6.57797
	 0.10830	 0.21325	 0.00215	 6.77081
	 0.10830	 0.23731	 0.00223	 0.00000
	 0.10830	 0.21424	 0.00223	 0.00000
	 0.10830	 0.27960	 0.00223	 0.00000
	 0.10830	 0.22513	 0.00223	 0.00000
	 0.10830	 0.24711	 0.00308	 0.12317
	 0.10830	 0.22393	 0.00223	 0.00000
	 0.11817	 0.25235	 0.00192	 10.14908
	 0.10830	 0.24233	 0.00224	 0.00000
	 0.10830	 0.24885	 0.00223	 0.00000
	 0.10830	 0.21133	 0.00223	 0.00000
	 0.10830	 0.22393	 0.00223	 0.00000
	 0.10830	 0.25225	 0.00223	 0.00000
	 0.10830	 0.21424	 0.00223	 0.00000
	 0.10830	 0.22393	 0.00223	 0.00000
	 0.10830	 0.21424	 0.00223	 0.00000
	 0.10830	 0.24885	 0.00223	 0.00000
	 0.10830	 0.21424	 0.00223	 0.00000
	 0.10830	 0.24526	 0.00223	 0.00000
	 0.12038	 0.22851	 0.00389	 0.15472
	 0.10753	 0.22286	 0.00383	 0.15201
	 0.10830	 0.22393	 0.00223	 0.00000
	 0.10830	 0.24233	 0.00105	 28.62432
	 0.10830	 0.22393	 0.00191	 9.48989
	 0.10830	 0.24233	 0.00224	 6.21180
	 0.10830	 0.25944	 0.00223	 0.00000
	 0.10830	 0.22615	 0.00188	 9.75416
	 0.10830	 0.24233	 0.00223	 0.00000
	 0.10901	 0.22688	 0.00223	 6.29838
	 0.10830	 0.24233	 0.00223	 0.00000
	 0.10810	 0.24233	 0.00223	 0.00000
	 0.10676	 0.24885	 0.00223	 6.16058
	 0.10830	 0.24233	 0.00223	 0.00000
	 0.10830	 0.22711	 0.00223	 0.00000
	 0.10360	 0.23283	 0.00223	 5.99501
	 0.10830	 0.25484	 0.00223	 0.00000
	 0.10830	 0.21424	 0.00223	 0.00000
	 0.10444	 0.21424	 0.00223	 6.04692
	 0.12437	 0.21424	 0.00223	 7.53301
	 0.10830	 0.21424	 0.00223	 0.00000
	 0.10830	 0.21025	 0.00223	 0.00000
	 0.10830	 0.22393	 0.00192	 0.00000
	 0.10830	 0.24233	 0.00223	 0.00000
	 0.10830	 0.24233	 0.00192	 0.00000
	 0.10830	 0.24233	 0.00223	 0.00000
	 0.10830	 0.21424	 0.00223	 0.00000
	 0.10830	 0.21424	 0.00223	 0.00000
	 0.10830	 0.21424	 0.00223	 0.00000
	 0.13054	 0.21424	 0.00223	 8.26611
	 0.13840	 0.22448	 0.00223	 9.03705
	 0.10830	 0.23607	 0.00223	 0.00000
	 0.10830	 0.22406	 0.00189	 9.65170
	 0.10830	 0.22674	 0.00223	 0.00000
	 0.11336	 0.21424	 0.00220	 6.79918
	 0.10830	 0.22393	 0.00223	 0.00000
	 0.10230	 0.22393	 0.00223	 5.93024
	 0.10830	 0.24233	 0.00223	 0.00000
	 0.10207	 0.22393	 0.00223	 5.91839
	 0.10830	 0.24885	 0.00223	 0.00000
	 0.10830	 0.24885	 0.00223	 0.00000
	 0.10061	 0.23899	 0.00192	 8.56119
	 0.10830	 0.24127	 0.00192	 9.43856
	 0.10830	 0.22499	 0.00224	 0.00000
	 0.10830	 0.21102	 0.00223	 0.00000
	 0.10830	 0.22695	 0.00223	 0.00000
	 0.10830	 0.21387	 0.00223	 0.00000
	 0.10830	 0.22430	 0.00106	 28.60137
	 0.11077	 0.22406	 0.00223	 6.40586
	 0.10830	 0.18902	 0.00223	 6.27736
	 0.10128	 0.25776	 0.00223	 5.86738
	 0.10130	 0.22688	 0.00223	 5.87779
	 0.10830	 0.21424	 0.00223	 0.00000
	 0.10830	 0.22393	 0.00223	 0.00000
	 0.10830	 0.21800	 0.00192	 9.42621
	 0.10830	 0.24826	 0.00223	 0.00000
	 0.10830	 0.22393	 0.00370	 0.14717
	 0.10830	 0.21424	 0.00223	 0.00000
	 0.10613	 0.21424	 0.00223	 6.13901
	 0.10448	 0.20734	 0.00223	 6.05218
	 0.10830	 0.21089	 0.00223	 0.00000
	 0.10830	 0.22408	 0.00133	 17.50761
	 0.11951	 0.21424	 0.00223	 7.04968
	 0.10830	 0.22393	 0.00223	 0.00000
	 0.10749	 0.24233	 0.00192	 9.33547
	 0.10830	 0.21424	 0.00223	 0.00000
	 0.10488	 0.20615	 0.00223	 6.07434
	 0.10550	 0.22393	 0.00223	 6.10053
	 0.11944	 0.26170	 0.00349	 0.13921
	 0.10830	 0.22409	 0.00192	 0.00000
	 0.10830	 0.24797	 0.00192	 0.00000
	 0.10830	 0.22393	 0.00167	 11.33567
	 0.10830	 0.21507	 0.00192	 0.00000
	 0.10830	 0.22310	 0.00223	 0.00000
	 0.10830	 0.22393	 0.00192	 0.00000
	 0.10830	 0.22393	 0.00224	 0.00000
	 0.10830	 0.21596	 0.00308	 0.12314
	 0.10830	 0.20758	 0.00223	 0.00000
	 0.10633	 0.24220	 0.00192	 9.19859
	 0.10830	 0.14778	 0.00223	 6.32869
	 0.10830	 0.22393	 0.00223	 0.00000
	 0.10830	 0.22325	 0.00223	 0.00000
	 0.10830	 0.21424	 0.00223	 0.00000
	 0.10830	 0.19770	 0.00223	 6.27185
	 0.10830	 0.23051	 0.00223	 0.00000
	 0.10830	 0.21424	 0.00223	 0.00000
	 0.10830	 0.21424	 0.00223	 0.00000
	 0.10830	 0.22393	 0.00223	 0.00000
	 0.10398	 0.22393	 0.00223	 6.01832
	 0.10102	 0.21424	 0.00223	 5.86773
	 0.10830	 0.21424	 0.00223	 0.00000
	 0.10830	 0.22393	 0.00223	 0.00000
	 0.10830	 0.24364	 0.00225	 6.18751
	 0.10830	 0.21294	 0.00191	 9.54008
	 0.10830	 0.24233	 0.00192	 0.00000
	 0.10830	 0.24233	 0.00192	 0.00000
	 0.10830	 0.24233	 0.00192	 0.00000
	 0.10830	 0.21424	 0.00223	 0.00000
	 0.10608	 0.24233	 0.00276	 0.11475
	 0.15059	 0.22393	 0.00223	 9.84411
	 0.10830	 0.23596	 0.00223	 0.00000
	 0.10830	 0.24233	 0.00192	 0.00000
	 0.10830	 0.19980	 0.00223	 6.27060
	 0.10830	 0.22393	 0.00223	 0.00000
	 0.10830	 0.22409	 0.00192	 0.00000
	 0.10830	 0.22393	 0.00223	 0.00000
	 0.10830	 0.20400	 0.00223	 6.26818
	 0.10038	 0.22393	 0.00223	 5.83203
	 0.10830	 0.24689	 0.00616	 0.23969
	 0.10830	 0.22393	 0.00223	 0.00000
	 0.10830	 0.21552	 0.00223	 0.00000
	 0.10830	 0.22265	 0.00223	 0.00000
	 0.10830	 0.22393	 0.00223	 0.00000
	 0.10830	 0.19953	 0.00267	 4.73737
	 0.10830	 0.22400	 0.00192	 0.00000
	 0.10830	 0.17743	 0.00192	 9.44428
	 0.10830	 0.27758	 0.00192	 0.00000
	 0.10571	 0.22393	 0.00224	 6.10936
	 0.10830	 0.22393	 0.00219	 6.49733
	 0.12629	 0.23818	 0.00223	 7.72545
	 0.10830	 0.22393	 0.00223	 0.00000
	 0.10830	 0.22393	 0.00223	 0.00000
	 0.10830	 0.22393	 0.00223	 0.00000
	 0.10830	 0.22393	 0.00192	 0.00000
	 0.10545	 0.22276	 0.00223	 6.09804
	 0.10830	 0.22393	 0.00223	 0.00000
	 0.10906	 0.21424	 0.00223	 6.30722
	 0.10522	 0.22393	 0.00192	 9.10155
	 0.10794	 0.26124	 0.00223	 6.22335
	 0.10830	 0.22393	 0.00223	 0.00000
	 0.10830	 0.22393	 0.00223	 0.00000
	 0.10830	 0.21424	 0.00223	 0.00000
	 0.11138	 0.11256	 0.00122	 22.83689
	 0.11432	 0.18381	 0.00194	 9.76803
	 0.10830	 0.22393	 0.00223	 0.00000
	 0.10830	 0.22393	 0.00223	 0.00000
	 0.14269	 0.24511	 0.00223	 0.00000
	 0.10450	 0.22115	 0.00192	 9.01844
	 0.10830	 0.24233	 0.00192	 0.00000
	 0.10813	 0.22393	 0.00223	 0.00000
	 0.10830	 0.24233	 0.00149	 15.01808
	 0.10830	 0.22409	 0.00192	 0.00000
	 0.10830	 0.22393	 0.00223	 0.00000
	 0.10830	 0.28411	 0.00223	 0.00000
	 0.10830	 0.25099	 0.00192	 0.00000
	 0.10860	 0.22409	 0.00235	 5.76005
	 0.10830	 0.23175	 0.00223	 6.28335
	 0.10613	 0.22393	 0.00223	 6.13515
	 0.10830	 0.22431	 0.00192	 0.00000
	 0.10830	 0.24195	 0.00223	 0.00000
	 0.10830	 0.21021	 0.00271	 4.63436
	 0.10830	 0.24233	 0.00192	 0.00000
	 0.10433	 0.21507	 0.00192	 9.01396
	 0.17766	 0.22393	 0.00192	 15.58011
	 0.10619	 0.22409	 0.00192	 9.20694
	 0.10830	 0.22400	 0.00227	 6.09117
	 0.10411	 0.24241	 0.00192	 8.99309
	 0.10830	 0.19685	 0.00192	 9.44470
	 0.10830	 0.22352	 0.00193	 9.32278
	 0.10830	 0.24274	 0.00222	 6.30668
	 0.10830	 0.22393	 0.00223	 0.00000
	 0.11826	 0.22393	 0.00181	 10.90305
	 0.10713	 0.22392	 0.00224	 6.14116
	 0.10830	 0.22410	 0.00191	 9.49642
	 0.10830	 0.24233	 0.00192	 0.00000
	 0.10830	 0.22393	 0.00223	 0.00000
	 0.12329	 0.21507	 0.00192	 10.44554
	 0.10830	 0.24233	 0.00184	 10.10456
	 0.10830	 0.24282	 0.00106	 26.37269
	 0.10830	 0.22345	 0.00214	 6.84010
	 0.10830	 0.24233	 0.00192	 0.00000
	 0.10830	 0.24233	 0.00192	 0.00000
	 0.10830	 0.22393	 0.00155	 12.47505
	 0.10830	 0.27758	 0.00192	 0.00000
	 0.10125	 0.22393	 0.00217	 6.16025
	 0.10547	 0.24233	 0.00192	 9.13836
	 0.10830	 0.23145	 0.00192	 0.00000
	 0.10724	 0.24233	 0.00192	 9.31187
	 0.10830	 0.24233	 0.00192	 0.00000
	 0.10830	 0.25099	 0.00192	 0.00000
	 0.10830	 0.24233	 0.00192	 0.00000
	 0.10830	 0.24233	 0.00192	 0.00000
	 0.10830	 0.24233	 0.00198	 8.79812
	 0.10830	 0.22393	 0.00218	 6.60349
	 0.10830	 0.27758	 0.00224	 6.22011
	 0.10830	 0.22393	 0.00192	 9.46013
	 0.10830	 0.21507	 0.00193	 9.32999
	 0.10607	 0.22393	 0.00223	 6.17195
	 0.10830	 0.22337	 0.00192	 0.00000
	 0.10830	 0.24859	 0.00305	 3.85179
	 0.10830	 0.22400	 0.00192	 0.00000
	 0.10830	 0.22431	 0.00287	 4.24878
	 0.12469	 0.24233	 0.00192	 10.52411
	 0.10830	 0.22393	 0.00223	 0.00000
	 0.10106	 0.22393	 0.00223	 5.86636
	 0.10830	 0.24233	 0.00192	 0.00000
	 0.10830	 0.17467	 0.00192	 9.46945
	 0.10830	 0.22393	 0.00480	 0.18899
	 0.10830	 0.22392	 0.00225	 6.17467
	 0.10717	 0.22410	 0.00191	 9.45497
	 0.10830	 0.22409	 0.00192	 0.00000
	 0.10830	 0.26773	 0.00192	 0.00000
	 0.11020	 0.24217	 0.00192	 9.56474
	 0.11149	 0.22218	 0.00179	 10.62803
	 0.10830	 0.22432	 0.00223	 0.00000
	 0.10830	 0.24233	 0.00166	 11.41671
	 0.10830	 0.24233	 0.00192	 0.00000
	 0.10830	 0.17926	 0.00219	 6.56000
	 0.10830	 0.24233	 0.00192	 0.00000
	 0.10657	 0.22409	 0.00192	 9.24361
	 0.10830	 0.24233	 0.00192	 0.00000
	 0.10830	 0.24233	 0.00192	 0.00000
	 0.10830	 0.22475	 0.00192	 0.00000
	 0.10830	 0.26102	 0.00192	 0.00000
	 0.10830	 0.24233	 0.00286	 4.27865
	 0.10830	 0.24233	 0.00192	 0.00000
	 0.10656	 0.23145	 0.00472	 0.18601
	 0.10830	 0.24233	 0.00192	 0.00000
	 0.10822	 0.24189	 0.00192	 0.00000
	 0.10830	 0.23190	 0.00226	 6.11061
	 0.10830	 0.24233	 0.00192	 0.00000
	 0.10830	 0.24233	 0.00192	 0.00000
	 0.10830	 0.24233	 0.00218	 6.55513
	 0.10830	 0.24233	 0.00192	 0.00000
	 0.10830	 0.24233	 0.00192	 0.00000
	 0.10830	 0.25292	 0.00192	 0.00000
	 0.10830	 0.24233	 0.00192	 0.00000
	 0.10830	 0.20007	 0.00192	 9.44160
	 0.10830	 0.24233	 0.00192	 0.00000
	 0.10802	 0.23785	 0.00110	 24.13737
	 0.10830	 0.27758	 0.00192	 0.00000
	 0.10830	 0.24233	 0.00154	 12.58945
	 0.10053	 0.22409	 0.00192	 8.54121
	 0.10830	 0.24233	 0.00192	 0.00000
	 0.10830	 0.24233	 0.00192	 0.00000
	 0.10830	 0.24233	 0.00188	 9.79955
	 0.10830	 0.24233	 0.00192	 0.00000
	 0.10830	 0.24233	 0.00192	 0.00000
	 0.10830	 0.24233	 0.00192	 0.00000
	 0.11987	 0.22400	 0.00137	 17.87583
	 0.10830	 0.20245	 0.00192	 9.43939
	 0.10732	 0.24233	 0.00192	 9.31948
	 0.10830	 0.22337	 0.00192	 0.00000
	 0.10830	 0.24233	 0.00192	 0.00000
	 0.10830	 0.24233	 0.00172	 10.97251
	 0.10830	 0.24233	 0.00192	 0.00000
	 0.10830	 0.24233	 0.00192	 0.00000
	 0.10830	 0.33247	 0.00192	 0.00000
	 0.10830	 0.24233	 0.00192	 0.00000
	 0.10830	 0.22400	 0.00192	 0.00000
	 0.10830	 0.25969	 0.00192	 0.00000
	 0.10830	 0.22958	 0.00192	 0.00000
	 0.10830	 0.24233	 0.00192	 0.00000
	 0.10830	 0.24233	 0.00192	 0.00000
	 0.10830	 0.22337	 0.00192	 0.00000
	 0.10830	 0.25830	 0.00192	 0.00000
	 0.10830	 0.24233	 0.00233	 5.82370
	 0.10830	 0.20472	 0.00192	 9.43733
	 0.10830	 0.24233	 0.00192	 0.00000
	 0.10830	 0.24233	 0.00192	 0.00000
	 0.10734	 0.24233	 0.00192	 9.32155
	 0.10830	 0.24233	 0.00192	 0.00000
	 0.10830	 0.24233	 0.00192	 0.00000
	 0.10830	 0.24233	 0.00192	 0.00000
	 0.10830	 0.24233	 0.00192	 0.00000
	 0.10830	 0.24520	 0.00192	 0.00000
	 0.10735	 0.24233	 0.00192	 9.32275
	 0.10830	 0.25923	 0.00192	 0.00000
	 0.10830	 0.24233	 0.00192	 0.00000
	 0.10830	 0.24233	 0.00192	 0.00000
	 0.10830	 0.24233	 0.00174	 10.84462
	 0.10830	 0.29660	 0.00192	 0.00000
	 0.11535	 0.25149	 0.00192	 9.94960
	 0.11120	 0.24233	 0.00192	 9.65121
	 0.10830	 0.24233	 0.00192	 0.00000
	 0.12678	 0.24233	 0.00192	 10.63850
	 0.10830	 0.24233	 0.00192	 0.00000
	 0.10830	 0.23145	 0.00192	 0.00000
	 0.10830	 0.24233	 0.00214	 6.87746
	 0.13939	 0.24233	 0.00192	 11.28161
	 0.10830	 0.24233	 0.00192	 0.00000
	 0.10830	 0.24098	 0.00192	 0.00000
	 0.10830	 0.24338	 0.00436	 0.17251
	 0.10830	 0.22232	 0.00347	 0.13800
	 0.10320	 0.24233	 0.00284	 0.11357
	 0.10830	 0.24233	 0.00192	 0.00000
	 0.10383	 0.24233	 0.00192	 8.96175
	 0.10767	 0.24233	 0.00192	 9.35165
	 0.10830	 0.22337	 0.00192	 0.00000
	 0.10830	 0.24233	 0.00192	 0.00000
	 0.10830	 0.24281	 0.00192	 0.00000
	 0.10830	 0.23098	 0.00192	 0.00000
	 0.10830	 0.22586	 0.00186	 9.89524
	 0.10830	 0.24233	 0.00186	 9.91582
