30.464580000000001547 0.043499860711300957 98.354399639273694333
30.691310000000001423 0.043478490084449713 103.977749318637251008
31.251580000000000581 0.043328535611477391 93.096276533066514958
31.663219999999999033 0.043332714272448697 98.646525751503375545
32.303510000000002833 0.043332714272448697 100.687405370741501542
32.713059999999998695 0.043332714272448697 96.344463206413095691
33.139350000000000307 0.043332714272448697 100.236944368737383115
33.603509999999999991 0.043332714272448697 103.577577955911834806
34.142459999999999809 0.043332714272448697 103.010290440882812391
34.587680721442772835 0.043328535611477391 104.871082044087529539
35.141919999999998936 0.043227979777923392 102.014407655310563428
35.566809999999996705 0.043102887919026840 98.132554288576514523
36.154119999999998925 0.043102887919026840 97.328161242483716364
36.901260000000000616 0.043107066579998146 98.979756372744986948
37.239163306613249915 0.043107066579998146 100.766294248496805608
38.028739999999999100 0.043107066579998146 96.726429018036611751
38.224009999999999820 0.043107066579998146 102.242758436874723316
38.894799999999996487 0.043107066579998146 102.349220681362567120
39.443390000000000839 0.043097486643823464 103.126127374748733700
39.937319999999999709 0.042877240226576289 96.225503887774848977
40.391959999999997422 0.042877240226576289 96.714232705410381641
40.834159999999997126 0.042877240226576289 99.125379599197103175
41.436489999999999156 0.042881418887547595 100.080885370741512475
42.033439999999998804 0.042881418887547595 101.037595951904648928
42.833073346693332439 0.042877240226576289 103.199302444889710273
43.610660000000002867 0.042872048303124966 104.906364468937780998
44.502613707414631961 0.042530411365957844 94.970553507015907257
45.423490000000001032 0.042530411365957844 97.678857815630536265
46.314379999999999882 0.042534590026929150 98.756638797594831658
47.229210000000001912 0.042534590026929150 100.679787715428432193
48.173799999999999955 0.042534590026929150 102.059831402806622691
48.995660000000000878 0.042530411365957844 102.686398216434440656
49.762561262525053962 0.042370818338320251 99.882920000000027017
50.564000000000000057 0.042304763673507294 99.031282805610928222
51.277979999999999450 0.042304763673507294 100.673908376755022687
52.040709999999997137 0.042296406351564682 101.229692725450661328
52.731619999999999493 0.042104187946884579 97.315292464929470384
53.421952244489098405 0.042108366607855892 98.859703026051803931
54.110529999999997131 0.042108366607855892 99.757850220441568467
54.762500000000002842 0.042108366607855892 101.890334809619204748
55.476370000000002847 0.042104187946884579 103.108541703407510681
56.110050000000001091 0.041829652433290780 95.702035791585487345
56.824689999999996814 0.041774073730151365 96.865603727455365402
57.607729999999996551 0.041778252391122671 98.670967494990023283
58.350180000000001712 0.041778252391122671 100.259027294588307200
59.126323446893920277 0.041778252391122671 102.358982204408761163
59.865389999999997883 0.041774073730151365 103.812116553105795447
60.598889999999997258 0.041534340851821595 98.447463406813128017
61.299799999999997624 0.041502460767016441 100.187098617235662346
62.022260000000002833 0.041502460767016441 101.803440981963476020
62.740474869739230712 0.041297706379422421 97.902139398799192804
63.441180000000002792 0.041297706379422421 100.012873547094514493
64.119829999999993220 0.041293527718451115 101.660886593187072435
64.864590000000006853 0.041080416008914482 98.424188817635027249
65.568259999999995102 0.040980128145603124 97.487312905811634778
66.243340000000003442 0.040975949484631818 100.307164589178370306
66.982669999999998822 0.040925805552976140 101.508481703407383634
67.649510000000006471 0.040728755309858276 99.130762505010196151
68.369902765531080036 0.040644018094690634 99.950043346693178137
69.063349999999999795 0.040520475438759404 99.017624428857800467
69.733729999999994220 0.040487079647269289 101.671344629258697978
70.433760000000006585 0.040234065493788211 99.399207835671447242
71.135480000000001155 0.040119323985513981 100.178866092184136960
71.788150000000001683 0.040049006919028879 102.438288977956148074
72.526409999999998490 0.039726086028496782 98.079508116232602788
73.223029999999994288 0.039612098186530005 99.960480100200072684
73.867679999999992901 0.039330963905710947 98.428664288576655395
74.529136332665231635 0.039154296149174581 99.293052845694390385
75.235269999999999868 0.038884776703560359 99.490943486970735421
75.901610000000005130 0.038692315450847843 102.242799779559049966
76.719989999999995689 0.038233357791821028 98.923952885771342380
77.380200000000002092 0.037925526975578050 99.586303346692801597
78.098990000000000578 0.037623264915940161 99.584446432865320276
78.793980000000004793 0.037300344025408064 99.982217675352274000
79.454800000000005866 0.036885944793291651 97.880546492983512508
80.193169999999994957 0.036499891788405493 99.807778016029615742
80.892979999999994334 0.036126826966217711 99.439897254509446611
81.566142905811275909 0.035867724863786490 101.067541583175554365
82.207689999999999486 0.035267873475616836 97.838025651308825559
82.887325851703423041 0.034996285634692176 102.267722525050174909
83.600089999999994461 0.034721791991448800 102.740511883767652535
84.225989999999995916 0.033656920117512423 97.152478797595350102
84.919629999999997949 0.032931524670661808 97.884852905811854384
85.588890000000006353 0.032573508052412742 100.653994889779795585
86.273989639278667596 0.031679643063636763 98.925951783567924736
86.964870000000004779 0.030780569403269380 100.745829138275496462
87.598820000000003461 0.029854832703758463 101.867444789584027376
88.288162565130093640 0.027839838838229995 97.118931623251270935
89.000950000000003115 0.025948094536180032 101.054747474952819175
89.686641663326554408 0.023053454852876080 101.580755290579190842
90.430440000000004375 0.018744510099221439 100.805380761521590216
91.104259999999996467 0.014560925174706524 100.031251583168753427
91.875950981963583786 0.011782006765876625 98.398517174352718939
92.447590000000005261 0.010540450387263442 99.388079719436177584
93.197699999999997544 0.009707339276938115 99.477875931864190306
93.875529999999997699 0.009011353564218257 99.101693567133168017
94.516400000000004411 0.008532574481305429 100.846691663325316313
95.260150400801450132 0.007805738694400596 98.807344188379630623
95.934200000000004138 0.007497639907915095 98.836342484971666522
96.584689999999994825 0.007079857551485143 98.978864729457740168
97.227519999999998390 0.006718164716469793 97.990833326653941526
97.843969999999998777 0.006487735430001999 99.920744729458448319
98.485470000000006507 0.006148099895584658 100.587383987974860133
99.236649999999997362 0.005804285700196019 99.633078697392619461
99.911310000000000286 0.005606724638803092 101.712932805610805076
100.563379999999995107 0.005315256755501908 100.998380821642896876
101.245199999999996976 0.005031107809453064 99.714200961923907585
101.950289999999995416 0.004876497353514718 100.766462605212765880
102.696659999999994284 0.004625777695236331 99.663754669338871395
103.424369999999996139 0.004458631256384070 99.840233947899875488
104.158186933867810353 0.004237162224904824 98.437768196392170239
104.880870000000001596 0.004127688006712663 100.386090020040967374
105.543989999999993756 0.003905054979491918 97.798050020039752894
106.265349999999997976 0.003869440059429847 100.926430641280589384
106.874949999999998340 0.003693793939443555 99.054815951905126781
107.606160000000002697 0.003493360572012260 97.261193166332361670
108.269170000000002574 0.003469996916481302 100.894028056113484126
108.918639999999996348 0.003309499489274775 98.824286272542636311
109.609700000000003683 0.003263534218590403 101.278896693395978446
110.262789999999995416 0.003096387779738137 99.433551643292588551
110.901176272545143320 0.003062958491967686 101.541854669337240580
111.572980000000001155 0.002904169375058042 99.854783266529082653
112.184359999999998081 0.002836213796336285 101.180147975950234240
112.985370000000003188 0.002695236326492715 99.971832725444770062
113.596469999999996503 0.002691057665521405 103.058612825634625665
114.237780000000000769 0.002515143575292457 99.937033827641769790
114.945139999999994984 0.002501443596637045 101.819362825651026583
115.680850000000006617 0.002289906212275983 96.582633807620979383
116.383358897795616826 0.002289906212275983 99.501684348696826987
117.015379999999993288 0.002289906212275983 102.876862444896786997
117.635903246493043639 0.002101866468567186 97.406186452907959961
118.287099999999995248 0.002101866468567186 101.592896432875136270
119.019660000000001787 0.002063856564461443 100.316625891785534463
119.768749999999997158 0.001897112080973165 97.896539018042034286
120.375789999999994961 0.001897112080973165 100.117759238475585448
121.080179999999998586 0.001897112080973165 103.505071122254534544
121.796109999999998763 0.001746001986329420 97.907727334669615971
122.477492645290595874 0.001729965642120905 100.568663466933514883
123.190110000000004220 0.001638035100752162 98.667041583168781926
123.912679999999994607 0.001596248491039095 100.776237434865876708
124.533929999999998017 0.001537747237440804 100.139063126250889013
125.247060000000004720 0.001470888661899901 100.518317675352747642
126.020359438877790126 0.001429102052186835 102.402619458918195505
126.613590000000002078 0.001186270767926434 98.720331503005979812
127.249390000000005330 0.001103166496424925 98.045793446892275824
127.887429999999994834 0.001103166496424925 100.754782184365240028
128.573579999999992651 0.001103166496424925 103.681148036072528384
129.286888336673229105 0.000915126752716134 99.003689759519261315
130.088850000000007867 0.000890054786888293 100.406347434869886115
130.709869999999995116 0.000740527391490214 96.647453727457687478
131.381619999999998072 0.000727087009007338 100.948496553106565443
131.989470000000011396 0.000697836382208192 101.590605731465842609
132.712554669338715030 0.000614263162782059 100.155328617234829380
133.366359999999986030 0.000539047265298542 99.572877975951001872
134.149746733466969317 0.000497260655585481 100.424050180360879381
134.868840000000005830 0.000424322505164498 99.906323366735662717
135.453699999999997772 0.000313399572847990 99.116724248497177996
136.139649999999988950 0.000313399572847990 101.025081122242383458
136.741909999999990077 0.000246540997307088 99.857557234468799834
137.463589118236200193 0.000200575726622717 99.628257975954781500
138.151060000000001082 0.000146253133995730 99.579074348696877905
138.745069999999998345 0.000141546906609226 100.900250761521235177
139.325269999999989068 0.000045965270684371 98.338550841683357362
139.832690000000013697 0.000041786609713067 99.613066072145471708
140.292270000000002028 0.000041786609713067 100.803579078156275273
140.555710000000004811 0.000041786609713067 100.728087755513897150
140.594240000000013424 0.000041786609713067 100.242855050101553616
140.532911803607220236 0.000033429287770457 99.921872765529428762
140.410830000000004247 0.000000000000000000 98.198215390781612655
140.185100000000005593 0.000000000000000000 97.704203867734747746
140.021330000000006066 0.000000000000000000 97.459823667337545317
139.895049999999997681 0.000004178660971311 97.328598937872882857
139.562639999999987594 0.000029250626799146 98.154101823650265146
139.347000000000008413 0.000117002507196584 102.224704549098333928
139.116240000000004784 0.000117002507196584 101.340268196392628397
138.826099999999996726 0.000117002507196584 101.328571683369858647
138.522780000000011569 0.000117002507196584 100.227206733465564525
138.178969999999992524 0.000117002507196584 99.559084749496136624
137.846180000000003929 0.000117002507196584 99.209542184368572748
137.567990000000008877 0.000117002507196584 98.348150360723479935
137.204039999999992006 0.000121181168167894 97.505396192384523602
136.828249999999997044 0.000196397065651412 100.919424949903103084
136.558410000000009177 0.000208933048565326 100.888169258517166327
136.170170000000013033 0.000208933048565326 100.266947474947670571
135.868179999999995289 0.000208933048565326 99.579267354709685378
135.524167414829804557 0.000208933048565326 99.046590360721864954
135.231799999999992679 0.000238560508518194 100.471379559118503266
134.936479999999988877 0.000259076980221008 100.609807334669113743
134.652924829659326633 0.000259076980221008 99.521808416834133482
134.284439999999989368 0.000275791624106234 100.394160961926033337
134.009119999999995798 0.000288327607020155 100.233151643287101251
133.748169999999987567 0.000292506267991459 99.554610701401486494
133.413409999999998945 0.000317578233819301 99.659580881764782134
133.119509999999991123 0.000317578233819301 98.894259919841246642
132.773619999999993979 0.000351007521589751 100.023449579157755807
132.495669999999989841 0.000351007521589751 99.521898597194436320
132.183789999999987685 0.000471669497412497 104.850181683365732965
131.755329999999986512 0.000484724672671561 104.027038456914411313
131.414109999999993761 0.000480546011700256 103.364083206410967364
131.042427735470937478 0.000410714641279958 98.849005771542934440
130.704250000000001819 0.000367722165474977 96.297025010020220748
130.366215891783639336 0.000371900826446282 96.037913527055351892
130.006450000000000955 0.000455867627166265 99.431295531058637494
129.667129999999986012 0.000526511282384627 101.599018677358102991
129.347350000000005821 0.000522332621413316 101.231466973947973997
129.017470000000002983 0.000522332621413316 100.447880220441149390
128.720660000000009404 0.000522332621413316 99.476881843688090612
128.351229999999986831 0.000526511282384627 98.475708116231800204
127.984219999999993433 0.000526511282384627 97.677024769539073645
127.586209999999994125 0.000599625288277377 100.662821623244610691
127.252539999999996212 0.000614263162782059 101.061453326652966211
126.943337294589312592 0.000614263162782059 99.977729478960839060
126.613200000000006185 0.000614263162782059 99.440703286572457387
126.314940000000007103 0.000651871111523821 100.148491923850571084
125.975663807615262613 0.000676943077351662 100.482692845691261141
125.679760000000001696 0.000676943077351662 99.809344248498518937
125.360762044088232869 0.000676943077351662 99.206143046091483484
124.906980000000004338 0.000681121738322967 99.113263266536293372
124.537319999999994025 0.000710372365122113 100.093085290584184577
124.115700000000003911 0.000714551026093418 99.655796813625556752
123.722539999999995075 0.000747980313863868 99.911266873746853889
123.404499999999998749 0.000747980313863868 99.246582545089879090
123.029650000000003729 0.000823690281482263 102.073560100200666056
122.697749999999999204 0.000869161482031763 103.729465010015800885
122.361949999999993111 0.000869161482031763 103.147766893785501452
122.125640000000004193 0.000864982821060452 101.985383206413430912
121.847470000000001278 0.000835732194261307 99.774386673347009946
121.513450000000005957 0.000835732194261307 99.228326492986369090
121.122510000000005448 0.000835732194261307 98.314052725453095150
120.701930000000004384 0.000835732194261307 97.517759919841239480
120.353589999999996962 0.000839910855232617 97.036395090180533884
120.033069999999995048 0.000856625499117843 97.173613326653068611
119.705759999999997945 0.000936020057572665 99.986718036073071403
119.416769999999999641 0.000944377379515280 99.513037334667927780
119.076148056112401719 0.000986163989228341 100.826288717436412412
118.665959999999998331 0.001015414616027487 101.369056953906451213
118.369370000000003529 0.001015414616027487 100.529901843687909491
117.985640000000003624 0.001015414616027487 99.068025851701193574
117.670339999999995939 0.001015414616027487 98.857515971943499267
117.286820000000005848 0.001086451852539699 100.773336793585627902
116.915850000000006048 0.001086451852539699 100.355276513026581142
116.586500000000000909 0.001086451852539699 99.216582004010135165
116.216140040080219364 0.001101868515562085 99.574164909819899094
115.867879999999999541 0.001128238462252766 99.275222444891383589
115.490712484969989760 0.001149131767109296 100.043786793588125761
115.144959999999997535 0.001161667750023217 99.682458296597886260
114.819400000000001683 0.001271133594145305 104.223247935870134029
114.508889999999993847 0.001270312935277185 103.760009158314659317
114.215140000000005216 0.001270312935277185 102.124241042082331887
113.922929999999993811 0.001266134274305880 101.715451883762412422
113.590050000000005070 0.001241062308478039 99.674663527050427092
113.268860000000003652 0.001236883647506734 98.436657294588542300
112.942058156312683082 0.001236883647506734 98.299590040081056941
112.625720000000001164 0.001241062308478039 97.169143967935909245
112.325895951903859782 0.001241062308478039 97.317387214428265452
112.014309999999994716 0.001296682881967825 99.151445671340695753
111.772989999999992961 0.001345528832760703 100.570780400799833387
111.502521503005979753 0.001345528832760703 99.919364889780126759
111.225719999999995480 0.001349707493732013 99.124058216434491442
110.982370000000003074 0.001420744730244220 101.629431543084521650
110.709779999999994970 0.001420744730244220 100.497339178354138767
110.474140000000005557 0.001420744730244220 100.034831442885064234
110.168066733466943674 0.001420744730244220 98.972959759518857936
109.887659999999996785 0.001420744730244220 98.535445511022132337
109.637219999999999231 0.001424923391215530 98.386391783567134439
109.409513386773653565 0.001487603305785127 101.108115971943220757
109.181849999999997181 0.001487603305785127 99.833268496997177976
108.952320000000000277 0.001487603305785127 99.176284028055334829
108.723674929859811300 0.001500139288699048 99.720500961922610372
108.465680000000006089 0.001546104559383419 100.119845430857992596
108.139325551102274403 0.001546104559383419 100.088247995994052530
107.937659999999993943 0.001546104559383419 99.588395410821661358
107.668035751503055053 0.001550283220354724 98.667991663326560570
107.408410000000003492 0.001725786981149600 105.173253707415383928
107.162390000000002033 0.001721608320178295 104.866669158312475929
106.913470000000003779 0.001630171848944464 99.908453607216102910
106.643060000000005516 0.001546104559383419 95.691860300599714151
106.431920000000005189 0.001550283220354724 95.343389919839083291
106.123270000000005098 0.001738322964063520 102.660066513024531787
105.899119999999996367 0.001746680286006130 103.370157735473213734
105.635763667334757088 0.001746680286006130 102.183212605213711299
105.375190000000003465 0.001746680286006130 100.829859819641896479
105.145579999999995380 0.001746680286006130 99.512136993980135458
104.909799639278531913 0.001746680286006130 98.806529659320901260
104.643630000000001701 0.001746680286006130 98.489892404804422199
104.397620000000003415 0.001746680286006130 98.288212444886866592
104.058520000000001460 0.001746680286006130 97.756693466928737735
103.804429999999996426 0.001872978010994565 102.018033106222375750
103.454556432865715010 0.001909648063887085 101.859048657313010722
103.120410000000006789 0.001905469402915780 101.855870420840020074
102.871390000000005216 0.001905469402915780 100.982875170347682570
102.607720000000000482 0.001905469402915780 99.724471863717781162
102.314220000000005939 0.001909648063887085 97.224229458917903912
101.929653707414814789 0.001909648063887085 97.309396753506320010
101.579539999999994393 0.002118581112452412 103.687538336672446349
101.154460000000000264 0.002114402451481107 102.318458937869252168
100.760362104208553546 0.002114402451481107 100.605686012016292352
100.343149999999994293 0.002114402451481107 100.273894589180528669
99.944400000000001683 0.002114402451481107 97.182117955910399587
99.407889999999994757 0.002114402451481107 96.664069779560648499
98.936070000000000846 0.002243296138195216 100.475027254511459773
98.396632124248398554 0.002310799517132513 98.836946993985336007
97.798050000000003479 0.002370983958817463 101.453899639285623380
97.247919999999993479 0.002519732565697839 102.700251523045324120
96.676320000000004029 0.002519732565697839 99.399351863722529288
95.983879999999999200 0.002519732565697839 100.317309979959389921
95.564300000000002910 0.002544946890717056 94.723192004007543687
94.947460000000006630 0.002703593648435326 102.637490200408549867
94.459850000000002979 0.002703593648435326 97.649268076157753171
93.903840581162299372 0.002716129631349246 100.419712765530675824
93.505070000000003461 0.002908348036029347 98.250982605213394550
92.819839999999999236 0.002908348036029347 101.718166072144100553
92.349819999999994025 0.002992708418043279 97.616273807614106772
91.813349999999999795 0.003075494474881607 100.922533486973748040
91.323520961923719597 0.003075494474881607 100.553538517036173516
90.961089999999998668 0.003104745101680753 95.842431643286772669
90.432820000000006644 0.003296963506360854 104.852131763530962871
90.028903607214601834 0.003301142167332159 99.921528456913719651
89.590090000000003556 0.003301142167332159 96.783217274553820175
89.133312024048322542 0.003447973112163566 105.882148597204903240
88.760329999999996176 0.003476645928127035 97.240649959919267076
88.340639999999993393 0.003476645928127035 97.821278617235009278
87.843000000000003524 0.003681182589898943 106.005454749503883249
87.533169999999998367 0.003735722908348038 96.881345931863435794
87.117720000000005598 0.003735722908348038 100.916652264529190575
86.778115050100183225 0.003735722908348038 101.147393707414906316
86.496330000000000382 0.003845473470852888 97.023789779555443147
86.024180000000001201 0.003940477295942059 100.676094749503434400
85.689183767535212155 0.003940477295942059 102.369520661322823685
85.546629999999993288 0.003956873725164104 94.438645190378025518
85.147467194388767098 0.004174482310335227 102.756861262525234224
84.681110000000003879 0.004174482310335227 103.813010581162330936
84.420619999999999550 0.004174482310335227 95.322310320639928705
84.165210000000001855 0.004237162224904824 99.862505450901537074
83.828760000000002606 0.004324914105302262 102.068500480961191101
83.559780000000003497 0.004442712149156706 96.697571422845669531
83.232535310621145186 0.004500417866097131 101.525448917841075058
82.908799999999999386 0.004500417866097131 100.479519939879651247
82.714267795591382537 0.004587591935658816 94.003291002005369137
82.337170000000000414 0.004696814931748537 101.439841843702609481
82.111980000000002633 0.004717708236605073 100.323825971943506374
81.806359999999997967 0.004965362985233163 96.767644569138255406
81.393190000000004147 0.005035286470424369 102.163180060123295334
81.064819999999997435 0.005056179775280899 100.866355711429932285
80.837950000000006412 0.005102572123539517 91.977584589177382668
80.512469999999993320 0.005390472652985425 105.146700380761515703
80.067841242484917075 0.005423901940755876 100.529784068136066821
79.891429999999999723 0.005436437923669797 92.963071903808639718
79.497039999999998372 0.005561797752808990 102.609853967939201880
79.137730000000004793 0.005806228484455197 101.053474729456652881
78.934889999999995780 0.005833410715943913 94.029062605220417481
78.500020000000006348 0.005929519918283967 104.525179939879890867
78.230999999999994543 0.006159346271705824 102.527896132262327455
78.051839999999998554 0.006196954220447586 95.988870981964382167
77.736919999999997799 0.006242919491131957 104.558429599198433380
77.451769999999996230 0.006446275409022163 98.681394989980944388
77.203965831663310837 0.006598105673693013 99.326241042084646438
76.935130000000000905 0.006598105673693013 104.482534549098758703
76.697093587174620666 0.006756903164672719 95.635487394785954507
76.426230000000003884 0.007020150431794971 100.673808316638996985
76.011570000000006075 0.007141331599962860 104.544667034066975475
75.795339999999995939 0.007394873319859143 98.084652124247924121
75.476259999999996353 0.007509053765437831 97.672717134273057127
75.089692745491007031 0.007834989321199741 107.479610801603072900
74.916210000000006630 0.007910205218683259 95.295000641284332232
74.639250000000004093 0.008198331848021424 100.055274629259287167
74.296580000000005839 0.008563039348266615 107.713553767535927363
74.034180000000006316 0.008785747742118081 93.484795470940582618
73.682969999999997412 0.009184696814931748 99.652303086174512714
73.298169999999998936 0.009724296768855743 104.659886092183072037
72.937089999999997758 0.010761777059551197 88.946759839674328418
72.341516292585183123 0.012269034307820555 101.744022685381537485
71.720309999999997785 0.015101756116932647 105.874358136275120046
71.478970000000003893 0.016684982928992891 86.775466593188227193
70.601050000000000750 0.019359937257745291 104.595209519036600909
69.918660000000002697 0.023643123371825250 104.965572184379468013
69.471239999999994552 0.026388846966846811 94.877455150292391295
69.015839999999997190 0.027981544852170678 106.941472805615163111
68.663020000000003051 0.028676977876265108 98.515024148296731710
68.340410000000005653 0.029242269477203091 93.119167835675952460
68.043250000000000455 0.029823103352214692 105.804539158311015967
67.838849999999993656 0.030380757801237002 94.480525531061530842
67.419336953907830434 0.030871947256012632 101.330954709418520565
67.069820000000007099 0.031343993586578855 104.756193366731238825
66.764610000000004675 0.031665800725789901 92.297802144286279713
66.373559999999997672 0.031824681957470520 104.079384549093717283
66.155779999999992924 0.032277668904528385 98.573595671344250491
65.900810000000006994 0.032710893046190813 98.149790300601608806
65.503460000000004015 0.033003064351378966 106.912510020039391634
65.232359999999999900 0.033311916804171983 97.374444569137509120
64.978290000000001214 0.033491615974078327 97.655109458920719590
64.684020000000003847 0.033780295292041976 103.459076553097702345
64.401430000000004839 0.034032765130967590 93.347746733467062086
64.018289999999993256 0.034244126659857002 103.443182545090820668
63.726486713427220820 0.034520043895014445 100.829516853706991242
63.441740000000002908 0.034698001258343665 96.110140160320142400
62.935470000000002244 0.034967035007893027 106.116162945893449887
62.824228657314705515 0.035099068970888173 95.579209579158813881
62.471159999999997581 0.035372365122109763 100.227582985970485652
62.094239999999999213 0.035602191475531626 103.314239378755146959
62.099339999999997985 0.035602191475531626 93.676398476961963979
61.535510000000002151 0.036011616510018829 108.175785110219692342
61.292290000000001271 0.036087996403243831 96.751393206403975000
60.998199999999997090 0.036166310706658003 99.389162144291020695
60.597220000000000084 0.036327737655643733 103.920978737475209641
60.507950000000001012 0.036429959929144197 94.094141783565603987
60.133209999999998274 0.036559104837960821 102.240914268534595521
59.843727174348408937 0.036767845282914290 100.123474008018320092
59.601349999999996498 0.036997864239948004 97.189322104206851805
59.175060000000001992 0.037002042900919310 102.509465090182217750
58.819900400801813589 0.037407373015136039 101.155444629258440159
58.537489999999998247 0.037460715841563325 95.689919699402778974
58.136409999999997922 0.037708420834611907 105.637935350703699555
57.625430000000001485 0.037894794138374183 96.537337875743659765
57.299100000000002808 0.038063422787631168 100.570051943887520451
56.663872525050180684 0.038234747887454734 105.243293086171703976
56.626120000000000232 0.038335697302302650 94.857706913829289874
56.089579999999997995 0.038456216918933979 102.534265250499046829
55.890740000000000975 0.038560683443216642 101.570265651304168841
55.423340000000003158 0.038807174196103210 96.620026392787394798
55.050052164328505455 0.038911690964806393 106.513226753509172795
54.991140000000001464 0.038915869625777699 96.105456492983435624
54.572539999999996496 0.038966013557433378 96.185508136277874769
54.113966533066125919 0.039179125266970011 107.654045871745523755
53.952570000000001471 0.039187482588912623 96.012513206415050604
53.622190000000003351 0.039308663757080510 99.888628877755479607
53.018948256513418471 0.039571919398272822 105.200841102201252397
52.919879999999999143 0.039592812703129351 95.058290440878380423
52.491528296593195080 0.039626241990899813 101.535029098195863639
52.165840000000002874 0.039755780481010312 101.136489318636407120
52.066280420841657417 0.039755780481010312 96.393386332663027360
51.660150000000001569 0.039793388429752073 103.236721883768993280
51.372990000000001487 0.040123502646485287 99.100975470935296130
50.980961422845624043 0.040144395951341817 99.741545150301149647
50.430840000000003442 0.040144395951341817 102.963912765530608340
50.330440000000002954 0.040190361222026190 93.852113887774123668
49.925220000000003040 0.040395115609620211 101.953142064128641664
49.622750000000003467 0.040395115609620211 103.129372825654698431
49.424474809619063365 0.040399294270591517 93.672823266533796982
48.877639999999999532 0.040558083387501165 103.014035831662880582
48.572159999999996671 0.040583155353329008 100.209079779559260714
48.295009999999997774 0.040637988764231026 96.061412064127878807
47.939639999999997144 0.040783731079951716 104.564405430863686775
47.607259819639914156 0.040864624596951303 99.804702104203371960
47.299999999999997158 0.040938341535890058 99.763931402806619531
46.908729999999998483 0.040934162874918752 103.753572965931752492
46.535060000000001423 0.040938341535890058 95.783067014025547792
46.147750000000002046 0.041079553479695982 100.093859659315512545
45.860469999999999402 0.041184882533197145 104.828423166333422500
45.698729999999997631 0.041184882533197145 94.732265511022049509
45.190080000000001803 0.041184882533197145 97.388105751502493490
44.780569999999997322 0.041347850311078099 103.881626012024625538
44.588500000000003354 0.041347850311078099 95.236076132258403959
44.259670240480801340 0.041381279598848554 99.895901442888302313
43.844320000000003290 0.041598569969356486 103.877031683366467973
43.581870000000002108 0.041606927291299105 95.851573847696229791
43.182359118236490758 0.041652892561983478 101.851860781562720604
42.709650000000003445 0.041749001764323522 100.273794829659379957
42.467489999999997963 0.041752585866318956 95.192689979959126845
42.008580000000002030 0.041983006778716692 106.779681001998980605
42.031069999999999709 0.041983006778716692 99.736780120240453584
41.547018557114213877 0.041983006778716692 96.223589018037898768
41.172660000000000480 0.042078998744075585 103.700420240481150813
41.044420000000002346 0.042145974556597646 97.304136853703354859
40.562480180360729776 0.042145974556597646 96.590501142289198810
40.064289999999999736 0.042371622249048196 106.521807755510408811
39.886389999999998679 0.042375800910019502 99.385105551102626009
39.656179999999999097 0.042375800910019502 97.601596753509980431
39.127110000000001833 0.042375800910019502 101.995185430864211185
38.871317995991610417 0.042547126009843075 98.644531422847165913
38.449770000000000891 0.042551304670814374 98.195471242484742902
37.912889999999997315 0.042584733958584829 102.773649819639487646
37.779899999999997817 0.042743523075494477 99.782616833666551770
37.498420000000002972 0.042751880397437096 100.779697535069630021
37.190816513026192069 0.042751880397437096 103.729536132261813464
36.786740000000001771 0.042751880397437096 95.813144288572829055
36.480559999999996990 0.042751880397437096 98.752286513026021453
36.097463086172353997 0.042877240226576289 105.198541402804650602
35.928710000000002367 0.042877240226576289 96.821506452904017692
35.477800000000002001 0.042877240226576289 97.885144068133129736
34.940783647294558989 0.042973349428916334 103.539183567134458031
34.741880000000001871 0.043028777398794245 98.202679879758633774
34.282978396793602371 0.043081994614170310 101.157216833667064293
33.804310000000000969 0.043107066579998146 104.873596853703560328
33.818370000000001596 0.043107066579998146 96.944274949895017812
33.199100000000001387 0.043107066579998146 101.091558917838426623
33.040019999999998390 0.043107066579998146 101.091784849696537663
32.783909999999998774 0.043107066579998146 96.090855390781399592
32.288150000000001683 0.043112141266468305 98.023994769538816740
31.726320000000001187 0.043307642306620861 105.010742865735124951
31.781369999999999010 0.043307642306620861 98.041764348697313380
31.562979999999999592 0.043303463645649548 102.623704989976388902
30.974869999999999237 0.043303463645649548 101.592629679358879002
30.735955991984191371 0.043303463645649548 96.165550340680027830
30.263500000000000512 0.043303463645649548 101.164289679359569618
30.240290280561321623 0.043303463645649548 100.607465010017989471
30.380250000000000199 0.043303463645649548 97.910069378764120529
30.289290000000001157 0.043303463645649548 101.875907154307441260
30.079170000000001295 0.043303463645649548 97.839160000000006789
