30.349450000000000927 0.044928962763487790 169.906078215740450332
30.762370000000000658 0.044928962763487790 176.443019483699828243
31.459872019891939487 0.044924784102516484 174.740506726772224511
31.886019999999998475 0.044844611758587304 172.144143498492240951
32.203850000000002751 0.044690779088123314 171.198657108498679236
32.912349921313165169 0.044690779088123314 169.062678717062425449
33.516739999999998645 0.044694957749094620 166.713896312087371143
33.811680000000002622 0.044699136410065926 170.399617078124492764
34.260460000000001912 0.044699136410065926 172.709981777827238147
34.816560000000002617 0.044699136410065926 174.066017183057624607
35.296860000000002344 0.044699136410065926 174.647895508829805067
35.799460000000003390 0.044694957749094620 174.685514948352221154
36.420189999999998065 0.044690779088123314 173.299290110094631245
36.943229999999999791 0.044431060687098123 168.631897617872112960
37.346110000000003026 0.044373200854304018 167.266237034214782398
38.094169190632840127 0.044394094159160548 168.848718630173266320
38.317010000000003345 0.044619741851611106 176.423213195275934595
38.945439999999997838 0.044615563190639800 177.720618184708115450
39.523117425318233131 0.044508443032302052 174.571621422975709947
40.005890000000000839 0.044327235583619645 168.955436450720043240
40.460970000000003211 0.044327235583619645 169.852149089414666605
40.987819999999999254 0.044327235583619645 170.689711518331648676
41.518540000000001555 0.044331414244590951 172.202348953663431530
42.134694525205645732 0.044331414244590951 173.691626785268539379
42.905400000000000205 0.044327235583619645 175.512169722802639171
43.700899999999997192 0.044225167737675694 173.648355273872056159
44.675100000000000477 0.044084873247283871 170.859424077012562293
45.600509999999999877 0.044059801281456028 171.666147795981856916
46.484709999999999752 0.044048924811685368 173.070620683424039044
47.409282625701209213 0.043959513418144670 171.212490552174699587
48.229979999999997631 0.043951156096202058 172.588321517253262982
49.076223601216476311 0.043924025156520038 173.161489974742693221
49.837980000000001723 0.043813260284148940 170.590533464818065568
50.555309999999998638 0.043796545640263723 171.691613780211753237
51.320450000000001012 0.043796545640263723 172.960124204484088750
51.969810000000002503 0.043760291554453455 173.106962444300421566
52.669670000000003540 0.043587612591698396 168.644132078222611426
53.368549999999999045 0.043575076608784472 169.416017867102823402
54.017699999999997829 0.043575076608784472 171.103866597222491919
54.775680000000001257 0.043575076608784472 172.774007833863379346
55.480539999999997747 0.043575076608784472 174.286319439606103288
56.238710475440520042 0.043575076608784472 175.613741890482287999
56.961329999999996687 0.043436085717018048 172.944934837259978622
57.703097249443899841 0.043186461138452967 166.596635498690119448
58.467449999999999477 0.043186461138452967 168.606308854552253251
59.178229999999999222 0.043186461138452967 170.460397784751251038
59.985217846076359649 0.043186461138452967 171.846549213360503927
60.668869999999998299 0.043186461138452967 173.467626759887593835
61.369360000000000355 0.043186461138452967 175.206094580887508982
62.103630000000002553 0.043186461138452967 176.885364472042198258
62.802880000000001814 0.042947753534918129 171.035464987958221172
63.491268630288836050 0.042914848175318043 172.200423756546967979
64.194180000000002906 0.042827589478972861 171.232153515733671156
64.859999999999999432 0.042735165753551858 170.854670257073593120
65.621930000000006089 0.042735165753551858 172.906417267344806987
66.254909999999995307 0.042726808431609246 174.627858970332994204
66.887039999999998940 0.042526232704986532 170.738075148478770870
67.636080000000006862 0.042522054044015226 173.121680037405184294
68.319270000000003051 0.042300585012535988 169.414410957187641316
69.054890000000000327 0.042187761166310705 169.146439054703563443
69.747399999999998954 0.042187761166310705 171.829246600102663933
70.492869999999996367 0.042187761166310705 174.578290354158781383
71.186769999999995662 0.042002354958052240 171.917578625314689589
71.911341529072089429 0.041836753644720955 171.126356787961071859
72.589749999999995111 0.041810520729796539 173.683000208235171158
73.280043323137917355 0.041585409208869314 170.622043875971115767
73.970460000000002765 0.041519175410901658 172.886544045142642290
74.658519999999995775 0.041347850311078092 171.728350258434858233
75.326710000000005607 0.041126381279598848 169.977678901647720977
75.967110000000005243 0.041098121732777992 173.959050579984591423
76.714740000000006148 0.040791852328107128 170.541559858286518647
77.382310000000003924 0.040694497828229759 173.150578237634476864
78.057370000000005916 0.040505212048826338 173.308104838820668192
78.773539999999997008 0.040253266392388444 171.407370926690532542
79.459209999999998786 0.040089052161364207 172.898880783665248373
80.167879999999996699 0.039766049230878980 170.861594319255942764
80.890209999999996171 0.039611583636314278 172.532515589974707382
81.563770000000005211 0.039371343671650107 171.694543125148243234
82.281850000000005707 0.039148067581099483 171.460714968898457755
82.914259999999998740 0.038909803511315948 172.323769914594464581
83.550334620403688746 0.038619184696814926 171.255277848109670913
84.256590000000002760 0.038478595114566874 173.500349593776377333
84.946709999999995944 0.038123529818943749 172.474378737110242810
85.696741232181892656 0.037825598472737844 172.452142716592504712
86.361500000000006594 0.037443207541630587 171.142775139065292933
87.000739999999993302 0.037089794781316743 170.557985404641584637
87.665819999999996526 0.036915110600942942 173.071060327358679842
88.328209999999998558 0.036495998386241520 172.658167887378255045
89.090109999999995694 0.036139586205520963 171.471376876632973563
89.749219999999994002 0.035695401817271322 173.041924228424988996
90.443520000000006576 0.035125891729382519 170.681510686080514461
91.178790000000006444 0.034719301649250606 171.883333254703046578
91.786090000000001510 0.034262581324063103 172.088561922702353968
92.480826822666259091 0.033734826261302246 172.231073373414574235
93.176069999999995730 0.033136049315099302 171.321676094657021849
93.840548178827816628 0.032550012365347540 171.014773895412588445
94.546189999999995734 0.031868385922382267 171.977102298094848720
95.228980000000007067 0.031092872260716751 171.678397656524566628
95.902875736890905500 0.030259968612170719 172.758552732780970018
96.674509999999997945 0.028965226107424587 171.346291809094111613
97.346149999999994407 0.027772133457648396 172.899530723985776604
98.051329999999992992 0.026023536024033081 172.153683510555083558
98.661990000000002965 0.023241126544392969 173.108297921758577331
99.355234674719952181 0.019402890586236642 171.545298105679847822
99.980180000000004270 0.016001277050865594 171.613180294238219403
100.628730000000004452 0.013342171771440954 171.867849373198225749
101.313910000000007017 0.011468718095498202 171.586846640428291266
102.004800000000003024 0.010245664078940833 173.144484687407697265
102.678295574864236528 0.009156884383597663 171.391578407345775759
103.389790000000004966 0.008549540347293157 172.376977421305838334
104.106120000000004211 0.007801882680242615 169.787668562363393221
104.822199999999995157 0.007448736921642752 171.766759726198017688
105.572590000000005261 0.006821482613646430 170.287824634904694676
106.248549999999994498 0.006514532454266879 172.590994107876923636
106.986469999999997071 0.006188151541061264 172.417094249836878816
107.629760000000004538 0.005906936982911851 172.560029313301896536
108.316689245868289504 0.005589355708159029 172.599757638393612069
108.958569999999994593 0.005164858953738072 169.613655762184436071
109.510270000000005552 0.004900339862800843 171.443626768526968362
110.221069999999997435 0.004742780202432914 173.957821933572859052
110.902799999999999159 0.004417798987821937 170.349463439924761587
111.644204061485652346 0.004232214281365695 172.291865534695716633
112.257949999999993906 0.003936298634970753 170.505213587385412666
112.937870000000003756 0.003757553557753903 170.956437451530291582
113.622190886598801285 0.003572755130467082 171.000292135880755495
114.272459999999995262 0.003500162749666301 174.910194269746511964
114.908240000000006376 0.003163246355279044 170.423254657855181904
115.705965818348744278 0.003113102423623368 173.344833759067199708
116.403800000000003934 0.002869645116972921 171.505368674091243975
117.077100000000001501 0.002745380258148392 172.648154996767033253
117.782169999999993593 0.002599738424575446 172.265399972578876486
118.508669999999995071 0.002439068414561416 170.944899523846885359
119.185089591364487660 0.002352586126845579 173.650001026780756774
119.898539999999997008 0.002190689869337333 171.023884773833430017
120.511039999999994166 0.002131117095366332 173.503593450373188034
121.200069999999996639 0.001955613334571457 171.805883176421133385
121.858220000000002869 0.001926362707772310 174.712646332211448907
122.533259999999998513 0.001755037607948745 171.882627264538200507
123.217960000000005039 0.001712310551683150 172.470699615008811634
123.843800000000001660 0.001568989824512467 172.145915769815275098
124.538929999999993470 0.001516853932584273 173.084153572176518310
125.192049999999994725 0.001362243476645933 171.630371291657070287
125.876630000000005793 0.001335445030069183 173.150355938083691854
126.551810000000003242 0.001124059801281461 168.922604270902752432
127.123689437235967148 0.001124059801281461 172.288321104977825371
127.867549999999994270 0.001124059801281461 175.293383923257067636
128.533310000000000173 0.000908443700025770 169.518833878897225986
129.285755021631786121 0.000848268177175227 170.697407163210783665
130.069150000000007594 0.000848268177175227 173.960685069784062762
130.757859999999993761 0.000756337635806484 172.376133695218783259
131.481088626902078431 0.000665307343780748 171.397926101501127505
132.132190000000008467 0.000647692450552516 172.695685262532180104
132.822371959624319970 0.000621040968315038 174.431521841198900802
133.587490000000002510 0.000392794131302818 168.436802957031943606
134.307950000000005275 0.000392794131302818 169.743141368032269156
134.941530000000000200 0.000392794131302818 172.329235438616279907
135.596599999999995134 0.000392794131302818 174.499999405514444106
136.242610000000013315 0.000346828860618446 174.555656988754719805
136.889980000000008431 0.000200575726622717 170.337504239385367555
137.447329999999993788 0.000200575726622717 172.286906829462822088
138.154940000000010514 0.000192218404680101 173.386185041951819130
138.688739999999995689 0.000000000000000000 167.585085843478452716
139.361184691769182109 0.000000000000000000 168.534996421630410168
139.955900000000013961 0.000000000000000000 169.973852603228237967
140.389019999999987931 0.000000000000000000 170.163277179670956230
140.564960000000013451 0.000000000000000000 169.781026224343975173
140.531749999999988177 0.000000000000000000 170.115400799320468650
140.460820000000012442 0.000004178660971311 169.256060995227159083
140.285310000000009722 0.000008357321942616 169.277421852717935735
140.100940000000008467 0.000195745211639366 177.921331915830819526
139.864204049761951865 0.000213111709536637 177.982380544830874669
139.644229999999993197 0.000213111709536637 177.888378209900253069
139.417720000000002756 0.000196397065651412 175.997306040724737386
139.179789999999997008 0.000018364077191271 167.865424386613426577
138.986480000000000246 0.000020893304856536 166.928024346861803906
138.730289999999996553 0.000020893304856536 166.586558328777869065
138.455489999999997508 0.000033429287770457 166.079436757760760202
138.188490000000001601 0.000250719658278393 175.613634237414402151
137.808519999999987249 0.000250719658278393 175.155076701795223926
137.535449999999997317 0.000250719658278393 173.981139295404005907
137.179806069038818350 0.000250719658278393 173.233844901576560460
136.861430000000012797 0.000250719658278393 172.378949760830153082
136.588879406505441239 0.000250719658278393 171.658899387768428824
136.227069999999997663 0.000250719658278393 170.772521535724251862
135.965650000000010778 0.000250719658278393 170.250016033808861948
135.618619999999992842 0.000250719658278393 168.930731133992253490
135.268799999999998818 0.000254898319249704 168.402852619767600117
134.929762377225188175 0.000476367350728945 177.727384280942004580
134.604340000000007649 0.000480546011700256 177.051836426927053481
134.284040000000004511 0.000476367350728945 176.647244884129520415
134.045040000000000191 0.000451295384901110 174.829720123127884790
133.745479999999986376 0.000288327607020155 165.873546779229826598
133.453835255416407790 0.000292506267991459 165.703361751940178692
133.078409999999990987 0.000305042250905380 165.763517085334200374
132.723770000000001801 0.000484032682519618 173.148941200458722278
132.387726023184200130 0.000501439316556786 172.747431630066444086
132.042139999999989186 0.000501439316556786 172.100302051235672707
131.713519999999988386 0.000501439316556786 170.592838880038243587
131.280939999999986867 0.000601821060815692 175.110681645509089321
130.929489999999987049 0.000626799145695980 174.919168630787964958
130.608135613146259857 0.000626799145695980 173.901809133891902093
130.279429999999990741 0.000626799145695980 172.938811671664552705
129.889913160282986837 0.000626799145695980 172.072851736192035332
129.567919999999986658 0.000626799145695980 171.309099199251619439
129.283659999999997581 0.000626799145695980 170.454443843771485945
128.957699999999988449 0.000626799145695980 169.847982508198981577
128.712099999999992406 0.000626799145695980 168.932842381772502449
128.437819999999987886 0.000661833793732135 169.404522385747981161
127.991960000000005948 0.000835732194261306 176.382460111652818568
127.602239999999994780 0.000835732194261306 174.760647774640546004
127.253789999999995075 0.000835732194261306 174.305622831965933983
126.900099999999994793 0.000835732194261306 173.870334599730824721
126.609662275429798228 0.000831553533290002 172.459536981959416835
126.208399999999997476 0.000831553533290002 171.031574975324133447
125.850589999999996849 0.000831553533290002 170.238832479784520046
125.455380000000005225 0.000831553533290002 169.295135149291638754
125.125780000000005998 0.000835732194261306 168.331134574323272091
124.784590252286932355 0.000835732194261306 167.291623665569062496
124.428989999999998872 0.001061185146285583 176.670423554554417933
124.149870000000007053 0.001061379886711858 175.623641480246959645
123.794660071821951419 0.001061379886711858 174.525661367273784208
123.486540000000005080 0.001057201225740553 173.177656962529511020
123.134911234252840018 0.001057201225740553 172.469479770917104133
122.803309999999996194 0.001057201225740553 171.317661421903039809
122.485079999999996403 0.001057201225740553 171.169454972877474574
122.122730000000004225 0.001057201225740553 170.164013619942721789
121.805549999999996658 0.001061379886711858 169.060828753575151495
121.453228121526251471 0.001061379886711858 167.929366576109629250
121.065510000000003288 0.001203454359736283 173.113778266481716628
120.784098261718341405 0.001203454359736283 171.826840648596629535
120.433520000000001460 0.001207633020707588 170.576978876550640507
120.057839999999998781 0.001252805027107504 171.743526410385157988
119.611220000000002983 0.001424923391215530 177.596442918452197546
119.278949999999994702 0.001420744730244219 176.520395449155671486
118.875417768288357934 0.001420744730244219 175.480899398356285701
118.532449999999997203 0.001412387408301610 174.392619191482509677
118.174359999999992965 0.001306698283173301 168.732924792332312336
117.884370000000004097 0.001261955613334575 166.130599614203674719
117.549940000000006535 0.001270312935277185 165.244818029087554123
117.232259999999996580 0.001533568576469499 175.580362130580454050
116.912869999999998072 0.001537747237440803 174.446687419785945394
116.613119999999995002 0.001533568576469499 173.238857594002269025
116.239975519090990019 0.001533568576469499 172.128250168113936525
115.898669999999995639 0.001533568576469499 171.036835384032940510
115.595020000000005211 0.001537747237440803 170.106918607584731262
115.250050000000001660 0.001537747237440803 169.076017206148208061
114.910979999999995016 0.001625499117838241 171.445545803479006963
114.648319999999998231 0.001671464388522613 172.351791032611004084
114.294060000000001764 0.001725786981149599 173.226603076780435231
113.915620000000004097 0.001759216268920050 173.472950556805841416
113.617325558879969094 0.001759216268920050 172.725043813699954853
113.280370000000004893 0.001759216268920050 171.211394794107548023
113.006624417001887650 0.001759216268920050 170.971103622465193439
112.705979999999996721 0.001767573590862666 170.470030974336225427
112.440060000000002560 0.001834432166403568 171.454481827126215876
112.152353341776418461 0.001867861454174019 172.464857174793962713
111.898949999999999250 0.001901290741944475 172.706014881455956811
111.610399999999998499 0.001905469402915780 171.396509463986802757
111.364649999999997476 0.001963970656514072 173.197682826518871479
111.114270000000004757 0.001968149317485377 172.064377712357611472
110.863707200178495782 0.001968149317485377 171.350664495964736034
110.615690000000000737 0.001976506639427993 170.860118831215430646
110.355410667288552418 0.002030829232054974 171.759902535936959111
110.077770000000001005 0.002039186553997589 171.475446433366045085
109.847960000000000491 0.002152802883398605 175.091990091600195001
109.578044217190310405 0.002172903705079398 174.784597912940881770
109.320530000000005089 0.002172903705079398 174.042215975004950224
109.071939999999997895 0.002172903705079398 172.961426349874102470
108.797809999999998354 0.002168725044108088 171.676665201093072710
108.578450000000003683 0.002172903705079398 170.647361354344297979
108.355549999999993815 0.002172903705079398 170.214332876498389169
108.134330000000005612 0.002172903705079398 169.796040366678397504
107.818290568216013980 0.002172903705079398 168.980546823713581261
107.620059999999995171 0.002306620856161208 173.296874391298104001
107.427520000000001232 0.002327514161017738 172.645809056473382270
107.116140000000001464 0.002327514161017738 171.335544754875115814
106.872579999999999245 0.002331692821989043 170.782347668472169744
106.573300000000003251 0.002398551397529950 172.455148413503593474
106.316689999999994143 0.002402730058501256 171.184314979442916638
106.090230000000005361 0.002436159346271706 172.168644982172622804
105.837680000000005975 0.002529520768484349 174.127097568550084361
105.599599999999995248 0.002565697836382211 173.398369879569173690
105.302760000000006357 0.002565697836382211 172.598910357374393243
105.001050000000006435 0.002565697836382211 171.420684712790745152
104.704059999999998354 0.002565697836382211 170.004115450502382600
104.430289999999999395 0.002565697836382211 169.379987346719218522
104.104399999999998272 0.002707772309406630 173.085223181450686525
103.788865425707413692 0.002737022936205776 172.495608732551403364
103.490300000000004843 0.002737022936205776 171.341662938786782888
103.206410000000005311 0.002791345528832763 172.035306239419895746
102.846265298861894166 0.002828953477574524 171.703548362529687665
102.482609999999993988 0.003002801244677983 175.369985831259214137
102.124782265073591248 0.003016993221283315 174.277176027956585358
101.703869999999994889 0.003016993221283315 172.403926102722437008
101.320080000000004361 0.003016993221283315 170.446084051278916149
100.861429999999998586 0.003062088359997008 168.230923434326626875
100.325400000000001910 0.003238819869522973 172.715625152534983044
99.827573625232361110 0.003397251369672212 172.022403869310693381
99.196640000000002146 0.003405608691614822 172.139115281892713938
98.693370000000001596 0.003547683164639247 173.411201368782002419
98.053120000000006939 0.003606184418237538 170.439259761889871925
97.503429999999994493 0.003681400315721056 171.952778480188186450
96.918670741115022338 0.003830138665411237 170.420052316597377740
96.330349999999995703 0.004178660971306532 179.396224705255292520
95.883919628283564407 0.004174482310335226 173.251211843587100248
95.373959999999996739 0.004174482310335226 172.663486443925592084
94.912539552132670906 0.004174482310335226 170.805691928325160234
94.386709999999993670 0.004174482310335226 165.691303379333135126
93.840990000000005011 0.004178660971306532 167.194381270313897403
93.343119198959200844 0.004775732689444134 173.928142348125703620
92.797939999999996985 0.004822174760887737 174.196563914334348055
92.283923914822878487 0.004822174760887737 169.595776143095690713
91.917180000000001883 0.004983745298109612 170.576838706969653003
91.422146893707434856 0.005118859689850500 177.036168440155165626
91.005809999999996762 0.005164824960534872 168.804330934409819065
90.670640000000005898 0.005219147553161853 168.766054801531851126
90.208780000000004407 0.005474133183594999 177.939003602588854847
89.849080000000000723 0.005603584362522056 167.552020534504634952
89.443049999999999500 0.005695514903890799 172.276673133075036048
89.002459999999999241 0.005908251916455999 176.252009663258405681
88.702269999999998618 0.006030660916964406 167.476164555122295496
88.352789999999998827 0.006257554854837955 173.904130154877748282
87.937089999999997758 0.006368279320271149 177.570459852889229069
87.601606227337967425 0.006397529947070295 165.756902755429877061
87.287549999999995975 0.006627356300492158 174.340039394796690431
87.077320000000000277 0.006740180146717431 176.213876796933021751
86.741420000000005075 0.006844579458421367 165.620380007761553998
86.348960000000005266 0.007158046243848084 173.318980653572992878
85.979552015900139850 0.007237440802302907 175.067194809003183309
85.751570000000000960 0.007482399639952227 167.209292223343396699
85.388763261709812014 0.007538304392236976 170.651324762667627510
85.137829999999993902 0.007816050229724243 177.799799640527254496
84.963099999999997181 0.008038756148267307 165.662654484970317981
84.548789999999996780 0.008190434004753258 172.575796467586513927
84.170360000000002287 0.008495217754666171 176.293271789129192939
83.963650000000001228 0.008843329807255291 166.993135544116199753
83.682559999999995171 0.009030086358993408 173.555225328546214314
83.403819999999996071 0.009172160832017833 174.032088683456208855
83.188612141339561390 0.009281531705317555 164.243508548762889632
82.905640000000005330 0.009669421487603308 173.114461001090319314
82.683359999999993306 0.010231062759009148 175.622388042084907056
82.460412084967231294 0.010778019719597805 162.739838440763833205
82.050420000000002574 0.011629213483146069 175.381719418070190386
81.734139041810394133 0.012498897278988787 173.595584909263465079
81.452169999999995298 0.013466219011324977 164.929998419123336362
81.165099999999995362 0.014552693942333286 176.957505461780300493
80.830956659096486305 0.016035919695035195 170.604503301949506522
80.604389999999995098 0.017009820844943971 168.941804793541564322
80.208150000000003388 0.018810383169689530 181.211084515463511480
79.881940000000000168 0.020330195378473404 165.464763588798433602
79.399921645078364918 0.022809711921000432 174.714433183016410567
78.858130000000002724 0.026504466343694990 178.038338568809905382
78.427279999999996107 0.029219520930164181 167.668631980400704151
77.964040474877208453 0.030324542668771475 173.908220807850227629
77.556049999999999045 0.030945416329169473 176.039545388490722644
77.182464330551482590 0.031420057015246035 162.917612933134762443
76.651889999999994529 0.031996007057294079 176.496362316070474208
76.368639999999999191 0.032205695850207827 174.460878971168568796
76.235370000000003188 0.032411676235961341 165.371883842033980727
75.973629999999999995 0.032781595319899715 175.736080067829448126
75.588788982072372846 0.033346896832524134 176.836361050623480651
75.383949999999998681 0.033531097202297626 166.025261488977264435
74.954560000000000741 0.033780295292041976 175.125764689236632421
74.598699999999993793 0.034360467513794048 175.032646685868968461
74.161730000000005703 0.034850099417965706 169.648007327485998985
73.572938992590053431 0.035376543783081069 178.313090459620724459
73.021649999999993952 0.035877983099637849 170.890701382808288145
72.597369999999997958 0.035961556319063982 165.497312267269307995
71.884249999999994429 0.036383601077165942 180.578174636106069784
71.638700000000000045 0.036602707037870670 167.368259380276555248
71.287580000000005498 0.036855789766923573 173.046053649910504646
70.910030000000006112 0.037029889308528269 176.733526551373358870
70.819239999999993529 0.037166083887213500 165.828948965699225937
70.457779999999999632 0.037403194354164733 175.071487400855346550
69.902569999999997208 0.037684091640182910 174.364731573190056224
69.563999999999992951 0.037967313585291117 168.386575239920176728
69.207809999999994943 0.037979849568205035 178.746093760360651004
69.152680000000003702 0.037997030993080980 164.760757350031212809
68.829610000000002401 0.038297427802024331 175.371011790206466685
68.462320000000005393 0.038389358343393069 175.956040782128638966
68.355820509503274707 0.038401900887347823 161.392225902410785920
67.820099999999996498 0.038769616491781962 180.346340235176313627
67.557929999999998927 0.038803045779552417 167.499799540366552719
67.300789860240300300 0.038969284991227718 171.973167522831005272
66.950770000000005666 0.039112266691429101 177.536740199063387990
66.864390000000000214 0.039116445352400407 161.954819122580602198
66.236019999999996344 0.039279413130281361 177.105355346972487496
65.998450000000005389 0.039434023586219703 171.460617837729301982
65.671989999999993870 0.039542668771473673 168.318459390457917380
65.324590000000000600 0.039596991364100657 176.000884013267722139
65.233549999999993929 0.039721907303109601 166.870152265765824495
64.868870000000001141 0.039897854954034730 174.379848386385134518
64.402889999999999304 0.039960534868604326 172.593478990325280620
64.142318339133780114 0.040002321478317393 167.377620647184841118
63.891590000000000771 0.040198718543968802 179.442308214010353140
63.644173216890891354 0.040232147831739250 167.090846286863694559
63.397930000000002337 0.040253041136595780 170.687271959276671396
63.028016404667297934 0.040399294270591510 175.092369970579028404
62.872340000000001226 0.040597115513756298 166.500400189329667455
62.336500000000000909 0.040669378748428006 176.770467340265923895
62.057675139790994479 0.040721051165382112 170.972253409679069591
61.909660000000002356 0.040797231066405107 167.787670933161365383
61.461159999999999570 0.040975949484631811 179.019671369962509289
61.044609999999998706 0.041067880026000557 169.772665872125656961
60.794350000000001444 0.041097130652799699 171.663128633755263763
60.496406410365281658 0.041143095923484072 175.351137563015726073
60.258910000000000196 0.041208751998792176 166.809868403040439944
59.899189999999997269 0.041347850311078092 172.686591586205679505
59.508573383232509002 0.041452316835360756 174.598002633855514887
59.130459999999999354 0.041553457919278051 166.649284533534682851
58.734250000000002956 0.041627820596155635 174.558149716852057054
58.333919999999999106 0.041790788374036582 174.911353705898420685
58.040790000000001214 0.041832574983749649 166.644495565501159717
57.624144981117680686 0.041932862847061006 175.097946006825850418
57.181750000000000966 0.042008428050347997 169.098708391178661259
56.762920000000001153 0.042155927379429067 171.368243588123817744
56.472769999999997026 0.042179403844368094 178.628314083214775110
56.369160000000000821 0.042179403844368094 168.791871643080781951
56.050701479740361322 0.042179403844368094 167.803140595740472918
55.482410000000001560 0.042375800910019495 175.891451364782369637
55.189920000000000755 0.042392515553904726 166.635472354333472822
54.943779999999996733 0.042405051536818651 172.322276977362093930
54.584130000000001814 0.042793667007150149 178.807488116163938230
54.280694199960308310 0.042793667007150149 172.534633982913192085
53.812559999999997729 0.042793667007150149 179.693403561176467065
53.607520000000000948 0.042793667007150149 170.579540985210513782
53.273710000000001230 0.042793667007150149 170.316067340665910024
52.727370000000000516 0.042793667007150149 173.000596148214128789
52.537773231144548447 0.042793667007150149 164.716320700994430126
52.088279999999997472 0.042839632277834522 170.427651475129437131
51.803179999999997563 0.043165567833596430 177.042271228437641639
51.660640000000000782 0.043165567833596430 170.407697152466340640
51.168370000000003017 0.043163800910664983 176.723721790061091497
50.919448690107316224 0.043165567833596430 171.138007017652824970
50.819949999999998624 0.043165567833596430 168.639054754793960456
50.282789999999998543 0.043165567833596430 173.857520694669972272
49.815959999999996910 0.043165567833596430 165.001798944221008014
49.461629999999999541 0.043537468660042711 177.428839459701151782
49.185519999999996799 0.043537468660042711 178.932082201313562564
48.997030000000002303 0.043537468660042711 169.088086850548393159
48.575394966772691419 0.043537468660042711 174.634469349202191779
48.260959999999997194 0.043537468660042711 172.544235702536212784
48.104193681056443666 0.043537468660042711 166.622882321352250301
47.527920000000001721 0.043537468660042711 171.678786104003847868
47.066890000000000782 0.043537468660042711 167.531704579195775295
46.984830000000002315 0.043605499498314194 166.649924614511519394
46.515459999999997365 0.043938620113288140 181.751039287494677410
46.345759999999998513 0.043938620113288140 174.108462552654771116
45.924469999999999459 0.043938620113288140 172.716217926761657964
45.455840000000002021 0.043934441452316834 177.675899719690704615
45.247540000000000759 0.043934441452316834 170.032260454965467034
44.945439999999997838 0.043934441452316834 169.877255574061337029
44.523870000000002278 0.043934441452316834 174.567633425003322145
44.320340000000001623 0.043934441452316834 166.846150070918412212
43.994129999999998404 0.043934441452316834 166.645846533299902603
43.361077301866380651 0.043938620113288140 171.042798010433187983
43.303060000000002105 0.044180982449623915 170.973141409647325872
42.860999999999997101 0.044180982449623915 172.723805110222656367
42.576889999999998793 0.044180982449623915 174.467965253879270904
42.249369999999998981 0.044180982449623915 167.202968010065518456
41.697091810940570156 0.044268734330021355 173.355655910385252128
41.393419999999998993 0.044331414244590951 175.451660873716690503
41.304229999999996892 0.044331414244590951 168.653168565012862246
40.917980000000000018 0.044331414244590951 172.995972916532792851
40.336939999999998463 0.044331414244590951 171.278734197364457259
40.012250000000001648 0.044373200854304018 166.456079971606754953
39.633530000000000371 0.044711672392979851 182.548434630025610659
39.451659655410495020 0.044707493732008538 179.296503718910628322
39.128039999999998599 0.044443391848741548 164.874689121977667128
38.454670000000000130 0.044364843532361406 169.967852358180692818
38.319049999999997169 0.044405347011173477 166.930039180686520695
38.241160000000000707 0.044640635156467635 170.911045722525955171
37.581017249978430073 0.044661528461324165 176.995285766612852285
37.316650000000002763 0.044661528461324165 173.177485418038685339
37.329749999999997101 0.044657349800352866 171.838211131795276287
36.843931545494349677 0.044657349800352866 176.021597848876865555
36.426279999999998438 0.044657349800352866 170.753598402831613612
36.250230000000001951 0.044657349800352866 169.229930179317648253
35.767679999999998586 0.044657349800352866 174.146708428678408609
35.462420000000001608 0.044661528461324165 167.672667570078061772
35.043480000000002406 0.044661528461324165 168.614921407682032850
34.816478270541082907 0.044757637663664224 175.320701766367648133
34.576140000000002317 0.044795245612405978 170.088510472525683781
33.968080000000000496 0.044862104187946887 171.958345628701380292
33.303497901627352462 0.044924784102516484 178.280468828783654089
33.304870000000001085 0.044924784102516484 172.910115656719369781
33.307728307227947084 0.044920605441545178 172.139345792728136075
32.644590000000000884 0.044920605441545178 175.986522741947482018
32.326889999999998793 0.044920605441545178 170.332568590046264490
31.967196811116778576 0.044920605441545178 168.744475289376708815
31.400230000000000530 0.044920605441545178 175.751712950446517425
31.384789999999998855 0.044920605441545178 169.633330765208626190
30.913239999999998275 0.044920605441545178 168.354547542644922942
30.651820000000000732 0.044920605441545178 174.859030699124559760
30.612866935733705986 0.044920605441545178 169.237892458194522760
30.644330000000000069 0.044924784102516484 169.357677269295095357
30.467990000000000350 0.044928962763487790 174.366471943111491782
30.429362701915245282 0.044986217856899907 169.496523170829703986
30.089390000000001635 0.044999999999999998 173.539919999999995071
